0.0 99.0 Car -1.0 -1.0 -1.0 -1.0 -1.0 -1.0 -1.0 1.73 1.562 4.084 411.3039349319818 0.0 1180.8903791765097 -1.9236730945067646 1.0
0.0 1.0 Car -1.0 -1.0 -1.0 -1.0 -1.0 -1.0 -1.0 1.708 1.631 4.01 393.357 0.741 1149.173 -1.9903211190968924 0.0
0.0 0.0 Truck -1.0 -1.0 -1.0 -1.0 -1.0 -1.0 -1.0 1.787 2.059 4.535 388.978 0.98 1139.303 -2.00688429368603 0.0
0.0 2.0 Car -1.0 -1.0 -1.0 -1.0 -1.0 -1.0 -1.0 1.907 1.957 4.727 399.863 0.738 1143.574 -1.9117813027571473 0.0
1.0 99.0 Car -1.0 -1.0 -1.0 -1.0 -1.0 -1.0 -1.0 1.73 1.562 4.084 409.7431520488096 0.0 1176.6769733781416 -1.9178564951953208 1.0
1.0 1.0 Car -1.0 -1.0 -1.0 -1.0 -1.0 -1.0 -1.0 1.708 1.631 4.01 392.945 0.766 1148.426 -1.9903211190968924 1.0
1.0 0.0 Truck -1.0 -1.0 -1.0 -1.0 -1.0 -1.0 -1.0 1.787 2.059 4.535 388.28 0.98 1137.846 -2.00688429368603 1.0
1.0 2.0 Car -1.0 -1.0 -1.0 -1.0 -1.0 -1.0 -1.0 1.907 1.957 4.727 398.996 0.738 1141.132 -1.9117813027571473 1.0
2.0 99.0 Car -1.0 -1.0 -1.0 -1.0 -1.0 -1.0 -1.0 1.73 1.562 4.084 408.101879146712 0.0 1172.1515777892457 -1.9116215734273323 1.0
2.0 1.0 Car -1.0 -1.0 -1.0 -1.0 -1.0 -1.0 -1.0 1.708 1.631 4.01 392.836 0.791 1148.208 -1.9903211190968924 1.0
2.0 0.0 Truck -1.0 -1.0 -1.0 -1.0 -1.0 -1.0 -1.0 1.787 2.059 4.535 387.375 0.98 1135.941 -2.00688429368603 1.0
2.0 2.0 Car -1.0 -1.0 -1.0 -1.0 -1.0 -1.0 -1.0 1.907 1.957 4.727 398.116 0.738 1138.632 -1.8594214251973187 1.0
3.0 99.0 Car -1.0 -1.0 -1.0 -1.0 -1.0 -1.0 -1.0 1.73 1.562 4.084 406.7260055966978 0.0 1168.2112865775816 -1.9000169610473379 1.0
3.0 1.0 Car -1.0 -1.0 -1.0 -1.0 -1.0 -1.0 -1.0 1.708 1.631 4.01 392.641 0.816 1147.242 -1.9903211190968924 1.0
3.0 0.0 Truck -1.0 -1.0 -1.0 -1.0 -1.0 -1.0 -1.0 1.787 2.059 4.535 386.594 1.03 1133.87 -1.9894310011660858 1.0
3.0 2.0 Car -1.0 -1.0 -1.0 -1.0 -1.0 -1.0 -1.0 1.907 1.957 4.727 397.624 0.738 1136.322 -1.8070615476374885 1.0
4.0 99.0 Car -1.0 -1.0 -1.0 -1.0 -1.0 -1.0 -1.0 1.73 1.562 4.084 405.40940618082874 0.0 1164.3542269452469 -1.895316315667197 1.0
4.0 1.0 Car -1.0 -1.0 -1.0 -1.0 -1.0 -1.0 -1.0 1.708 1.631 4.01 392.081 0.841 1145.988 -1.9903211190968924 1.0
4.0 0.0 Truck -1.0 -1.0 -1.0 -1.0 -1.0 -1.0 -1.0 1.787 2.059 4.535 385.584 1.08 1131.884 -2.0417908787259162 1.0
4.0 2.0 Car -1.0 -1.0 -1.0 -1.0 -1.0 -1.0 -1.0 1.907 1.957 4.727 397.133 0.738 1134.052 -1.7721549625976023 1.0
5.0 99.0 Car -1.0 -1.0 -1.0 -1.0 -1.0 -1.0 -1.0 1.73 1.562 4.084 404.27766613575534 0.0 1161.0501064609266 -1.8889152882635682 1.0
5.0 1.0 Car -1.0 -1.0 -1.0 -1.0 -1.0 -1.0 -1.0 1.708 1.631 4.01 391.347 0.841 1144.208 -1.9903211190968924 1.0
5.0 0.0 Truck -1.0 -1.0 -1.0 -1.0 -1.0 -1.0 -1.0 1.787 2.059 4.535 384.498 1.13 1129.99 -2.0766974637658024 1.0
5.0 2.0 Car -1.0 -1.0 -1.0 -1.0 -1.0 -1.0 -1.0 1.907 1.957 4.727 396.794 0.738 1132.149 -1.737248377557716 1.0
6.0 99.0 Car -1.0 -1.0 -1.0 -1.0 -1.0 -1.0 -1.0 1.73 1.562 4.084 403.1147868052399 0.0 1157.5179992427084 -1.881305002066729 1.0
6.0 1.0 Car -1.0 -1.0 -1.0 -1.0 -1.0 -1.0 -1.0 1.708 1.631 4.01 390.512 0.891 1142.201 -1.9903211190968924 1.0
6.0 0.0 Truck -1.0 -1.0 -1.0 -1.0 -1.0 -1.0 -1.0 1.787 2.059 4.535 383.12 1.18 1127.84 -2.146510633845575 1.0
6.0 2.0 Car -1.0 -1.0 -1.0 -1.0 -1.0 -1.0 -1.0 1.907 1.957 4.727 396.625 0.763 1130.226 -1.667435207477944 1.0
7.0 99.0 Car -1.0 -1.0 -1.0 -1.0 -1.0 -1.0 -1.0 1.73 1.562 4.084 401.882035855894 0.0 1153.723115401486 -1.8767006266787871 1.0
7.0 1.0 Car -1.0 -1.0 -1.0 -1.0 -1.0 -1.0 -1.0 1.708 1.631 4.01 389.29 0.941 1139.46 -1.9903211190968924 1.0
7.0 0.0 Truck -1.0 -1.0 -1.0 -1.0 -1.0 -1.0 -1.0 1.787 2.059 4.535 381.247 1.196 1125.461 -2.2570481531385465 1.0
7.0 2.0 Car -1.0 -1.0 -1.0 -1.0 -1.0 -1.0 -1.0 1.907 1.957 4.727 396.575 0.788 1128.037 -1.5976220373981713 1.0
8.0 99.0 Car -1.0 -1.0 -1.0 -1.0 -1.0 -1.0 -1.0 1.73 1.562 4.084 400.84139513617623 0.0 1150.4041654308548 -1.866940469103275 1.0
8.0 1.0 Car -1.0 -1.0 -1.0 -1.0 -1.0 -1.0 -1.0 1.708 1.631 4.01 388.168 0.991 1136.675 -1.9903211190968924 1.0
8.0 0.0 Truck -1.0 -1.0 -1.0 -1.0 -1.0 -1.0 -1.0 1.787 2.059 4.535 379.248 1.213 1123.44 -2.36758567243152 1.0
8.0 2.0 Car -1.0 -1.0 -1.0 -1.0 -1.0 -1.0 -1.0 1.907 1.957 4.727 396.706 0.822 1126.176 -1.5219911031450848 1.0
9.0 99.0 Car -1.0 -1.0 -1.0 -1.0 -1.0 -1.0 -1.0 1.73 1.562 4.084 399.84353161665877 0.0 1147.1735328106026 -1.8585641825463042 1.0
9.0 1.0 Car -1.0 -1.0 -1.0 -1.0 -1.0 -1.0 -1.0 1.708 1.631 4.01 386.878 0.991 1133.783 -1.9903211190968924 1.0
9.0 0.0 Truck -1.0 -1.0 -1.0 -1.0 -1.0 -1.0 -1.0 1.787 2.059 4.535 376.903 1.23 1121.526 -2.4781231917244932 1.0
9.0 2.0 Car -1.0 -1.0 -1.0 -1.0 -1.0 -1.0 -1.0 1.907 1.957 4.727 396.978 0.855 1124.331 -1.446360168891998 1.0
10.0 99.0 Car -1.0 -1.0 -1.0 -1.0 -1.0 -1.0 -1.0 1.73 1.562 4.084 399.0198373002425 0.0 1144.398545717494 -1.8481640979935356 1.0
10.0 1.0 Car -1.0 -1.0 -1.0 -1.0 -1.0 -1.0 -1.0 1.708 1.631 4.01 385.638 1.041 1131.14 -1.9903211190968924 1.0
10.0 0.0 Truck -1.0 -1.0 -1.0 -1.0 -1.0 -1.0 -1.0 1.787 2.059 4.535 374.474 1.23 1119.966 -2.5653896543242087 1.0
10.0 2.0 Car -1.0 -1.0 -1.0 -1.0 -1.0 -1.0 -1.0 1.907 1.957 4.727 397.341 0.888 1122.8 -1.3707292346389113 1.0
11.0 99.0 Car -1.0 -1.0 -1.0 -1.0 -1.0 -1.0 -1.0 1.73 1.562 4.084 398.16712901294835 0.0 1141.370496193884 -1.825264046912884 1.0
11.0 1.0 Car -1.0 -1.0 -1.0 -1.0 -1.0 -1.0 -1.0 1.708 1.631 4.01 384.005 1.141 1128.317 -2.095040874216551 0.0
11.0 0.0 Truck -1.0 -1.0 -1.0 -1.0 -1.0 -1.0 -1.0 1.787 2.059 4.535 371.671 1.33 1118.579 -2.7050159944837544 0.0
11.0 2.0 Car -1.0 -1.0 -1.0 -1.0 -1.0 -1.0 -1.0 1.907 1.957 4.727 397.846 0.922 1121.112 -1.2892805362125102 1.0
12.0 99.0 Car -1.0 -1.0 -1.0 -1.0 -1.0 -1.0 -1.0 1.73 1.562 4.084 397.4476741975414 0.0 1138.4704918742955 -1.787765644997245 1.0
12.0 1.0 Car -1.0 -1.0 -1.0 -1.0 -1.0 -1.0 -1.0 1.708 1.631 4.01 382.188 1.141 1125.617 -2.1997606293362097 0.0
12.0 0.0 Truck -1.0 -1.0 -1.0 -1.0 -1.0 -1.0 -1.0 1.787 2.059 4.535 368.702 1.43 1117.595 -2.8446423346433 0.0
12.0 2.0 Car -1.0 -1.0 -1.0 -1.0 -1.0 -1.0 -1.0 1.907 1.957 4.727 398.453 0.955 1119.579 -1.207831837786109 1.0
13.0 99.0 Car -1.0 -1.0 -1.0 -1.0 -1.0 -1.0 -1.0 1.73 1.562 4.084 396.8835035523236 0.0 1135.6564273770866 -1.7413679617838018 1.0
13.0 1.0 Car -1.0 -1.0 -1.0 -1.0 -1.0 -1.0 -1.0 1.708 1.631 4.01 380.066 1.241 1123.072 -2.2870270919359252 0.0
13.0 0.0 Truck -1.0 -1.0 -1.0 -1.0 -1.0 -1.0 -1.0 1.787 2.059 4.535 365.564 1.53 1117.025 -2.9842686748028466 0.0
13.0 2.0 Car -1.0 -1.0 -1.0 -1.0 -1.0 -1.0 -1.0 1.907 1.957 4.727 399.156 0.988 1118.16 -1.126383139359708 1.0
14.0 99.0 Car -1.0 -1.0 -1.0 -1.0 -1.0 -1.0 -1.0 1.73 1.562 4.084 396.4443552268204 0.0 1132.6271305081405 -1.6686130509637227 1.0
14.0 1.0 Car -1.0 -1.0 -1.0 -1.0 -1.0 -1.0 -1.0 1.708 1.631 4.01 377.248 1.341 1120.613 -2.479013309655299 0.0
14.0 0.0 Truck -1.0 -1.0 -1.0 -1.0 -1.0 -1.0 -1.0 1.787 2.059 4.535 361.939 1.65 1116.996 3.1360192355239356 0.0
14.0 2.0 Car -1.0 -1.0 -1.0 -1.0 -1.0 -1.0 -1.0 1.907 1.957 4.727 400.204 1.038 1116.512 -1.0100278558934206 1.0
15.0 99.0 Car -1.0 -1.0 -1.0 -1.0 -1.0 -1.0 -1.0 1.73 1.562 4.084 396.28709579417813 0.0 1130.0546235114005 -1.5793652686150323 1.0
15.0 1.0 Car -1.0 -1.0 -1.0 -1.0 -1.0 -1.0 -1.0 1.708 1.631 4.01 374.393 1.391 1118.767 -2.601186357294901 0.0
15.0 0.0 Truck -1.0 -1.0 -1.0 -1.0 -1.0 -1.0 -1.0 1.787 2.059 4.535 358.356 1.63 1117.556 2.9731218386711316 0.0
15.0 2.0 Car -1.0 -1.0 -1.0 -1.0 -1.0 -1.0 -1.0 1.907 1.957 4.727 401.36 1.088 1115.102 -0.8936725724271332 1.0
16.0 99.0 Car -1.0 -1.0 -1.0 -1.0 -1.0 -1.0 -1.0 1.73 1.562 4.084 396.3721334319953 0.0 1127.5762883014086 -1.4842630279708569 1.0
16.0 1.0 Car -1.0 -1.0 -1.0 -1.0 -1.0 -1.0 -1.0 1.708 1.631 4.01 371.364 1.441 1117.297 -2.7233594049345027 0.0
16.0 0.0 Truck -1.0 -1.0 -1.0 -1.0 -1.0 -1.0 -1.0 1.787 2.059 4.535 354.806 1.53 1118.378 2.862584319378157 0.0
16.0 2.0 Car -1.0 -1.0 -1.0 -1.0 -1.0 -1.0 -1.0 1.907 1.957 4.727 402.713 1.138 1113.793 -0.7773172889608458 1.0
17.0 99.0 Car -1.0 -1.0 -1.0 -1.0 -1.0 -1.0 -1.0 1.73 1.562 4.084 396.6816902790987 0.0 1125.2563692026397 -1.3881527389425563 1.0
17.0 1.0 Car -1.0 -1.0 -1.0 -1.0 -1.0 -1.0 -1.0 1.708 1.631 4.01 368.254 1.391 1116.32 -2.880439037613993 0.0
17.0 0.0 Truck -1.0 -1.0 -1.0 -1.0 -1.0 -1.0 -1.0 1.787 2.059 4.535 351.118 1.73 1119.55 2.7927711492983835 0.0
17.0 2.0 Car -1.0 -1.0 -1.0 -1.0 -1.0 -1.0 -1.0 1.907 1.957 4.727 404.193 1.101 1112.686 -0.6696886517545302 1.0
18.0 99.0 Car -1.0 -1.0 -1.0 -1.0 -1.0 -1.0 -1.0 1.73 1.562 4.084 397.1853086632334 0.0 1123.0598472868774 -1.2928754778618081 1.0
18.0 1.0 Car -1.0 -1.0 -1.0 -1.0 -1.0 -1.0 -1.0 1.708 1.631 4.01 365.092 1.591 1116.247 -3.107331840373256 0.0
18.0 0.0 Truck -1.0 -1.0 -1.0 -1.0 -1.0 -1.0 -1.0 1.787 2.059 4.535 347.165 1.68 1121.013 2.766591210518469 0.0
18.0 2.0 Car -1.0 -1.0 -1.0 -1.0 -1.0 -1.0 -1.0 1.907 1.957 4.727 405.71 1.063 1111.637 -0.6318731846279868 1.0
19.0 99.0 Car -1.0 -1.0 -1.0 -1.0 -1.0 -1.0 -1.0 1.73 1.562 4.084 397.8606615606245 0.0 1121.0773884177784 -1.1926737282633952 1.0
19.0 1.0 Car -1.0 -1.0 -1.0 -1.0 -1.0 -1.0 -1.0 1.708 1.631 4.01 361.627 1.541 1116.685 3.0536804191667275 0.0
19.0 0.0 Truck -1.0 -1.0 -1.0 -1.0 -1.0 -1.0 -1.0 1.787 2.059 4.535 342.964 1.63 1122.698 2.740411271738554 0.0
19.0 2.0 Car -1.0 -1.0 -1.0 -1.0 -1.0 -1.0 -1.0 1.907 1.957 4.727 407.197 1.026 1110.809 -0.5591511324615573 1.0
20.0 99.0 Car -1.0 -1.0 -1.0 -1.0 -1.0 -1.0 -1.0 1.73 1.562 4.084 398.7597041521511 0.0 1119.1284635254908 -1.082969157284938 1.0
20.0 1.0 Car -1.0 -1.0 -1.0 -1.0 -1.0 -1.0 -1.0 1.708 1.631 4.01 358.196 1.516 1117.398 2.983867249086954 0.0
20.0 0.0 Truck -1.0 -1.0 -1.0 -1.0 -1.0 -1.0 -1.0 1.787 2.059 4.535 338.618 1.73 1124.443 2.740411271738554 0.0
20.0 2.0 Car -1.0 -1.0 -1.0 -1.0 -1.0 -1.0 -1.0 1.907 1.957 4.727 408.562 0.988 1110.104 -0.5329711936816426 1.0
21.0 99.0 Car -1.0 -1.0 -1.0 -1.0 -1.0 -1.0 -1.0 1.73 1.562 4.084 399.9076584877769 0.0 1117.2088940698718 -0.9692111863451845 1.0
21.0 1.0 Car -1.0 -1.0 -1.0 -1.0 -1.0 -1.0 -1.0 1.708 1.631 4.01 354.824 1.491 1118.349 2.914054079007181 0.0
21.0 0.0 Truck -1.0 -1.0 -1.0 -1.0 -1.0 -1.0 -1.0 1.787 2.059 4.535 334.216 1.73 1126.055 2.740411271738554 0.0
21.0 2.0 Car -1.0 -1.0 -1.0 -1.0 -1.0 -1.0 -1.0 1.907 1.957 4.727 409.897 0.988 1109.434 -0.49370128551177045 1.0
22.0 99.0 Car -1.0 -1.0 -1.0 -1.0 -1.0 -1.0 -1.0 1.73 1.562 4.084 401.0653931407355 0.0 1115.6784191807697 -0.8710637526037587 1.0
22.0 1.0 Car -1.0 -1.0 -1.0 -1.0 -1.0 -1.0 -1.0 1.708 1.631 4.01 350.381 1.391 1119.451 2.9315073715271245 0.0
22.0 0.0 Truck -1.0 -1.0 -1.0 -1.0 -1.0 -1.0 -1.0 1.787 2.059 4.535 329.814 1.73 1127.666 2.740411271738554 0.0
22.0 2.0 Car -1.0 -1.0 -1.0 -1.0 -1.0 -1.0 -1.0 1.907 1.957 4.727 411.035 0.988 1108.881 -0.4544313773418982 1.0
23.0 99.0 Car -1.0 -1.0 -1.0 -1.0 -1.0 -1.0 -1.0 1.73 1.562 4.084 402.47435861332616 0.0 1114.1490807505795 -0.7719011238687283 1.0
23.0 2.0 Car -1.0 -1.0 -1.0 -1.0 -1.0 -1.0 -1.0 1.907 1.957 4.727 412.296 0.988 1108.324 -0.415161469172026 1.0
24.0 99.0 Car -1.0 -1.0 -1.0 -1.0 -1.0 -1.0 -1.0 1.73 1.562 4.084 404.11369592844784 0.0 1112.6762567308072 -0.6744763821955198 1.0
24.0 2.0 Car -1.0 -1.0 -1.0 -1.0 -1.0 -1.0 -1.0 1.907 1.957 4.727 413.638 0.988 1107.792 -0.37589156100215376 1.0
25.0 99.0 Car -1.0 -1.0 -1.0 -1.0 -1.0 -1.0 -1.0 1.73 1.562 4.084 405.59378952934526 0.0 1111.5587954693658 -0.6014422133731575 1.0
25.0 2.0 Car -1.0 -1.0 -1.0 -1.0 -1.0 -1.0 -1.0 1.907 1.957 4.727 414.858 0.988 1107.239 -0.37589156100215376 1.0
26.0 99.0 Car -1.0 -1.0 -1.0 -1.0 -1.0 -1.0 -1.0 1.73 1.562 4.084 407.23526472142686 0.0 1110.4950559603324 -0.5370366045463585 1.0
26.0 2.0 Car -1.0 -1.0 -1.0 -1.0 -1.0 -1.0 -1.0 1.907 1.957 4.727 416.431 0.988 1106.546 -0.37589156100215376 0.0
27.0 99.0 Car -1.0 -1.0 -1.0 -1.0 -1.0 -1.0 -1.0 1.73 1.562 4.084 408.52944568127737 0.0 1109.7538669797307 -0.493837886383832 1.0
27.0 2.0 Car -1.0 -1.0 -1.0 -1.0 -1.0 -1.0 -1.0 1.907 1.957 4.727 417.777 0.988 1105.942 -0.37589156100215376 0.0
28.0 99.0 Car -1.0 -1.0 -1.0 -1.0 -1.0 -1.0 -1.0 1.73 1.562 4.084 409.73572041073385 0.0 1109.1231579309517 -0.4584488768767962 1.0
28.0 2.0 Car -1.0 -1.0 -1.0 -1.0 -1.0 -1.0 -1.0 1.907 1.957 4.727 419.123 0.988 1105.339 -0.37589156100215376 0.0
29.0 99.0 Car -1.0 -1.0 -1.0 -1.0 -1.0 -1.0 -1.0 1.73 1.562 4.084 410.6650822157686 0.0 1108.6719861046136 -0.44274057289703705 1.0
29.0 2.0 Car -1.0 -1.0 -1.0 -1.0 -1.0 -1.0 -1.0 1.907 1.957 4.727 420.201 0.988 1104.947 -0.3409849759622672 0.0
30.0 99.0 Car -1.0 -1.0 -1.0 -1.0 -1.0 -1.0 -1.0 1.73 1.562 4.084 411.779300464498 0.0 1108.1419443525465 -0.4359778893697074 1.0
30.0 2.0 Car -1.0 -1.0 -1.0 -1.0 -1.0 -1.0 -1.0 1.907 1.957 4.727 421.476 0.988 1104.531 -0.3060783909223806 0.0
31.0 99.0 Car -1.0 -1.0 -1.0 -1.0 -1.0 -1.0 -1.0 1.73 1.562 4.084 412.8489179352234 0.0 1107.6401473937494 -0.4334299089556041 1.0
31.0 2.0 Car -1.0 -1.0 -1.0 -1.0 -1.0 -1.0 -1.0 1.907 1.957 4.727 422.729 0.988 1104.393 -0.16645205076283398 0.0
32.0 99.0 Car -1.0 -1.0 -1.0 -1.0 -1.0 -1.0 -1.0 1.73 1.562 4.084 413.9024439761932 0.0 1107.148159570898 -0.4328566789675836 1.0
32.0 2.0 Car -1.0 -1.0 -1.0 -1.0 -1.0 -1.0 -1.0 1.907 1.957 4.727 423.942 0.972 1104.199 -0.10827440902968966 0.0
33.0 99.0 Car -1.0 -1.0 -1.0 -1.0 -1.0 -1.0 -1.0 1.73 1.562 4.084 414.9639051557455 0.0 1106.6522960506688 -0.43133808722590744 1.0
33.0 2.0 Car -1.0 -1.0 -1.0 -1.0 -1.0 -1.0 -1.0 1.907 1.957 4.727 425.177 0.955 1104.334 0.05462298782311481 0.0
34.0 99.0 Car -1.0 -1.0 -1.0 -1.0 -1.0 -1.0 -1.0 1.73 1.562 4.084 415.9850022275284 0.0 1106.1821496591247 -0.4225251232949738 1.0
34.0 2.0 Car -1.0 -1.0 -1.0 -1.0 -1.0 -1.0 -1.0 1.907 1.957 4.727 426.23 0.938 1104.619 0.21752038467591905 0.0
35.0 99.0 Car -1.0 -1.0 -1.0 -1.0 -1.0 -1.0 -1.0 1.73 1.562 4.084 417.02167488599355 0.0 1105.7223623879136 -0.39482527022099456 1.0
35.0 2.0 Car -1.0 -1.0 -1.0 -1.0 -1.0 -1.0 -1.0 1.907 1.957 4.727 427.101 1.022 1105.125 0.3978710740486666 0.0
36.0 99.0 Car -1.0 -1.0 -1.0 -1.0 -1.0 -1.0 -1.0 1.73 1.562 4.084 418.1647075938728 0.0 1105.2716555063062 -0.34517861162128655 1.0
36.0 2.0 Car -1.0 -1.0 -1.0 -1.0 -1.0 -1.0 -1.0 1.907 1.957 4.727 427.868 1.105 1105.779 0.5782217634214143 0.0
37.0 99.0 Car -1.0 -1.0 -1.0 -1.0 -1.0 -1.0 -1.0 1.73 1.562 4.084 419.5269830911931 0.0 1104.8312849413196 -0.27257573956746156 1.0
37.0 2.0 Car -1.0 -1.0 -1.0 -1.0 -1.0 -1.0 -1.0 1.907 1.957 4.727 428.504 1.188 1106.56 0.758572452794162 0.0
