0.0 99.0 Car -1.0 -1.0 -1.0 -1.0 -1.0 -1.0 -1.0 1.73 1.562 4.084 741.851 0.0 1530.88 -0.694619898643676 1.0 -1.0 -1.0
0.0 1.0 Car -1.0 -1.0 -1.0 -1.0 -1.0 -1.0 -1.0 1.971 1.787 4.457 701.522 1.179 1563.996 -0.7267900073185314 0.0 -1.0 -1.0
1.0 99.0 Car -1.0 -1.0 -1.0 -1.0 -1.0 -1.0 -1.0 1.73 1.562 4.084 744.33 0.0 1528.749 -0.7020285554312456 1.0 -1.0 -1.0
1.0 1.0 Car -1.0 -1.0 -1.0 -1.0 -1.0 -1.0 -1.0 1.971 1.787 4.457 706.064 1.159 1559.946 -0.7182846415064504 1.0 -1.0 -1.0
2.0 99.0 Car -1.0 -1.0 -1.0 -1.0 -1.0 -1.0 -1.0 1.73 1.562 4.084 746.786 0.0 1526.638 -0.7064769924967084 1.0 -1.0 -1.0
2.0 1.0 Car -1.0 -1.0 -1.0 -1.0 -1.0 -1.0 -1.0 1.971 1.787 4.457 710.611 1.138 1555.892 -0.7097699752979678 0.0 -1.0 -1.0
3.0 99.0 Car -1.0 -1.0 -1.0 -1.0 -1.0 -1.0 -1.0 1.73 1.562 4.084 749.085 0.0 1524.626 -0.7071753730121799 1.0 -1.0 -1.0
3.0 1.0 Car -1.0 -1.0 -1.0 -1.0 -1.0 -1.0 -1.0 1.971 1.787 4.457 715.611 1.118 1551.529 -0.7012459575920054 0.0 -1.0 -1.0
3.0 0.0 Car -1.0 -1.0 -1.0 -1.0 -1.0 -1.0 -1.0 2.234 2.076 4.911 733.204 0.756 1560.158 -2.151397555953346 0.0 -1.0 -1.0
4.0 99.0 Car -1.0 -1.0 -1.0 -1.0 -1.0 -1.0 -1.0 1.73 1.562 4.084 751.382 0.0 1522.619 -0.7068589685403187 1.0 -1.0 -1.0
4.0 1.0 Car -1.0 -1.0 -1.0 -1.0 -1.0 -1.0 -1.0 1.971 1.787 4.457 721.021 1.095 1546.638 -0.6918834222786453 1.0 -1.0 -1.0
4.0 0.0 Car -1.0 -1.0 -1.0 -1.0 -1.0 -1.0 -1.0 2.234 2.076 4.911 732.495 0.785 1559.099 -2.151397555953346 1.0 -1.0 -1.0
5.0 99.0 Car -1.0 -1.0 -1.0 -1.0 -1.0 -1.0 -1.0 1.73 1.562 4.084 753.623 0.0 1520.658 -0.7077113999266714 1.0 -1.0 -1.0
5.0 1.0 Car -1.0 -1.0 -1.0 -1.0 -1.0 -1.0 -1.0 1.971 1.787 4.457 726.465 1.056 1541.997 -0.7180605352664003 1.0 -1.0 -1.0
5.0 0.0 Car -1.0 -1.0 -1.0 -1.0 -1.0 -1.0 -1.0 2.234 2.076 4.911 731.721 0.817 1557.943 -2.151397555953346 1.0 -1.0 -1.0
6.0 99.0 Car -1.0 -1.0 -1.0 -1.0 -1.0 -1.0 -1.0 1.73 1.562 4.084 755.244 0.0 1519.224 -0.7077601457450627 1.0 -1.0 -1.0
6.0 1.0 Car -1.0 -1.0 -1.0 -1.0 -1.0 -1.0 -1.0 1.971 1.787 4.457 730.939 1.023 1537.974 -0.7223717910138459 1.0 -1.0 -1.0
6.0 0.0 Car -1.0 -1.0 -1.0 -1.0 -1.0 -1.0 -1.0 2.234 2.076 4.911 731.075 0.844 1556.979 -2.151397555953346 1.0 -1.0 -1.0
7.0 99.0 Car -1.0 -1.0 -1.0 -1.0 -1.0 -1.0 -1.0 1.73 1.562 4.084 756.597 0.0 1518.041 -0.7068420259931553 1.0 -1.0 -1.0
7.0 1.0 Car -1.0 -1.0 -1.0 -1.0 -1.0 -1.0 -1.0 1.971 1.787 4.457 735.388 0.99 1534.026 -0.7267900073185314 1.0 -1.0 -1.0
7.0 0.0 Car -1.0 -1.0 -1.0 -1.0 -1.0 -1.0 -1.0 2.234 2.076 4.911 730.482 0.885 1556.094 -2.1339442634334027 1.0 -1.0 -1.0
8.0 99.0 Car -1.0 -1.0 -1.0 -1.0 -1.0 -1.0 -1.0 1.73 1.562 4.084 757.467 0.0 1517.276 -0.7067882906060198 1.0 -1.0 -1.0
8.0 1.0 Car -1.0 -1.0 -1.0 -1.0 -1.0 -1.0 -1.0 1.971 1.787 4.457 738.426 0.964 1531.363 -0.70157932130665 1.0 -1.0 -1.0
8.0 0.0 Car -1.0 -1.0 -1.0 -1.0 -1.0 -1.0 -1.0 2.234 2.076 4.911 730.051 0.919 1555.355 -2.14945905041728 1.0 -1.0 -1.0
9.0 99.0 Car -1.0 -1.0 -1.0 -1.0 -1.0 -1.0 -1.0 1.73 1.562 4.084 758.262 0.0 1516.571 -0.7061425156369128 1.0 -1.0 -1.0
9.0 1.0 Car -1.0 -1.0 -1.0 -1.0 -1.0 -1.0 -1.0 1.971 1.787 4.457 742.244 0.931 1528.058 -0.7267900073185314 1.0 -1.0 -1.0
9.0 0.0 Car -1.0 -1.0 -1.0 -1.0 -1.0 -1.0 -1.0 2.234 2.076 4.911 729.513 0.96 1554.431 -2.1688508484732893 1.0 -1.0 -1.0
10.0 99.0 Car -1.0 -1.0 -1.0 -1.0 -1.0 -1.0 -1.0 1.73 1.562 4.084 758.738 0.0 1516.142 -0.7064843423558771 1.0 -1.0 -1.0
10.0 1.0 Car -1.0 -1.0 -1.0 -1.0 -1.0 -1.0 -1.0 1.971 1.787 4.457 745.59 0.926 1524.961 -0.7442435267905116 1.0 -1.0 -1.0
10.0 0.0 Car -1.0 -1.0 -1.0 -1.0 -1.0 -1.0 -1.0 2.234 2.076 4.911 729.249 1.002 1554.09 -2.0990371895766775 1.0 -1.0 -1.0
11.0 99.0 Car -1.0 -1.0 -1.0 -1.0 -1.0 -1.0 -1.0 1.73 1.562 4.084 759.011 0.0 1515.895 -0.7060150632557396 1.0 -1.0 -1.0
11.0 1.0 Car -1.0 -1.0 -1.0 -1.0 -1.0 -1.0 -1.0 1.971 1.787 4.457 748.575 0.921 1522.195 -0.7616965923584175 1.0 -1.0 -1.0
11.0 0.0 Car -1.0 -1.0 -1.0 -1.0 -1.0 -1.0 -1.0 2.234 2.076 4.911 729.009 1.044 1553.732 -2.0292253462854686 1.0 -1.0 -1.0
12.0 99.0 Car -1.0 -1.0 -1.0 -1.0 -1.0 -1.0 -1.0 1.73 1.562 4.084 759.229 0.0 1515.7 -0.7054716698205142 1.0 -1.0 -1.0
12.0 1.0 Car -1.0 -1.0 -1.0 -1.0 -1.0 -1.0 -1.0 1.971 1.787 4.457 750.856 0.866 1519.787 -0.8227834216869092 1.0 -1.0 -1.0
12.0 0.0 Car -1.0 -1.0 -1.0 -1.0 -1.0 -1.0 -1.0 2.234 2.076 4.911 728.795 1.086 1553.357 -1.9594114080649487 1.0 -1.0 -1.0
13.0 99.0 Car -1.0 -1.0 -1.0 -1.0 -1.0 -1.0 -1.0 1.73 1.562 4.084 759.382 0.0 1515.562 -0.7053474577178902 1.0 -1.0 -1.0
13.0 1.0 Car -1.0 -1.0 -1.0 -1.0 -1.0 -1.0 -1.0 1.971 1.787 4.457 752.986 0.811 1517.243 -0.8838696399980193 1.0 -1.0 -1.0
13.0 0.0 Car -1.0 -1.0 -1.0 -1.0 -1.0 -1.0 -1.0 2.234 2.076 4.911 728.608 1.127 1552.969 -1.8895981681541998 1.0 -1.0 -1.0
14.0 99.0 Car -1.0 -1.0 -1.0 -1.0 -1.0 -1.0 -1.0 1.73 1.562 4.084 759.478 0.0 1515.471 -0.7052943425764259 1.0 -1.0 -1.0
14.0 1.0 Car -1.0 -1.0 -1.0 -1.0 -1.0 -1.0 -1.0 1.971 1.787 4.457 754.632 0.805 1515.142 -0.902903138708541 1.0 -1.0 -1.0
14.0 0.0 Car -1.0 -1.0 -1.0 -1.0 -1.0 -1.0 -1.0 2.234 2.076 4.911 728.282 1.177 1551.363 -1.794430674601593 1.0 -1.0 -1.0
15.0 99.0 Car -1.0 -1.0 -1.0 -1.0 -1.0 -1.0 -1.0 1.73 1.562 4.084 759.465 0.0 1515.476 -0.7046927291297785 1.0 -1.0 -1.0
15.0 1.0 Car -1.0 -1.0 -1.0 -1.0 -1.0 -1.0 -1.0 1.971 1.787 4.457 756.005 0.8 1513.39 -0.9187762250379055 0.0 -1.0 -1.0
15.0 0.0 Car -1.0 -1.0 -1.0 -1.0 -1.0 -1.0 -1.0 2.234 2.076 4.911 728.127 1.219 1550.004 -1.7150652429547686 1.0 -1.0 -1.0
16.0 99.0 Car -1.0 -1.0 -1.0 -1.0 -1.0 -1.0 -1.0 1.73 1.562 4.084 759.459 0.0 1515.476 -0.7044486742640529 1.0 -1.0 -1.0
16.0 1.0 Car -1.0 -1.0 -1.0 -1.0 -1.0 -1.0 -1.0 1.971 1.787 4.457 756.687 0.794 1512.496 -0.9187762250379055 0.0 -1.0 -1.0
16.0 0.0 Car -1.0 -1.0 -1.0 -1.0 -1.0 -1.0 -1.0 2.234 2.076 4.911 728.309 1.261 1547.763 -1.5579856102752807 1.0 -1.0 -1.0
17.0 99.0 Car -1.0 -1.0 -1.0 -1.0 -1.0 -1.0 -1.0 1.73 1.562 4.084 759.457 0.0 1515.474 -0.7043557274137928 1.0 -1.0 -1.0
17.0 1.0 Car -1.0 -1.0 -1.0 -1.0 -1.0 -1.0 -1.0 1.971 1.787 4.457 757.233 0.79 1511.781 -0.9187762250379055 0.0 -1.0 -1.0
17.0 0.0 Car -1.0 -1.0 -1.0 -1.0 -1.0 -1.0 -1.0 2.234 2.076 4.911 728.814 1.254 1545.478 -1.4105151122186006 1.0 -1.0 -1.0
18.0 99.0 Car -1.0 -1.0 -1.0 -1.0 -1.0 -1.0 -1.0 1.73 1.562 4.084 759.456 0.0 1515.472 -0.7043529566054615 1.0 -1.0 -1.0
18.0 1.0 Car -1.0 -1.0 -1.0 -1.0 -1.0 -1.0 -1.0 1.971 1.787 4.457 757.316 0.785 1511.672 -0.9187762250379055 0.0 -1.0 -1.0
18.0 0.0 Car -1.0 -1.0 -1.0 -1.0 -1.0 -1.0 -1.0 2.234 2.076 4.911 729.906 1.246 1542.769 -1.2263730523963616 1.0 -1.0 -1.0
19.0 99.0 Car -1.0 -1.0 -1.0 -1.0 -1.0 -1.0 -1.0 1.73 1.562 4.084 759.454 0.0 1515.47 -0.7043550766885888 1.0 -1.0 -1.0
19.0 1.0 Car -1.0 -1.0 -1.0 -1.0 -1.0 -1.0 -1.0 1.971 1.787 4.457 757.398 0.78 1511.564 -0.9187762250379055 0.0 -1.0 -1.0
19.0 0.0 Car -1.0 -1.0 -1.0 -1.0 -1.0 -1.0 -1.0 2.234 2.076 4.911 731.534 1.266 1540.224 -0.959838104541308 1.0 -1.0 -1.0
20.0 99.0 Car -1.0 -1.0 -1.0 -1.0 -1.0 -1.0 -1.0 1.73 1.562 4.084 759.453 0.0 1515.469 -0.7042733820548587 1.0 -1.0 -1.0
20.0 1.0 Car -1.0 -1.0 -1.0 -1.0 -1.0 -1.0 -1.0 1.971 1.787 4.457 757.473 0.776 1511.467 -0.9187762250379055 0.0 -1.0 -1.0
20.0 0.0 Car -1.0 -1.0 -1.0 -1.0 -1.0 -1.0 -1.0 2.234 2.076 4.911 733.376 1.283 1538.056 -0.8876978390412428 1.0 -1.0 -1.0
21.0 99.0 Car -1.0 -1.0 -1.0 -1.0 -1.0 -1.0 -1.0 1.73 1.562 4.084 759.452 0.0 1515.468 -0.704277840041897 1.0 -1.0 -1.0
21.0 1.0 Car -1.0 -1.0 -1.0 -1.0 -1.0 -1.0 -1.0 1.971 1.787 4.457 757.555 0.771 1511.358 -0.9187762250379055 0.0 -1.0 -1.0
21.0 0.0 Car -1.0 -1.0 -1.0 -1.0 -1.0 -1.0 -1.0 2.234 2.076 4.911 735.601 1.303 1535.809 -0.8074940319177273 1.0 -1.0 -1.0
22.0 99.0 Car -1.0 -1.0 -1.0 -1.0 -1.0 -1.0 -1.0 1.73 1.562 4.084 759.451 0.0 1515.467 -0.70428863140822 1.0 -1.0 -1.0
22.0 1.0 Car -1.0 -1.0 -1.0 -1.0 -1.0 -1.0 -1.0 1.971 1.787 4.457 757.638 0.766 1511.25 -0.9187762250379055 0.0 -1.0 -1.0
22.0 0.0 Car -1.0 -1.0 -1.0 -1.0 -1.0 -1.0 -1.0 2.234 2.076 4.911 737.915 1.236 1533.635 -0.7464482177988251 1.0 -1.0 -1.0
23.0 99.0 Car -1.0 -1.0 -1.0 -1.0 -1.0 -1.0 -1.0 1.73 1.562 4.084 759.45 0.0 1515.466 -0.7042491359889139 1.0 -1.0 -1.0
23.0 1.0 Car -1.0 -1.0 -1.0 -1.0 -1.0 -1.0 -1.0 1.971 1.787 4.457 757.721 0.761 1511.141 -0.9187762250379055 0.0 -1.0 -1.0
23.0 0.0 Car -1.0 -1.0 -1.0 -1.0 -1.0 -1.0 -1.0 2.234 2.076 4.911 740.36 1.169 1531.604 -0.6853338932859043 1.0 -1.0 -1.0
24.0 99.0 Car -1.0 -1.0 -1.0 -1.0 -1.0 -1.0 -1.0 1.73 1.562 4.084 759.45 0.0 1515.465 -0.7042292052958898 1.0 -1.0 -1.0
24.0 1.0 Car -1.0 -1.0 -1.0 -1.0 -1.0 -1.0 -1.0 1.971 1.787 4.457 757.804 0.756 1511.033 -0.9187762250379055 0.0 -1.0 -1.0
24.0 0.0 Car -1.0 -1.0 -1.0 -1.0 -1.0 -1.0 -1.0 2.234 2.076 4.911 742.848 1.103 1529.627 -0.7027742767980688 1.0 -1.0 -1.0
25.0 99.0 Car -1.0 -1.0 -1.0 -1.0 -1.0 -1.0 -1.0 1.73 1.562 4.084 759.449 0.0 1515.464 -0.7042514890959467 1.0 -1.0 -1.0
25.0 1.0 Car -1.0 -1.0 -1.0 -1.0 -1.0 -1.0 -1.0 1.971 1.787 4.457 757.886 0.751 1510.925 -0.9187762250379055 0.0 -1.0 -1.0
25.0 0.0 Car -1.0 -1.0 -1.0 -1.0 -1.0 -1.0 -1.0 2.234 2.076 4.911 744.928 1.019 1527.865 -0.7027742767980688 1.0 -1.0 -1.0
26.0 99.0 Car -1.0 -1.0 -1.0 -1.0 -1.0 -1.0 -1.0 1.73 1.562 4.084 759.448 0.0 1515.464 -0.7042259002618934 1.0 -1.0 -1.0
26.0 1.0 Car -1.0 -1.0 -1.0 -1.0 -1.0 -1.0 -1.0 1.971 1.787 4.457 757.969 0.745 1510.816 -0.9187762250379055 0.0 -1.0 -1.0
26.0 0.0 Car -1.0 -1.0 -1.0 -1.0 -1.0 -1.0 -1.0 2.234 2.076 4.911 747.006 0.936 1526.105 -0.7027742767980688 1.0 -1.0 -1.0
27.0 99.0 Car -1.0 -1.0 -1.0 -1.0 -1.0 -1.0 -1.0 1.73 1.562 4.084 759.448 0.0 1515.463 -0.7041882167708714 1.0 -1.0 -1.0
27.0 0.0 Car -1.0 -1.0 -1.0 -1.0 -1.0 -1.0 -1.0 2.234 2.076 4.911 748.454 0.903 1524.878 -0.7027742767980688 0.0 -1.0 -1.0
28.0 99.0 Car -1.0 -1.0 -1.0 -1.0 -1.0 -1.0 -1.0 1.73 1.562 4.084 759.448 0.0 1515.463 -0.7041799963347415 1.0 -1.0 -1.0
28.0 0.0 Car -1.0 -1.0 -1.0 -1.0 -1.0 -1.0 -1.0 2.234 2.076 4.911 749.901 0.869 1523.653 -0.7027742767980688 0.0 -1.0 -1.0
29.0 99.0 Car -1.0 -1.0 -1.0 -1.0 -1.0 -1.0 -1.0 1.73 1.562 4.084 759.447 0.0 1515.462 -0.7041867455216312 1.0 -1.0 -1.0
29.0 0.0 Car -1.0 -1.0 -1.0 -1.0 -1.0 -1.0 -1.0 2.234 2.076 4.911 751.348 0.836 1522.427 -0.7027742767980688 0.0 -1.0 -1.0
30.0 99.0 Car -1.0 -1.0 -1.0 -1.0 -1.0 -1.0 -1.0 1.73 1.562 4.084 759.447 0.0 1515.462 -0.7041705222294363 1.0 -1.0 -1.0
30.0 0.0 Car -1.0 -1.0 -1.0 -1.0 -1.0 -1.0 -1.0 2.234 2.076 4.911 752.235 0.836 1521.675 -0.7027742767980688 0.0 -1.0 -1.0
31.0 99.0 Car -1.0 -1.0 -1.0 -1.0 -1.0 -1.0 -1.0 1.73 1.562 4.084 759.447 0.0 1515.462 -0.7041738279544502 1.0 -1.0 -1.0
31.0 0.0 Car -1.0 -1.0 -1.0 -1.0 -1.0 -1.0 -1.0 2.234 2.076 4.911 753.124 0.836 1520.923 -0.7027742767980688 0.0 -1.0 -1.0
32.0 99.0 Car -1.0 -1.0 -1.0 -1.0 -1.0 -1.0 -1.0 1.73 1.562 4.084 759.447 0.0 1515.462 -0.7042488554019611 1.0 -1.0 -1.0
32.0 0.0 Car -1.0 -1.0 -1.0 -1.0 -1.0 -1.0 -1.0 2.234 2.076 4.911 753.586 0.836 1520.531 -0.7027742767980688 0.0 -1.0 -1.0
33.0 99.0 Car -1.0 -1.0 -1.0 -1.0 -1.0 -1.0 -1.0 1.73 1.562 4.084 759.447 0.0 1515.461 -0.7041726355983358 1.0 -1.0 -1.0
33.0 0.0 Car -1.0 -1.0 -1.0 -1.0 -1.0 -1.0 -1.0 2.234 2.076 4.911 754.094 0.836 1520.101 -0.7027742767980688 0.0 -1.0 -1.0
34.0 99.0 Car -1.0 -1.0 -1.0 -1.0 -1.0 -1.0 -1.0 1.73 1.562 4.084 759.446 0.0 1515.461 -0.7041055708390556 1.0 -1.0 -1.0
34.0 0.0 Car -1.0 -1.0 -1.0 -1.0 -1.0 -1.0 -1.0 2.234 2.076 4.911 754.262 0.836 1519.959 -0.7027742767980688 0.0 -1.0 -1.0
35.0 99.0 Car -1.0 -1.0 -1.0 -1.0 -1.0 -1.0 -1.0 1.73 1.562 4.084 759.446 0.0 1515.461 -0.7040630639091379 1.0 -1.0 -1.0
35.0 0.0 Car -1.0 -1.0 -1.0 -1.0 -1.0 -1.0 -1.0 2.234 2.076 4.911 754.429 0.836 1519.817 -0.7027742767980688 0.0 -1.0 -1.0
36.0 99.0 Car -1.0 -1.0 -1.0 -1.0 -1.0 -1.0 -1.0 1.73 1.562 4.084 759.446 0.0 1515.461 -0.7040946534933011 1.0 -1.0 -1.0
36.0 0.0 Car -1.0 -1.0 -1.0 -1.0 -1.0 -1.0 -1.0 2.234 2.076 4.911 754.429 0.836 1519.817 -0.7027742767980688 0.0 -1.0 -1.0
37.0 99.0 Car -1.0 -1.0 -1.0 -1.0 -1.0 -1.0 -1.0 1.73 1.562 4.084 759.446 0.0 1515.461 -0.7041996424093336 1.0 -1.0 -1.0
37.0 0.0 Car -1.0 -1.0 -1.0 -1.0 -1.0 -1.0 -1.0 2.234 2.076 4.911 754.429 0.836 1519.817 -0.7027742767980688 0.0 -1.0 -1.0
38.0 99.0 Car -1.0 -1.0 -1.0 -1.0 -1.0 -1.0 -1.0 1.73 1.562 4.084 759.446 0.0 1515.461 -0.7042259452902797 1.0 -1.0 -1.0
38.0 0.0 Car -1.0 -1.0 -1.0 -1.0 -1.0 -1.0 -1.0 2.234 2.076 4.911 754.429 0.836 1519.817 -0.7027742767980688 0.0 -1.0 -1.0
