0.0 99.0 Car -1.0 -1.0 -1.0 -1.0 -1.0 -1.0 -1.0 1.73 1.562 4.084 781.131 0.0 1553.352 0.15551208886638565 1.0 -1.0 -1.0
0.0 1.0 Car -1.0 -1.0 -1.0 -1.0 -1.0 -1.0 -1.0 1.857 1.739 4.694 755.32 -0.22 1554.869 0.09325299744926441 0.0 -1.0 -1.0
1.0 99.0 Car -1.0 -1.0 -1.0 -1.0 -1.0 -1.0 -1.0 1.73 1.562 4.084 782.86 0.0 1553.749 0.3046256514973095 1.0 -1.0 -1.0
1.0 1.0 Car -1.0 -1.0 -1.0 -1.0 -1.0 -1.0 -1.0 1.857 1.739 4.694 757.263 -0.23 1555.117 0.09325299744926441 1.0 -1.0 -1.0
2.0 99.0 Car -1.0 -1.0 -1.0 -1.0 -1.0 -1.0 -1.0 1.73 1.562 4.084 784.592 0.0 1554.417 0.452175025876664 1.0 -1.0 -1.0
2.0 2.0 Car -1.0 -1.0 -1.0 -1.0 -1.0 -1.0 -1.0 2.03 2.14 4.777 809.212 3.105 1592.744 -0.9015498253619879 0.0 -1.0 -1.0
2.0 1.0 Car -1.0 -1.0 -1.0 -1.0 -1.0 -1.0 -1.0 1.857 1.739 4.694 759.311 -0.241 1555.308 0.04089311988943445 1.0 -1.0 -1.0
3.0 99.0 Car -1.0 -1.0 -1.0 -1.0 -1.0 -1.0 -1.0 1.73 1.562 4.084 786.236 0.0 1555.36 0.6134660299336828 1.0 -1.0 -1.0
3.0 2.0 Car -1.0 -1.0 -1.0 -1.0 -1.0 -1.0 -1.0 2.03 2.14 4.777 809.319 2.826 1592.517 -0.9015498253619879 1.0 -1.0 -1.0
3.0 1.0 Car -1.0 -1.0 -1.0 -1.0 -1.0 -1.0 -1.0 1.857 1.739 4.694 761.367 -0.252 1555.391 -0.011466757670395511 1.0 -1.0 -1.0
4.0 99.0 Car -1.0 -1.0 -1.0 -1.0 -1.0 -1.0 -1.0 1.73 1.562 4.084 787.787 0.0 1556.615 0.7629877437781141 1.0 -1.0 -1.0
4.0 2.0 Car -1.0 -1.0 -1.0 -1.0 -1.0 -1.0 -1.0 2.03 2.14 4.777 809.508 2.898 1592.187 -0.9015498253619879 1.0 -1.0 -1.0
4.0 1.0 Car -1.0 -1.0 -1.0 -1.0 -1.0 -1.0 -1.0 1.857 1.739 4.694 763.648 -0.162 1554.988 -0.028920050190338827 1.0 -1.0 -1.0
4.0 0.0 Bus -1.0 -1.0 -1.0 -1.0 -1.0 -1.0 -1.0 2.925 3.774 12.486 792.741 1.842 1556.257 -2.173702863701246 0.0 -1.0 -1.0
5.0 99.0 Car -1.0 -1.0 -1.0 -1.0 -1.0 -1.0 -1.0 1.73 1.562 4.084 789.284 0.0 1558.164 0.8525165967899737 1.0 -1.0 -1.0
5.0 2.0 Car -1.0 -1.0 -1.0 -1.0 -1.0 -1.0 -1.0 2.03 2.14 4.777 809.663 2.819 1591.873 -0.9713629954417602 1.0 -1.0 -1.0
5.0 1.0 Car -1.0 -1.0 -1.0 -1.0 -1.0 -1.0 -1.0 1.857 1.739 4.694 765.934 -0.173 1554.618 -0.08127992775016879 1.0 -1.0 -1.0
5.0 0.0 Bus -1.0 -1.0 -1.0 -1.0 -1.0 -1.0 -1.0 2.925 3.774 12.486 792.773 1.751 1556.24 -2.173702863701246 0.0 -1.0 -1.0
6.0 99.0 Car -1.0 -1.0 -1.0 -1.0 -1.0 -1.0 -1.0 1.73 1.562 4.084 790.81 0.0 1559.949 0.887765742576975 1.0 -1.0 -1.0
6.0 2.0 Car -1.0 -1.0 -1.0 -1.0 -1.0 -1.0 -1.0 2.03 2.14 4.777 810.3 2.79 1591.054 -0.9713629954417602 1.0 -1.0 -1.0
6.0 1.0 Car -1.0 -1.0 -1.0 -1.0 -1.0 -1.0 -1.0 1.857 1.739 4.694 768.781 -0.084 1554.461 -0.13363980530999872 1.0 -1.0 -1.0
6.0 0.0 Bus -1.0 -1.0 -1.0 -1.0 -1.0 -1.0 -1.0 2.925 3.774 12.486 792.688 1.615 1556.133 -2.173702863701246 0.0 -1.0 -1.0
7.0 99.0 Car -1.0 -1.0 -1.0 -1.0 -1.0 -1.0 -1.0 1.73 1.562 4.084 792.411 0.0 1561.903 0.8984260077457787 1.0 -1.0 -1.0
7.0 2.0 Car -1.0 -1.0 -1.0 -1.0 -1.0 -1.0 -1.0 2.03 2.14 4.777 810.838 2.611 1590.046 -1.0411761655215326 1.0 -1.0 -1.0
7.0 1.0 Car -1.0 -1.0 -1.0 -1.0 -1.0 -1.0 -1.0 1.857 1.739 4.694 771.6 -0.07 1554.022 -0.15109309782994207 1.0 -1.0 -1.0
7.0 0.0 Bus -1.0 -1.0 -1.0 -1.0 -1.0 -1.0 -1.0 2.925 3.774 12.486 792.747 1.749 1556.237 -2.173702863701246 1.0 -1.0 -1.0
8.0 99.0 Car -1.0 -1.0 -1.0 -1.0 -1.0 -1.0 -1.0 1.73 1.562 4.084 794.022 0.0 1563.916 0.9076607614870974 1.0 -1.0 -1.0
8.0 2.0 Car -1.0 -1.0 -1.0 -1.0 -1.0 -1.0 -1.0 2.03 2.14 4.777 811.33 2.483 1588.767 -1.163349213161134 1.0 -1.0 -1.0
8.0 1.0 Car -1.0 -1.0 -1.0 -1.0 -1.0 -1.0 -1.0 1.857 1.739 4.694 774.42 -0.055 1553.583 -0.1685463903498854 1.0 -1.0 -1.0
8.0 0.0 Bus -1.0 -1.0 -1.0 -1.0 -1.0 -1.0 -1.0 2.925 3.774 12.486 792.716 1.66 1556.209 -2.173702863701246 1.0 -1.0 -1.0
9.0 99.0 Car -1.0 -1.0 -1.0 -1.0 -1.0 -1.0 -1.0 1.73 1.562 4.084 795.578 0.0 1565.916 0.9205484142398896 1.0 -1.0 -1.0
9.0 2.0 Car -1.0 -1.0 -1.0 -1.0 -1.0 -1.0 -1.0 2.03 2.14 4.777 811.652 2.354 1587.42 -1.337882138360565 1.0 -1.0 -1.0
9.0 1.0 Car -1.0 -1.0 -1.0 -1.0 -1.0 -1.0 -1.0 1.857 1.739 4.694 777.364 -0.016 1553.402 -0.017382804115362974 1.0 -1.0 -1.0
9.0 0.0 Bus -1.0 -1.0 -1.0 -1.0 -1.0 -1.0 -1.0 2.925 3.774 12.486 792.685 1.572 1556.182 -2.173702863701246 1.0 -1.0 -1.0
10.0 99.0 Car -1.0 -1.0 -1.0 -1.0 -1.0 -1.0 -1.0 1.73 1.562 4.084 797.057 0.0 1567.848 0.9319185219966879 1.0 -1.0 -1.0
10.0 2.0 Car -1.0 -1.0 -1.0 -1.0 -1.0 -1.0 -1.0 2.03 2.14 4.777 811.817 2.125 1585.796 -1.47750847852011 1.0 -1.0 -1.0
10.0 1.0 Car -1.0 -1.0 -1.0 -1.0 -1.0 -1.0 -1.0 1.857 1.739 4.694 780.301 0.023 1553.666 0.13378078211915945 1.0 -1.0 -1.0
10.0 0.0 Bus -1.0 -1.0 -1.0 -1.0 -1.0 -1.0 -1.0 2.925 3.774 12.486 792.576 1.483 1556.039 -2.173702863701246 1.0 -1.0 -1.0
11.0 99.0 Car -1.0 -1.0 -1.0 -1.0 -1.0 -1.0 -1.0 1.73 1.562 4.084 798.38 0.0 1569.614 0.9377439709807012 1.0 -1.0 -1.0
11.0 2.0 Car -1.0 -1.0 -1.0 -1.0 -1.0 -1.0 -1.0 2.03 2.14 4.777 811.646 1.851 1584.448 -1.617134818679655 1.0 -1.0 -1.0
11.0 1.0 Car -1.0 -1.0 -1.0 -1.0 -1.0 -1.0 -1.0 1.857 1.739 4.694 783.166 0.063 1554.369 0.2849443683536816 1.0 -1.0 -1.0
11.0 0.0 Bus -1.0 -1.0 -1.0 -1.0 -1.0 -1.0 -1.0 2.925 3.774 12.486 792.466 1.394 1555.897 -2.173702863701246 1.0 -1.0 -1.0
12.0 99.0 Car -1.0 -1.0 -1.0 -1.0 -1.0 -1.0 -1.0 1.73 1.562 4.084 799.584 0.0 1571.24 0.9389894743961028 1.0 -1.0 -1.0
12.0 2.0 Car -1.0 -1.0 -1.0 -1.0 -1.0 -1.0 -1.0 2.03 2.14 4.777 811.264 1.648 1582.682 -1.7742144513591431 1.0 -1.0 -1.0
12.0 1.0 Car -1.0 -1.0 -1.0 -1.0 -1.0 -1.0 -1.0 1.857 1.739 4.694 785.832 0.085 1555.578 0.47416650981097486 1.0 -1.0 -1.0
12.0 0.0 Bus -1.0 -1.0 -1.0 -1.0 -1.0 -1.0 -1.0 2.925 3.774 12.486 792.335 1.306 1555.725 -2.173702863701246 1.0 -1.0 -1.0
13.0 99.0 Car -1.0 -1.0 -1.0 -1.0 -1.0 -1.0 -1.0 1.73 1.562 4.084 800.723 0.0 1572.774 0.9387927482136472 1.0 -1.0 -1.0
13.0 2.0 Car -1.0 -1.0 -1.0 -1.0 -1.0 -1.0 -1.0 2.03 2.14 4.777 810.492 1.436 1580.841 -1.8818634956327598 1.0 -1.0 -1.0
13.0 1.0 Car -1.0 -1.0 -1.0 -1.0 -1.0 -1.0 -1.0 1.857 1.739 4.694 788.223 0.108 1557.267 0.663388651268268 1.0 -1.0 -1.0
13.0 0.0 Bus -1.0 -1.0 -1.0 -1.0 -1.0 -1.0 -1.0 2.925 3.774 12.486 792.287 1.217 1555.732 -2.182429509961218 1.0 -1.0 -1.0
14.0 99.0 Car -1.0 -1.0 -1.0 -1.0 -1.0 -1.0 -1.0 1.73 1.562 4.084 801.914 0.0 1574.383 0.9380795907706143 1.0 -1.0 -1.0
14.0 2.0 Car -1.0 -1.0 -1.0 -1.0 -1.0 -1.0 -1.0 2.03 2.14 4.777 809.636 1.325 1579.228 -1.989512539906377 1.0 -1.0 -1.0
14.0 1.0 Car -1.0 -1.0 -1.0 -1.0 -1.0 -1.0 -1.0 1.857 1.739 4.694 790.254 0.13 1559.376 0.8526107927255614 1.0 -1.0 -1.0
14.0 0.0 Bus -1.0 -1.0 -1.0 -1.0 -1.0 -1.0 -1.0 2.925 3.774 12.486 792.239 1.128 1555.739 -2.1911561562211905 1.0 -1.0 -1.0
15.0 99.0 Car -1.0 -1.0 -1.0 -1.0 -1.0 -1.0 -1.0 1.73 1.562 4.084 803.164 0.0 1576.058 0.9308220640311228 1.0 -1.0 -1.0
15.0 2.0 Car -1.0 -1.0 -1.0 -1.0 -1.0 -1.0 -1.0 2.03 2.14 4.777 808.761 1.255 1577.795 -2.0797082916600513 1.0 -1.0 -1.0
15.0 1.0 Car -1.0 -1.0 -1.0 -1.0 -1.0 -1.0 -1.0 1.857 1.739 4.694 792.104 0.153 1561.665 0.8700640852455048 1.0 -1.0 -1.0
15.0 0.0 Bus -1.0 -1.0 -1.0 -1.0 -1.0 -1.0 -1.0 2.925 3.774 12.486 792.044 1.04 1555.539 -2.1998828024811616 1.0 -1.0 -1.0
16.0 99.0 Car -1.0 -1.0 -1.0 -1.0 -1.0 -1.0 -1.0 1.73 1.562 4.084 804.466 0.0 1577.781 0.9209403655211642 1.0 -1.0 -1.0
16.0 2.0 Car -1.0 -1.0 -1.0 -1.0 -1.0 -1.0 -1.0 2.03 2.14 4.777 807.938 0.961 1576.523 -2.1349974583738387 1.0 -1.0 -1.0
16.0 1.0 Car -1.0 -1.0 -1.0 -1.0 -1.0 -1.0 -1.0 1.857 1.739 4.694 793.953 0.176 1563.954 0.887517377765448 1.0 -1.0 -1.0
16.0 0.0 Bus -1.0 -1.0 -1.0 -1.0 -1.0 -1.0 -1.0 2.925 3.774 12.486 791.801 0.951 1555.277 -2.2086094487411323 1.0 -1.0 -1.0
17.0 99.0 Car -1.0 -1.0 -1.0 -1.0 -1.0 -1.0 -1.0 1.73 1.562 4.084 805.583 0.0 1579.232 0.9153789706198291 1.0 -1.0 -1.0
17.0 2.0 Car -1.0 -1.0 -1.0 -1.0 -1.0 -1.0 -1.0 2.03 2.14 4.777 807.1 1.018 1575.505 -2.1449707683852353 1.0 -1.0 -1.0
17.0 1.0 Car -1.0 -1.0 -1.0 -1.0 -1.0 -1.0 -1.0 1.857 1.739 4.694 795.5 0.198 1565.817 0.9049706702853912 1.0 -1.0 -1.0
17.0 0.0 Bus -1.0 -1.0 -1.0 -1.0 -1.0 -1.0 -1.0 2.925 3.774 12.486 791.479 0.862 1554.911 -2.2173360950011047 1.0 -1.0 -1.0
18.0 99.0 Car -1.0 -1.0 -1.0 -1.0 -1.0 -1.0 -1.0 1.73 1.562 4.084 807.097 0.0 1581.187 0.9113436296949906 1.0 -1.0 -1.0
18.0 2.0 Car -1.0 -1.0 -1.0 -1.0 -1.0 -1.0 -1.0 2.03 2.14 4.777 806.155 0.794 1574.267 -2.198577309696489 0.0 -1.0 -1.0
18.0 1.0 Car -1.0 -1.0 -1.0 -1.0 -1.0 -1.0 -1.0 1.857 1.739 4.694 796.994 0.221 1567.724 0.9224239628053348 1.0 -1.0 -1.0
18.0 0.0 Bus -1.0 -1.0 -1.0 -1.0 -1.0 -1.0 -1.0 2.925 3.774 12.486 791.061 0.774 1554.425 -2.2260627412610763 1.0 -1.0 -1.0
19.0 99.0 Car -1.0 -1.0 -1.0 -1.0 -1.0 -1.0 -1.0 1.73 1.562 4.084 808.537 0.0 1583.027 0.9063987606043942 1.0 -1.0 -1.0
19.0 2.0 Car -1.0 -1.0 -1.0 -1.0 -1.0 -1.0 -1.0 2.03 2.14 4.777 805.219 0.571 1573.026 -2.2172772659678572 0.0 -1.0 -1.0
19.0 1.0 Car -1.0 -1.0 -1.0 -1.0 -1.0 -1.0 -1.0 1.857 1.739 4.694 798.462 0.243 1569.65 0.9398772553252781 1.0 -1.0 -1.0
19.0 0.0 Bus -1.0 -1.0 -1.0 -1.0 -1.0 -1.0 -1.0 2.925 3.774 12.486 790.454 0.521 1553.793 -2.2907561790287216 1.0 -1.0 -1.0
20.0 99.0 Car -1.0 -1.0 -1.0 -1.0 -1.0 -1.0 -1.0 1.73 1.562 4.084 810.76 0.0 1585.788 0.8914682694179609 1.0 -1.0 -1.0
20.0 2.0 Car -1.0 -1.0 -1.0 -1.0 -1.0 -1.0 -1.0 2.03 2.14 4.777 804.018 0.368 1571.409 -2.2141606065892963 0.0 -1.0 -1.0
20.0 1.0 Car -1.0 -1.0 -1.0 -1.0 -1.0 -1.0 -1.0 1.857 1.739 4.694 800.379 0.216 1572.134 0.9398772553252781 1.0 -1.0 -1.0
20.0 0.0 Bus -1.0 -1.0 -1.0 -1.0 -1.0 -1.0 -1.0 2.925 3.774 12.486 788.983 0.268 1552.816 -2.355449616796368 0.0 -1.0 -1.0
21.0 99.0 Car -1.0 -1.0 -1.0 -1.0 -1.0 -1.0 -1.0 1.73 1.562 4.084 812.638 0.0 1588.095 0.892136376792391 1.0 -1.0 -1.0
21.0 2.0 Car -1.0 -1.0 -1.0 -1.0 -1.0 -1.0 -1.0 2.03 2.14 4.777 803.114 0.165 1570.188 -2.211043947210734 0.0 -1.0 -1.0
21.0 1.0 Car -1.0 -1.0 -1.0 -1.0 -1.0 -1.0 -1.0 1.857 1.739 4.694 802.24 0.189 1574.66 0.9398772553252781 1.0 -1.0 -1.0
21.0 0.0 Bus -1.0 -1.0 -1.0 -1.0 -1.0 -1.0 -1.0 2.925 3.774 12.486 787.621 0.065 1552.214 -2.498682870903758 0.0 -1.0 -1.0
22.0 99.0 Car -1.0 -1.0 -1.0 -1.0 -1.0 -1.0 -1.0 1.73 1.562 4.084 814.626 0.0 1590.54 0.8961206950942735 1.0 -1.0 -1.0
22.0 2.0 Car -1.0 -1.0 -1.0 -1.0 -1.0 -1.0 -1.0 2.03 2.14 4.777 802.003 -0.038 1568.69 -2.2079272878321734 0.0 -1.0 -1.0
22.0 1.0 Car -1.0 -1.0 -1.0 -1.0 -1.0 -1.0 -1.0 1.857 1.739 4.694 804.144 0.161 1577.067 0.9398772553252781 1.0 -1.0 -1.0
22.0 0.0 Bus -1.0 -1.0 -1.0 -1.0 -1.0 -1.0 -1.0 2.925 3.774 12.486 786.055 -0.171 1551.412 -2.6360983608378334 0.0 -1.0 -1.0
23.0 99.0 Car -1.0 -1.0 -1.0 -1.0 -1.0 -1.0 -1.0 1.73 1.562 4.084 816.66 0.0 1593.062 0.8997453980920033 1.0 -1.0 -1.0
23.0 2.0 Car -1.0 -1.0 -1.0 -1.0 -1.0 -1.0 -1.0 2.03 2.14 4.777 800.891 -0.24 1567.192 -2.2048106284536115 0.0 -1.0 -1.0
23.0 1.0 Car -1.0 -1.0 -1.0 -1.0 -1.0 -1.0 -1.0 1.857 1.739 4.694 806.048 0.134 1579.475 0.9398772553252781 1.0 -1.0 -1.0
23.0 0.0 Bus -1.0 -1.0 -1.0 -1.0 -1.0 -1.0 -1.0 2.925 3.774 12.486 784.644 -0.219 1550.998 -2.7386072657320226 0.0 -1.0 -1.0
24.0 99.0 Car -1.0 -1.0 -1.0 -1.0 -1.0 -1.0 -1.0 1.73 1.562 4.084 818.827 0.0 1595.766 0.9046846474413598 1.0 -1.0 -1.0
24.0 2.0 Car -1.0 -1.0 -1.0 -1.0 -1.0 -1.0 -1.0 2.03 2.14 4.777 799.673 -0.412 1565.553 -2.2048106284536115 0.0 -1.0 -1.0
24.0 1.0 Car -1.0 -1.0 -1.0 -1.0 -1.0 -1.0 -1.0 1.857 1.739 4.694 808.099 0.107 1582.249 0.935513932195292 1.0 -1.0 -1.0
24.0 0.0 Bus -1.0 -1.0 -1.0 -1.0 -1.0 -1.0 -1.0 2.925 3.774 12.486 782.545 -0.566 1550.655 -2.8634439461520556 0.0 -1.0 -1.0
25.0 99.0 Car -1.0 -1.0 -1.0 -1.0 -1.0 -1.0 -1.0 1.73 1.562 4.084 821.055 0.0 1598.573 0.9083006064316097 1.0 -1.0 -1.0
25.0 2.0 Car -1.0 -1.0 -1.0 -1.0 -1.0 -1.0 -1.0 2.03 2.14 4.777 798.295 -0.584 1564.03 -2.2048106284536115 0.0 -1.0 -1.0
25.0 1.0 Car -1.0 -1.0 -1.0 -1.0 -1.0 -1.0 -1.0 1.857 1.739 4.694 810.151 0.079 1585.023 0.9311506090653063 1.0 -1.0 -1.0
25.0 0.0 Bus -1.0 -1.0 -1.0 -1.0 -1.0 -1.0 -1.0 2.925 3.774 12.486 780.421 -0.663 1550.576 -2.988280626572088 0.0 -1.0 -1.0
26.0 99.0 Car -1.0 -1.0 -1.0 -1.0 -1.0 -1.0 -1.0 1.73 1.562 4.084 823.358 0.0 1601.492 0.9131704828113206 1.0 -1.0 -1.0
26.0 2.0 Car -1.0 -1.0 -1.0 -1.0 -1.0 -1.0 -1.0 2.03 2.14 4.777 796.971 -0.855 1562.468 -2.2048106284536115 0.0 -1.0 -1.0
26.0 1.0 Car -1.0 -1.0 -1.0 -1.0 -1.0 -1.0 -1.0 1.857 1.739 4.694 812.424 0.052 1587.978 0.9267872859353207 1.0 -1.0 -1.0
26.0 0.0 Bus -1.0 -1.0 -1.0 -1.0 -1.0 -1.0 -1.0 2.925 3.774 12.486 778.303 -0.935 1550.762 -3.1131173069921205 0.0 -1.0 -1.0
27.0 99.0 Car -1.0 -1.0 -1.0 -1.0 -1.0 -1.0 -1.0 1.73 1.562 4.084 825.692 0.0 1604.505 0.9214260776041437 1.0 -1.0 -1.0
27.0 2.0 Car -1.0 -1.0 -1.0 -1.0 -1.0 -1.0 -1.0 2.03 2.14 4.777 795.913 -1.077 1561.159 -2.2048106284536115 0.0 -1.0 -1.0
27.0 1.0 Car -1.0 -1.0 -1.0 -1.0 -1.0 -1.0 -1.0 1.857 1.739 4.694 814.697 0.024 1590.933 0.9224239628053348 1.0 -1.0 -1.0
27.0 0.0 Bus -1.0 -1.0 -1.0 -1.0 -1.0 -1.0 -1.0 2.925 3.774 12.486 776.224 -1.224 1551.211 3.0452313197674337 0.0 -1.0 -1.0
28.0 99.0 Car -1.0 -1.0 -1.0 -1.0 -1.0 -1.0 -1.0 1.73 1.562 4.084 828.041 0.0 1607.607 0.9331139384203395 1.0 -1.0 -1.0
28.0 2.0 Car -1.0 -1.0 -1.0 -1.0 -1.0 -1.0 -1.0 2.03 2.14 4.777 794.78 -1.299 1559.579 -2.2048106284536115 0.0 -1.0 -1.0
28.0 1.0 Car -1.0 -1.0 -1.0 -1.0 -1.0 -1.0 -1.0 1.857 1.739 4.694 817.083 0.014 1593.932 0.9282417269786493 0.0 -1.0 -1.0
28.0 0.0 Bus -1.0 -1.0 -1.0 -1.0 -1.0 -1.0 -1.0 2.925 3.774 12.486 773.643 -1.417 1551.395 3.0452313197674337 0.0 -1.0 -1.0
29.0 99.0 Car -1.0 -1.0 -1.0 -1.0 -1.0 -1.0 -1.0 1.73 1.562 4.084 830.409 0.0 1610.811 0.9437095296737297 1.0 -1.0 -1.0
29.0 2.0 Car -1.0 -1.0 -1.0 -1.0 -1.0 -1.0 -1.0 2.03 2.14 4.777 793.935 -1.62 1558.42 -2.2048106284536115 0.0 -1.0 -1.0
29.0 1.0 Car -1.0 -1.0 -1.0 -1.0 -1.0 -1.0 -1.0 1.857 1.739 4.694 819.469 0.003 1596.932 0.9340594911519635 0.0 -1.0 -1.0
29.0 0.0 Bus -1.0 -1.0 -1.0 -1.0 -1.0 -1.0 -1.0 2.925 3.774 12.486 771.062 -1.911 1551.579 3.0452313197674337 0.0 -1.0 -1.0
30.0 99.0 Car -1.0 -1.0 -1.0 -1.0 -1.0 -1.0 -1.0 1.73 1.562 4.084 832.724 0.0 1614.007 0.952343165873544 1.0 -1.0 -1.0
30.0 1.0 Car -1.0 -1.0 -1.0 -1.0 -1.0 -1.0 -1.0 1.857 1.739 4.694 821.856 -0.008 1599.931 0.9398772553252781 0.0 -1.0 -1.0
30.0 0.0 Bus -1.0 -1.0 -1.0 -1.0 -1.0 -1.0 -1.0 2.925 3.774 12.486 768.48 -2.605 1551.763 3.0452313197674337 0.0 -1.0 -1.0
31.0 99.0 Car -1.0 -1.0 -1.0 -1.0 -1.0 -1.0 -1.0 1.73 1.562 4.084 835.033 0.0 1617.245 0.9603361356118967 1.0 -1.0 -1.0
31.0 1.0 Car -1.0 -1.0 -1.0 -1.0 -1.0 -1.0 -1.0 1.857 1.739 4.694 824.322 0.001 1603.262 0.9282417269786493 0.0 -1.0 -1.0
31.0 0.0 Bus -1.0 -1.0 -1.0 -1.0 -1.0 -1.0 -1.0 2.925 3.774 12.486 766.156 -2.848 1551.923 3.0452313197674337 0.0 -1.0 -1.0
32.0 99.0 Car -1.0 -1.0 -1.0 -1.0 -1.0 -1.0 -1.0 1.73 1.562 4.084 837.188 0.0 1620.361 0.9734128708001671 1.0 -1.0 -1.0
32.0 1.0 Car -1.0 -1.0 -1.0 -1.0 -1.0 -1.0 -1.0 1.857 1.739 4.694 826.9 0.059 1606.509 0.951512783671907 0.0 -1.0 -1.0
33.0 99.0 Car -1.0 -1.0 -1.0 -1.0 -1.0 -1.0 -1.0 1.73 1.562 4.084 838.883 0.0 1622.888 0.9879590345870706 1.0 -1.0 -1.0
33.0 1.0 Car -1.0 -1.0 -1.0 -1.0 -1.0 -1.0 -1.0 1.857 1.739 4.694 829.135 0.117 1609.364 0.9573305478452214 0.0 -1.0 -1.0
34.0 99.0 Car -1.0 -1.0 -1.0 -1.0 -1.0 -1.0 -1.0 1.73 1.562 4.084 840.858 0.0 1625.955 1.0143044560979517 1.0 -1.0 -1.0
34.0 1.0 Car -1.0 -1.0 -1.0 -1.0 -1.0 -1.0 -1.0 1.857 1.739 4.694 831.285 0.176 1612.28 0.9631483120185358 0.0 -1.0 -1.0
35.0 99.0 Car -1.0 -1.0 -1.0 -1.0 -1.0 -1.0 -1.0 1.73 1.562 4.084 842.692 0.0 1628.936 1.0402991613200085 1.0 -1.0 -1.0
35.0 1.0 Car -1.0 -1.0 -1.0 -1.0 -1.0 -1.0 -1.0 1.857 1.739 4.694 833.446 0.234 1615.314 0.9689660761918502 0.0 -1.0 -1.0
36.0 99.0 Car -1.0 -1.0 -1.0 -1.0 -1.0 -1.0 -1.0 1.73 1.562 4.084 844.36 0.0 1631.835 1.0706711663206183 1.0 -1.0 -1.0
36.0 1.0 Car -1.0 -1.0 -1.0 -1.0 -1.0 -1.0 -1.0 1.857 1.739 4.694 835.608 0.292 1618.347 0.9747838403651646 0.0 -1.0 -1.0
37.0 99.0 Car -1.0 -1.0 -1.0 -1.0 -1.0 -1.0 -1.0 1.73 1.562 4.084 845.894 0.0 1634.682 1.0989664535840455 1.0 -1.0 -1.0
37.0 1.0 Car -1.0 -1.0 -1.0 -1.0 -1.0 -1.0 -1.0 1.857 1.739 4.694 837.718 0.367 1621.317 1.0053271022750654 0.0 -1.0 -1.0
38.0 99.0 Car -1.0 -1.0 -1.0 -1.0 -1.0 -1.0 -1.0 1.73 1.562 4.084 847.287 0.0 1637.478 1.1311147679500222 1.0 -1.0 -1.0
38.0 1.0 Car -1.0 -1.0 -1.0 -1.0 -1.0 -1.0 -1.0 1.857 1.739 4.694 839.736 0.442 1624.349 1.0358703641849663 0.0 -1.0 -1.0
39.0 99.0 Car -1.0 -1.0 -1.0 -1.0 -1.0 -1.0 -1.0 1.73 1.562 4.084 848.554 0.0 1640.222 1.160890580777608 1.0 -1.0 -1.0
39.0 1.0 Car -1.0 -1.0 -1.0 -1.0 -1.0 -1.0 -1.0 1.857 1.739 4.694 841.553 0.517 1627.184 1.066413626094867 0.0 -1.0 -1.0
