0.0 99.0 Car -1.0 -1.0 -1.0 -1.0 -1.0 -1.0 -1.0 1.73 1.562 4.084 1327.631 0.0 1221.613 0.1312314819428735 1.0 -1.0 -1.0
0.0 0.0 Truck -1.0 -1.0 -1.0 -1.0 -1.0 -1.0 -1.0 1.946 2.041 5.017 1309.919 1.64 1240.447 -1.1680092420199013 0.0 -1.0 -1.0
0.0 2.0 Car -1.0 -1.0 -1.0 -1.0 -1.0 -1.0 -1.0 1.836 1.638 4.141 1315.97 1.08 1226.88 -1.1561584563895697 0.0 -1.0 -1.0
0.0 1.0 Bus -1.0 -1.0 -1.0 -1.0 -1.0 -1.0 -1.0 2.96 3.252 10.715 1238.781 2.636 1189.79 0.43486623640024336 0.0 -1.0 -1.0
1.0 99.0 Car -1.0 -1.0 -1.0 -1.0 -1.0 -1.0 -1.0 1.73 1.562 4.084 1330.042 0.0 1221.937 0.15675876027350058 1.0 -1.0 -1.0
1.0 0.0 Truck -1.0 -1.0 -1.0 -1.0 -1.0 -1.0 -1.0 1.946 2.041 5.017 1310.736 1.565 1238.594 -1.1680092420199013 1.0 -1.0 -1.0
1.0 2.0 Car -1.0 -1.0 -1.0 -1.0 -1.0 -1.0 -1.0 1.836 1.638 4.141 1316.23 0.993 1226.418 -1.158527117517276 1.0 -1.0 -1.0
1.0 1.0 Bus -1.0 -1.0 -1.0 -1.0 -1.0 -1.0 -1.0 2.96 3.252 10.715 1242.064 2.442 1191.461 0.4523195289201866 1.0 -1.0 -1.0
2.0 99.0 Car -1.0 -1.0 -1.0 -1.0 -1.0 -1.0 -1.0 1.73 1.562 4.084 1332.539 0.0 1222.306 0.15671057954869094 1.0 -1.0 -1.0
2.0 0.0 Truck -1.0 -1.0 -1.0 -1.0 -1.0 -1.0 -1.0 1.946 2.041 5.017 1311.553 1.49 1236.74 -1.1680092420199013 1.0 -1.0 -1.0
2.0 2.0 Car -1.0 -1.0 -1.0 -1.0 -1.0 -1.0 -1.0 1.836 1.638 4.141 1316.398 1.007 1226.165 -1.1608957786449827 1.0 -1.0 -1.0
2.0 1.0 Bus -1.0 -1.0 -1.0 -1.0 -1.0 -1.0 -1.0 2.96 3.252 10.715 1245.413 2.348 1193.162 0.43486623640024336 1.0 -1.0 -1.0
3.0 99.0 Car -1.0 -1.0 -1.0 -1.0 -1.0 -1.0 -1.0 1.73 1.562 4.084 1335.013 0.0 1222.644 0.12829914940482082 1.0 -1.0 -1.0
3.0 0.0 Truck -1.0 -1.0 -1.0 -1.0 -1.0 -1.0 -1.0 1.946 2.041 5.017 1312.019 1.415 1235.713 -1.1680092420199013 0.0 -1.0 -1.0
3.0 2.0 Car -1.0 -1.0 -1.0 -1.0 -1.0 -1.0 -1.0 1.836 1.638 4.141 1316.545 0.97 1225.964 -1.1632644397726892 1.0 -1.0 -1.0
3.0 1.0 Bus -1.0 -1.0 -1.0 -1.0 -1.0 -1.0 -1.0 2.96 3.252 10.715 1248.907 2.204 1194.728 0.43486623640024336 1.0 -1.0 -1.0
4.0 99.0 Car -1.0 -1.0 -1.0 -1.0 -1.0 -1.0 -1.0 1.73 1.562 4.084 1337.444 0.0 1222.897 0.09334301332573955 1.0 -1.0 -1.0
4.0 0.0 Truck -1.0 -1.0 -1.0 -1.0 -1.0 -1.0 -1.0 1.946 2.041 5.017 1312.484 1.34 1234.685 -1.1680092420199013 0.0 -1.0 -1.0
4.0 2.0 Car -1.0 -1.0 -1.0 -1.0 -1.0 -1.0 -1.0 1.836 1.638 4.141 1316.767 0.934 1225.59 -1.1656331009003962 1.0 -1.0 -1.0
4.0 1.0 Bus -1.0 -1.0 -1.0 -1.0 -1.0 -1.0 -1.0 2.96 3.252 10.715 1252.401 2.06 1196.293 0.43486623640024336 1.0 -1.0 -1.0
5.0 99.0 Car -1.0 -1.0 -1.0 -1.0 -1.0 -1.0 -1.0 1.73 1.562 4.084 1339.938 0.0 1223.076 0.061535590085559484 1.0 -1.0 -1.0
5.0 0.0 Truck -1.0 -1.0 -1.0 -1.0 -1.0 -1.0 -1.0 1.946 2.041 5.017 1312.75 1.34 1233.978 -1.1680092420199013 0.0 -1.0 -1.0
5.0 2.0 Car -1.0 -1.0 -1.0 -1.0 -1.0 -1.0 -1.0 1.836 1.638 4.141 1317.086 1.085 1225.009 -1.124368530728245 1.0 -1.0 -1.0
5.0 1.0 Bus -1.0 -1.0 -1.0 -1.0 -1.0 -1.0 -1.0 2.96 3.252 10.715 1256.582 2.341 1198.218 0.4435928826602149 1.0 -1.0 -1.0
6.0 99.0 Car -1.0 -1.0 -1.0 -1.0 -1.0 -1.0 -1.0 1.73 1.562 4.084 1342.45 0.0 1223.179 0.03771037836980684 1.0 -1.0 -1.0
6.0 0.0 Truck -1.0 -1.0 -1.0 -1.0 -1.0 -1.0 -1.0 1.946 2.041 5.017 1313.016 1.34 1233.272 -1.1680092420199013 0.0 -1.0 -1.0
6.0 2.0 Car -1.0 -1.0 -1.0 -1.0 -1.0 -1.0 -1.0 1.836 1.638 4.141 1317.509 1.047 1224.245 -1.0551786925241846 1.0 -1.0 -1.0
6.0 1.0 Bus -1.0 -1.0 -1.0 -1.0 -1.0 -1.0 -1.0 2.96 3.252 10.715 1260.763 2.222 1200.143 0.4523195289201866 1.0 -1.0 -1.0
7.0 99.0 Car -1.0 -1.0 -1.0 -1.0 -1.0 -1.0 -1.0 1.73 1.562 4.084 1345.459 0.0 1223.248 0.02336258481251622 1.0 -1.0 -1.0
7.0 0.0 Truck -1.0 -1.0 -1.0 -1.0 -1.0 -1.0 -1.0 1.946 2.041 5.017 1313.315 1.115 1232.486 -1.1680092420199013 0.0 -1.0 -1.0
7.0 2.0 Car -1.0 -1.0 -1.0 -1.0 -1.0 -1.0 -1.0 1.836 1.638 4.141 1318.435 0.96 1223.177 -0.9161756842403523 1.0 -1.0 -1.0
7.0 1.0 Bus -1.0 -1.0 -1.0 -1.0 -1.0 -1.0 -1.0 2.96 3.252 10.715 1265.242 2.154 1202.238 0.43486623640024336 1.0 -1.0 -1.0
8.0 99.0 Car -1.0 -1.0 -1.0 -1.0 -1.0 -1.0 -1.0 1.73 1.562 4.084 1348.652 0.0 1223.297 0.016869758983847433 1.0 -1.0 -1.0
8.0 0.0 Truck -1.0 -1.0 -1.0 -1.0 -1.0 -1.0 -1.0 1.946 2.041 5.017 1313.8 1.14 1231.244 -1.181099211409858 0.0 -1.0 -1.0
8.0 2.0 Car -1.0 -1.0 -1.0 -1.0 -1.0 -1.0 -1.0 1.836 1.638 4.141 1319.487 0.872 1222.181 -0.7023728508710491 1.0 -1.0 -1.0
8.0 1.0 Bus -1.0 -1.0 -1.0 -1.0 -1.0 -1.0 -1.0 2.96 3.252 10.715 1269.596 1.995 1204.181 0.41741294388030004 0.0 -1.0 -1.0
9.0 99.0 Car -1.0 -1.0 -1.0 -1.0 -1.0 -1.0 -1.0 1.73 1.562 4.084 1352.189 0.0 1223.322 0.009173364621575109 1.0 -1.0 -1.0
9.0 0.0 Truck -1.0 -1.0 -1.0 -1.0 -1.0 -1.0 -1.0 1.946 2.041 5.017 1314.266 1.165 1230.218 -1.1592825957599295 0.0 -1.0 -1.0
9.0 2.0 Car -1.0 -1.0 -1.0 -1.0 -1.0 -1.0 -1.0 1.836 1.638 4.141 1321.023 0.868 1221.453 -0.45802675559184364 1.0 -1.0 -1.0
9.0 1.0 Bus -1.0 -1.0 -1.0 -1.0 -1.0 -1.0 -1.0 2.96 3.252 10.715 1273.999 2.023 1206.01 0.3999596513603567 0.0 -1.0 -1.0
10.0 99.0 Car -1.0 -1.0 -1.0 -1.0 -1.0 -1.0 -1.0 1.73 1.562 4.084 1355.653 0.0 1223.32 0.000779360678548399 1.0 -1.0 -1.0
10.0 0.0 Truck -1.0 -1.0 -1.0 -1.0 -1.0 -1.0 -1.0 1.946 2.041 5.017 1314.748 1.19 1229.353 -1.137465980110001 0.0 -1.0 -1.0
10.0 2.0 Car -1.0 -1.0 -1.0 -1.0 -1.0 -1.0 -1.0 1.836 1.638 4.141 1322.764 0.864 1221.33 -0.21368066031263847 1.0 -1.0 -1.0
10.0 1.0 Bus -1.0 -1.0 -1.0 -1.0 -1.0 -1.0 -1.0 2.96 3.252 10.715 1278.433 2.052 1207.761 0.38250635884041345 1.0 -1.0 -1.0
11.0 99.0 Car -1.0 -1.0 -1.0 -1.0 -1.0 -1.0 -1.0 1.73 1.562 4.084 1360.099 0.0 1223.231 -0.03228587067189501 1.0 -1.0 -1.0
11.0 0.0 Truck -1.0 -1.0 -1.0 -1.0 -1.0 -1.0 -1.0 1.946 2.041 5.017 1315.231 1.215 1228.488 -1.1156493644600718 0.0 -1.0 -1.0
11.0 2.0 Car -1.0 -1.0 -1.0 -1.0 -1.0 -1.0 -1.0 1.836 1.638 4.141 1324.921 0.86 1221.479 0.030665434966566932 1.0 -1.0 -1.0
11.0 1.0 Bus -1.0 -1.0 -1.0 -1.0 -1.0 -1.0 -1.0 2.96 3.252 10.715 1282.882 2.08 1209.473 0.3650530663204701 1.0 -1.0 -1.0
12.0 99.0 Car -1.0 -1.0 -1.0 -1.0 -1.0 -1.0 -1.0 1.73 1.562 4.084 1364.343 0.0 1223.011 -0.06390072403466407 1.0 -1.0 -1.0
12.0 0.0 Truck -1.0 -1.0 -1.0 -1.0 -1.0 -1.0 -1.0 1.946 2.041 5.017 1315.383 1.303 1228.156 -1.1156493644600718 0.0 -1.0 -1.0
12.0 2.0 Car -1.0 -1.0 -1.0 -1.0 -1.0 -1.0 -1.0 1.836 1.638 4.141 1327.353 0.943 1221.848 0.1062963692196548 1.0 -1.0 -1.0
12.0 1.0 Bus -1.0 -1.0 -1.0 -1.0 -1.0 -1.0 -1.0 2.96 3.252 10.715 1287.332 2.109 1211.186 0.34759977380052676 1.0 -1.0 -1.0
13.0 99.0 Car -1.0 -1.0 -1.0 -1.0 -1.0 -1.0 -1.0 1.73 1.562 4.084 1368.706 0.0 1222.661 -0.09550507001959237 1.0 -1.0 -1.0
13.0 0.0 Truck -1.0 -1.0 -1.0 -1.0 -1.0 -1.0 -1.0 1.946 2.041 5.017 1315.536 1.39 1227.823 -1.1156493644600718 0.0 -1.0 -1.0
13.0 2.0 Car -1.0 -1.0 -1.0 -1.0 -1.0 -1.0 -1.0 1.836 1.638 4.141 1329.789 1.026 1222.146 0.11211413339296916 1.0 -1.0 -1.0
13.0 1.0 Bus -1.0 -1.0 -1.0 -1.0 -1.0 -1.0 -1.0 2.96 3.252 10.715 1292.22 2.148 1212.855 0.32141983502061194 1.0 -1.0 -1.0
14.0 99.0 Car -1.0 -1.0 -1.0 -1.0 -1.0 -1.0 -1.0 1.73 1.562 4.084 1373.118 0.0 1222.126 -0.13751494925432775 1.0 -1.0 -1.0
14.0 0.0 Truck -1.0 -1.0 -1.0 -1.0 -1.0 -1.0 -1.0 1.946 2.041 5.017 1315.552 1.478 1227.769 -1.1156493644600718 0.0 -1.0 -1.0
14.0 2.0 Car -1.0 -1.0 -1.0 -1.0 -1.0 -1.0 -1.0 1.836 1.638 4.141 1332.642 1.035 1222.586 0.11793189756628353 1.0 -1.0 -1.0
14.0 1.0 Bus -1.0 -1.0 -1.0 -1.0 -1.0 -1.0 -1.0 2.96 3.252 10.715 1297.15 2.188 1214.397 0.2952398962406968 1.0 -1.0 -1.0
15.0 99.0 Car -1.0 -1.0 -1.0 -1.0 -1.0 -1.0 -1.0 1.73 1.562 4.084 1377.433 0.0 1221.41 -0.18085924530855882 1.0 -1.0 -1.0
15.0 2.0 Car -1.0 -1.0 -1.0 -1.0 -1.0 -1.0 -1.0 1.836 1.638 4.141 1335.891 1.093 1223.018 0.10047860504634021 1.0 -1.0 -1.0
15.0 1.0 Bus -1.0 -1.0 -1.0 -1.0 -1.0 -1.0 -1.0 2.96 3.252 10.715 1301.351 2.202 1215.505 0.2719688395474391 1.0 -1.0 -1.0
16.0 99.0 Car -1.0 -1.0 -1.0 -1.0 -1.0 -1.0 -1.0 1.73 1.562 4.084 1381.32 0.0 1220.576 -0.221817640073176 1.0 -1.0 -1.0
16.0 2.0 Car -1.0 -1.0 -1.0 -1.0 -1.0 -1.0 -1.0 1.836 1.638 4.141 1338.904 1.076 1223.3 0.05975425583313899 1.0 -1.0 -1.0
16.0 1.0 Bus -1.0 -1.0 -1.0 -1.0 -1.0 -1.0 -1.0 2.96 3.252 10.715 1305.561 2.217 1216.576 0.24869778285418143 1.0 -1.0 -1.0
17.0 99.0 Car -1.0 -1.0 -1.0 -1.0 -1.0 -1.0 -1.0 1.73 1.562 4.084 1385.61 0.0 1219.487 -0.25841796225333014 1.0 -1.0 -1.0
17.0 2.0 Car -1.0 -1.0 -1.0 -1.0 -1.0 -1.0 -1.0 1.836 1.638 4.141 1342.951 1.06 1223.521 0.05393649165982462 1.0 -1.0 -1.0
17.0 1.0 Bus -1.0 -1.0 -1.0 -1.0 -1.0 -1.0 -1.0 2.96 3.252 10.715 1309.772 2.231 1217.647 0.22542672616092355 1.0 -1.0 -1.0
18.0 99.0 Car -1.0 -1.0 -1.0 -1.0 -1.0 -1.0 -1.0 1.73 1.562 4.084 1389.843 0.0 1218.199 -0.31673910178363035 1.0 -1.0 -1.0
18.0 2.0 Car -1.0 -1.0 -1.0 -1.0 -1.0 -1.0 -1.0 1.836 1.638 4.141 1347.174 1.118 1223.58 0.013212142446623608 1.0 -1.0 -1.0
18.0 1.0 Bus -1.0 -1.0 -1.0 -1.0 -1.0 -1.0 -1.0 2.96 3.252 10.715 1313.613 2.112 1218.503 0.2079734336409802 1.0 -1.0 -1.0
19.0 99.0 Car -1.0 -1.0 -1.0 -1.0 -1.0 -1.0 -1.0 1.73 1.562 4.084 1394.007 0.0 1216.681 -0.37651717764405646 1.0 -1.0 -1.0
19.0 2.0 Car -1.0 -1.0 -1.0 -1.0 -1.0 -1.0 -1.0 1.836 1.638 4.141 1352.148 1.076 1223.659 -0.02169444259326303 1.0 -1.0 -1.0
19.0 1.0 Bus -1.0 -1.0 -1.0 -1.0 -1.0 -1.0 -1.0 2.96 3.252 10.715 1317.455 1.993 1219.359 0.19052014112103688 1.0 -1.0 -1.0
20.0 99.0 Car -1.0 -1.0 -1.0 -1.0 -1.0 -1.0 -1.0 1.73 1.562 4.084 1398.072 0.0 1214.958 -0.4273731437110035 1.0 -1.0 -1.0
20.0 2.0 Car -1.0 -1.0 -1.0 -1.0 -1.0 -1.0 -1.0 1.836 1.638 4.141 1357.121 1.035 1223.564 -0.05660102763314968 1.0 -1.0 -1.0
20.0 1.0 Bus -1.0 -1.0 -1.0 -1.0 -1.0 -1.0 -1.0 2.96 3.252 10.715 1321.327 1.957 1220.064 0.17306684860109356 1.0 -1.0 -1.0
21.0 99.0 Car -1.0 -1.0 -1.0 -1.0 -1.0 -1.0 -1.0 1.73 1.562 4.084 1402.042 0.0 1213.048 -0.4726293181896055 1.0 -1.0 -1.0
21.0 2.0 Car -1.0 -1.0 -1.0 -1.0 -1.0 -1.0 -1.0 1.836 1.638 4.141 1362.089 0.993 1223.311 -0.09150761267303631 1.0 -1.0 -1.0
21.0 1.0 Bus -1.0 -1.0 -1.0 -1.0 -1.0 -1.0 -1.0 2.96 3.252 10.715 1325.203 1.922 1220.743 0.15561355608115024 1.0 -1.0 -1.0
22.0 99.0 Car -1.0 -1.0 -1.0 -1.0 -1.0 -1.0 -1.0 1.73 1.562 4.084 1405.995 0.0 1210.934 -0.5117420057445745 1.0 -1.0 -1.0
22.0 2.0 Car -1.0 -1.0 -1.0 -1.0 -1.0 -1.0 -1.0 1.836 1.638 4.141 1367.782 0.951 1222.867 -0.12641419771292292 1.0 -1.0 -1.0
22.0 1.0 Bus -1.0 -1.0 -1.0 -1.0 -1.0 -1.0 -1.0 2.96 3.252 10.715 1329.079 1.886 1221.422 0.13816026356120692 1.0 -1.0 -1.0
23.0 99.0 Car -1.0 -1.0 -1.0 -1.0 -1.0 -1.0 -1.0 1.73 1.562 4.084 1409.955 0.0 1208.626 -0.5395713038299504 1.0 -1.0 -1.0
23.0 2.0 Car -1.0 -1.0 -1.0 -1.0 -1.0 -1.0 -1.0 1.836 1.638 4.141 1373.456 0.91 1222.225 -0.1613207827528096 1.0 -1.0 -1.0
23.0 1.0 Bus -1.0 -1.0 -1.0 -1.0 -1.0 -1.0 -1.0 2.96 3.252 10.715 1332.752 1.897 1221.963 0.08580038600137697 1.0 -1.0 -1.0
24.0 99.0 Car -1.0 -1.0 -1.0 -1.0 -1.0 -1.0 -1.0 1.73 1.562 4.084 1413.899 0.0 1206.197 -0.5596028333633315 1.0 -1.0 -1.0
24.0 2.0 Car -1.0 -1.0 -1.0 -1.0 -1.0 -1.0 -1.0 1.836 1.638 4.141 1379.105 0.868 1221.385 -0.19622736779269623 1.0 -1.0 -1.0
24.0 1.0 Bus -1.0 -1.0 -1.0 -1.0 -1.0 -1.0 -1.0 2.96 3.252 10.715 1336.305 1.808 1222.265 0.033440508441547 1.0 -1.0 -1.0
25.0 99.0 Car -1.0 -1.0 -1.0 -1.0 -1.0 -1.0 -1.0 1.73 1.562 4.084 1417.841 0.0 1203.688 -0.5700595826087118 1.0 -1.0 -1.0
25.0 2.0 Car -1.0 -1.0 -1.0 -1.0 -1.0 -1.0 -1.0 1.836 1.638 4.141 1385.018 0.736 1220.125 -0.25905922086449196 1.0 -1.0 -1.0
25.0 1.0 Bus -1.0 -1.0 -1.0 -1.0 -1.0 -1.0 -1.0 2.96 3.252 10.715 1339.874 1.669 1222.425 0.033440508441547 1.0 -1.0 -1.0
26.0 99.0 Car -1.0 -1.0 -1.0 -1.0 -1.0 -1.0 -1.0 1.73 1.562 4.084 1421.846 0.0 1201.086 -0.5777512551151373 1.0 -1.0 -1.0
26.0 2.0 Car -1.0 -1.0 -1.0 -1.0 -1.0 -1.0 -1.0 1.836 1.638 4.141 1391.059 0.605 1218.431 -0.3218910739362877 1.0 -1.0 -1.0
26.0 1.0 Bus -1.0 -1.0 -1.0 -1.0 -1.0 -1.0 -1.0 2.96 3.252 10.715 1343.816 1.531 1222.518 0.01598721592160368 0.0 -1.0 -1.0
27.0 99.0 Car -1.0 -1.0 -1.0 -1.0 -1.0 -1.0 -1.0 1.73 1.562 4.084 1425.807 0.0 1198.467 -0.5814465756266655 1.0 -1.0 -1.0
27.0 2.0 Car -1.0 -1.0 -1.0 -1.0 -1.0 -1.0 -1.0 1.836 1.638 4.141 1397.235 0.473 1216.264 -0.3847229270080834 0.0 -1.0 -1.0
27.0 1.0 Bus -1.0 -1.0 -1.0 -1.0 -1.0 -1.0 -1.0 2.96 3.252 10.715 1347.758 1.392 1222.543 -0.0014660765983396384 0.0 -1.0 -1.0
28.0 99.0 Car -1.0 -1.0 -1.0 -1.0 -1.0 -1.0 -1.0 1.73 1.562 4.084 1429.767 0.0 1195.864 -0.5745519806073358 1.0 -1.0 -1.0
28.0 2.0 Car -1.0 -1.0 -1.0 -1.0 -1.0 -1.0 -1.0 1.836 1.638 4.141 1403.167 0.341 1213.663 -0.44755478007987914 0.0 -1.0 -1.0
28.0 1.0 Bus -1.0 -1.0 -1.0 -1.0 -1.0 -1.0 -1.0 2.96 3.252 10.715 1351.701 1.253 1222.533 -0.018919369118282955 0.0 -1.0 -1.0
29.0 99.0 Car -1.0 -1.0 -1.0 -1.0 -1.0 -1.0 -1.0 1.73 1.562 4.084 1433.746 0.0 1193.285 -0.564258264301599 1.0 -1.0 -1.0
29.0 2.0 Car -1.0 -1.0 -1.0 -1.0 -1.0 -1.0 -1.0 1.836 1.638 4.141 1408.945 0.21 1210.664 -0.5103866331516751 0.0 -1.0 -1.0
29.0 1.0 Bus -1.0 -1.0 -1.0 -1.0 -1.0 -1.0 -1.0 2.96 3.252 10.715 1355.643 1.114 1222.524 -0.03637266163822628 0.0 -1.0 -1.0
30.0 99.0 Car -1.0 -1.0 -1.0 -1.0 -1.0 -1.0 -1.0 1.73 1.562 4.084 1437.708 0.0 1190.752 -0.5563846858592774 1.0 -1.0 -1.0
30.0 2.0 Car -1.0 -1.0 -1.0 -1.0 -1.0 -1.0 -1.0 1.836 1.638 4.141 1414.624 0.164 1207.273 -0.5608072559870663 0.0 -1.0 -1.0
30.0 1.0 Bus -1.0 -1.0 -1.0 -1.0 -1.0 -1.0 -1.0 2.96 3.252 10.715 1360.157 0.975 1222.214 -0.03637266163822628 0.0 -1.0 -1.0
31.0 99.0 Car -1.0 -1.0 -1.0 -1.0 -1.0 -1.0 -1.0 1.73 1.562 4.084 1442.141 0.0 1187.99 -0.5480169161952028 1.0 -1.0 -1.0
31.0 2.0 Car -1.0 -1.0 -1.0 -1.0 -1.0 -1.0 -1.0 1.836 1.638 4.141 1420.185 0.119 1203.686 -0.5588680012626281 0.0 -1.0 -1.0
31.0 1.0 Bus -1.0 -1.0 -1.0 -1.0 -1.0 -1.0 -1.0 2.96 3.252 10.715 1364.875 0.827 1221.937 -0.08075389118893918 0.0 -1.0 -1.0
32.0 99.0 Car -1.0 -1.0 -1.0 -1.0 -1.0 -1.0 -1.0 1.73 1.562 4.084 1446.141 0.0 1185.509 -0.5554082669496346 1.0 -1.0 -1.0
32.0 2.0 Car -1.0 -1.0 -1.0 -1.0 -1.0 -1.0 -1.0 1.836 1.638 4.141 1425.754 0.148 1199.876 -0.5743820390581331 0.0 -1.0 -1.0
32.0 1.0 Bus -1.0 -1.0 -1.0 -1.0 -1.0 -1.0 -1.0 2.96 3.252 10.715 1369.576 0.68 1221.451 -0.1251351207396523 0.0 -1.0 -1.0
33.0 99.0 Car -1.0 -1.0 -1.0 -1.0 -1.0 -1.0 -1.0 1.73 1.562 4.084 1450.119 0.0 1182.986 -0.568734586122847 1.0 -1.0 -1.0
33.0 2.0 Car -1.0 -1.0 -1.0 -1.0 -1.0 -1.0 -1.0 1.836 1.638 4.141 1430.155 0.128 1196.939 -0.5666250201603806 0.0 -1.0 -1.0
33.0 1.0 Bus -1.0 -1.0 -1.0 -1.0 -1.0 -1.0 -1.0 2.96 3.252 10.715 1374.25 0.532 1220.757 -0.16951635029036535 0.0 -1.0 -1.0
34.0 99.0 Car -1.0 -1.0 -1.0 -1.0 -1.0 -1.0 -1.0 1.73 1.562 4.084 1454.051 0.0 1180.42 -0.58230538766684 1.0 -1.0 -1.0
34.0 2.0 Car -1.0 -1.0 -1.0 -1.0 -1.0 -1.0 -1.0 1.836 1.638 4.141 1434.909 0.107 1193.773 -0.5763212937825712 0.0 -1.0 -1.0
34.0 1.0 Bus -1.0 -1.0 -1.0 -1.0 -1.0 -1.0 -1.0 2.96 3.252 10.715 1379.126 0.385 1219.786 -0.2138975798410785 0.0 -1.0 -1.0
35.0 99.0 Car -1.0 -1.0 -1.0 -1.0 -1.0 -1.0 -1.0 1.73 1.562 4.084 1457.943 0.0 1177.796 -0.5898837169494504 1.0 -1.0 -1.0
35.0 2.0 Car -1.0 -1.0 -1.0 -1.0 -1.0 -1.0 -1.0 1.836 1.638 4.141 1439.586 0.087 1190.605 -0.5860175674047619 0.0 -1.0 -1.0
35.0 1.0 Bus -1.0 -1.0 -1.0 -1.0 -1.0 -1.0 -1.0 2.96 3.252 10.715 1383.954 0.237 1218.6 -0.25827880939179143 0.0 -1.0 -1.0
36.0 99.0 Car -1.0 -1.0 -1.0 -1.0 -1.0 -1.0 -1.0 1.73 1.562 4.084 1461.836 0.0 1175.162 -0.5875107800538593 1.0 -1.0 -1.0
36.0 2.0 Car -1.0 -1.0 -1.0 -1.0 -1.0 -1.0 -1.0 1.836 1.638 4.141 1444.102 0.067 1187.573 -0.5957138410269524 0.0 -1.0 -1.0
36.0 1.0 Bus -1.0 -1.0 -1.0 -1.0 -1.0 -1.0 -1.0 2.96 3.252 10.715 1388.557 0.02 1217.161 -0.2782254294145839 0.0 -1.0 -1.0
37.0 99.0 Car -1.0 -1.0 -1.0 -1.0 -1.0 -1.0 -1.0 1.73 1.562 4.084 1465.74 0.0 1172.547 -0.5841058819942297 1.0 -1.0 -1.0
37.0 2.0 Car -1.0 -1.0 -1.0 -1.0 -1.0 -1.0 -1.0 1.836 1.638 4.141 1448.56 0.103 1184.656 -0.6054101146491432 0.0 -1.0 -1.0
37.0 1.0 Bus -1.0 -1.0 -1.0 -1.0 -1.0 -1.0 -1.0 2.96 3.252 10.715 1393.161 -0.198 1215.721 -0.29817204943737613 0.0 -1.0 -1.0
38.0 99.0 Car -1.0 -1.0 -1.0 -1.0 -1.0 -1.0 -1.0 1.73 1.562 4.084 1469.66 0.0 1169.954 -0.579051149253185 1.0 -1.0 -1.0
38.0 2.0 Car -1.0 -1.0 -1.0 -1.0 -1.0 -1.0 -1.0 1.836 1.638 4.141 1452.951 0.146 1181.716 -0.6151063882713337 0.0 -1.0 -1.0
