0.0 99.0 Car -1.0 -1.0 -1.0 -1.0 -1.0 -1.0 -1.0 1.73 1.562 4.084 2041.376 0.0 2594.644 -0.13997620132595293 1.0 -1.0 -1.0
0.0 1.0 Car -1.0 -1.0 -1.0 -1.0 -1.0 -1.0 -1.0 1.927 2.038 4.874 2097.519 1.052 2586.72 -0.22565670354936174 0.0 -1.0 -1.0
0.0 0.0 Car -1.0 -1.0 -1.0 -1.0 -1.0 -1.0 -1.0 2.087 1.742 4.123 2005.635 0.812 2599.23 -0.1182111500250198 0.0 -1.0 -1.0
1.0 99.0 Car -1.0 -1.0 -1.0 -1.0 -1.0 -1.0 -1.0 1.73 1.562 4.084 2044.316 0.0 2594.219 -0.13664052506403154 1.0 -1.0 -1.0
1.0 1.0 Car -1.0 -1.0 -1.0 -1.0 -1.0 -1.0 -1.0 1.927 2.038 4.874 2099.767 1.122 2586.147 -0.1034836559097585 1.0 -1.0 -1.0
1.0 0.0 Car -1.0 -1.0 -1.0 -1.0 -1.0 -1.0 -1.0 2.087 1.742 4.123 2009.915 0.662 2598.909 -0.1182111500250198 1.0 -1.0 -1.0
2.0 99.0 Car -1.0 -1.0 -1.0 -1.0 -1.0 -1.0 -1.0 1.73 1.562 4.084 2046.458 0.0 2593.916 -0.13558709852872877 1.0 -1.0 -1.0
2.0 1.0 Car -1.0 -1.0 -1.0 -1.0 -1.0 -1.0 -1.0 1.927 2.038 4.874 2102.062 0.992 2585.903 -0.1034836559097585 1.0 -1.0 -1.0
2.0 0.0 Car -1.0 -1.0 -1.0 -1.0 -1.0 -1.0 -1.0 2.087 1.742 4.123 2013.773 0.662 2598.377 -0.15311773506490622 1.0 -1.0 -1.0
3.0 99.0 Car -1.0 -1.0 -1.0 -1.0 -1.0 -1.0 -1.0 1.73 1.562 4.084 2048.975 0.0 2593.56 -0.1357552640616721 1.0 -1.0 -1.0
3.0 1.0 Car -1.0 -1.0 -1.0 -1.0 -1.0 -1.0 -1.0 1.927 2.038 4.874 2104.868 0.942 2585.488 -0.1034836559097585 1.0 -1.0 -1.0
3.0 0.0 Car -1.0 -1.0 -1.0 -1.0 -1.0 -1.0 -1.0 2.087 1.742 4.123 2017.782 0.662 2597.872 -0.13566444254496313 1.0 -1.0 -1.0
4.0 99.0 Car -1.0 -1.0 -1.0 -1.0 -1.0 -1.0 -1.0 1.73 1.562 4.084 2051.348 0.0 2593.235 -0.1283248964433858 1.0 -1.0 -1.0
4.0 1.0 Car -1.0 -1.0 -1.0 -1.0 -1.0 -1.0 -1.0 1.927 2.038 4.874 2107.916 0.992 2585.453 -0.1034836559097585 1.0 -1.0 -1.0
4.0 0.0 Car -1.0 -1.0 -1.0 -1.0 -1.0 -1.0 -1.0 2.087 1.742 4.123 2022.049 0.612 2597.21 -0.13566444254496313 1.0 -1.0 -1.0
5.0 99.0 Car -1.0 -1.0 -1.0 -1.0 -1.0 -1.0 -1.0 1.73 1.562 4.084 2053.808 0.0 2592.903 -0.12793315142377715 1.0 -1.0 -1.0
5.0 1.0 Car -1.0 -1.0 -1.0 -1.0 -1.0 -1.0 -1.0 1.927 2.038 4.874 2111.019 0.892 2584.974 -0.1034836559097585 1.0 -1.0 -1.0
5.0 0.0 Car -1.0 -1.0 -1.0 -1.0 -1.0 -1.0 -1.0 2.087 1.742 4.123 2026.069 0.662 2596.931 -0.13566444254496313 1.0 -1.0 -1.0
6.0 99.0 Car -1.0 -1.0 -1.0 -1.0 -1.0 -1.0 -1.0 1.73 1.562 4.084 2056.432 0.0 2592.561 -0.12363781518326235 1.0 -1.0 -1.0
6.0 1.0 Car -1.0 -1.0 -1.0 -1.0 -1.0 -1.0 -1.0 1.927 2.038 4.874 2114.579 0.992 2584.683 -0.1034836559097585 1.0 -1.0 -1.0
6.0 0.0 Car -1.0 -1.0 -1.0 -1.0 -1.0 -1.0 -1.0 2.087 1.742 4.123 2029.973 0.662 2596.279 -0.13566444254496313 1.0 -1.0 -1.0
7.0 99.0 Car -1.0 -1.0 -1.0 -1.0 -1.0 -1.0 -1.0 1.73 1.562 4.084 2059.271 0.0 2592.2 -0.12095604818805528 1.0 -1.0 -1.0
7.0 1.0 Car -1.0 -1.0 -1.0 -1.0 -1.0 -1.0 -1.0 1.927 2.038 4.874 2118.13 1.092 2584.292 -0.1034836559097585 1.0 -1.0 -1.0
7.0 0.0 Car -1.0 -1.0 -1.0 -1.0 -1.0 -1.0 -1.0 2.087 1.742 4.123 2033.637 0.662 2595.833 -0.13566444254496313 1.0 -1.0 -1.0
8.0 99.0 Car -1.0 -1.0 -1.0 -1.0 -1.0 -1.0 -1.0 1.73 1.562 4.084 2062.41 0.0 2591.802 -0.11830063161413026 1.0 -1.0 -1.0
8.0 1.0 Car -1.0 -1.0 -1.0 -1.0 -1.0 -1.0 -1.0 1.927 2.038 4.874 2121.666 1.192 2583.802 -0.13839024094964517 1.0 -1.0 -1.0
8.0 0.0 Car -1.0 -1.0 -1.0 -1.0 -1.0 -1.0 -1.0 2.087 1.742 4.123 2037.56 0.662 2595.322 -0.13566444254496313 1.0 -1.0 -1.0
9.0 99.0 Car -1.0 -1.0 -1.0 -1.0 -1.0 -1.0 -1.0 1.73 1.562 4.084 2065.851 0.0 2591.384 -0.11666738970780913 1.0 -1.0 -1.0
9.0 1.0 Car -1.0 -1.0 -1.0 -1.0 -1.0 -1.0 -1.0 1.927 2.038 4.874 2125.509 1.216 2583.38 -0.1471168872096169 1.0 -1.0 -1.0
9.0 0.0 Car -1.0 -1.0 -1.0 -1.0 -1.0 -1.0 -1.0 2.087 1.742 4.123 2041.142 0.712 2594.95 -0.13566444254496313 1.0 -1.0 -1.0
10.0 99.0 Car -1.0 -1.0 -1.0 -1.0 -1.0 -1.0 -1.0 1.73 1.562 4.084 2069.639 0.0 2590.914 -0.12092419025194283 1.0 -1.0 -1.0
10.0 1.0 Car -1.0 -1.0 -1.0 -1.0 -1.0 -1.0 -1.0 1.927 2.038 4.874 2129.352 1.241 2582.958 -0.15584353346958846 1.0 -1.0 -1.0
10.0 0.0 Car -1.0 -1.0 -1.0 -1.0 -1.0 -1.0 -1.0 2.087 1.742 4.123 2044.491 0.762 2594.58 -0.13566444254496313 1.0 -1.0 -1.0
11.0 99.0 Car -1.0 -1.0 -1.0 -1.0 -1.0 -1.0 -1.0 1.73 1.562 4.084 2073.809 0.0 2590.401 -0.12032750125990649 1.0 -1.0 -1.0
11.0 1.0 Car -1.0 -1.0 -1.0 -1.0 -1.0 -1.0 -1.0 1.927 2.038 4.874 2133.357 1.351 2582.595 -0.15584353346958846 1.0 -1.0 -1.0
11.0 0.0 Car -1.0 -1.0 -1.0 -1.0 -1.0 -1.0 -1.0 2.087 1.742 4.123 2048.539 0.812 2594.087 -0.13566444254496313 1.0 -1.0 -1.0
12.0 99.0 Car -1.0 -1.0 -1.0 -1.0 -1.0 -1.0 -1.0 1.73 1.562 4.084 2078.183 0.0 2589.844 -0.11987856845401504 1.0 -1.0 -1.0
12.0 1.0 Car -1.0 -1.0 -1.0 -1.0 -1.0 -1.0 -1.0 1.927 2.038 4.874 2137.389 1.434 2582.036 -0.15584353346958846 1.0 -1.0 -1.0
12.0 0.0 Car -1.0 -1.0 -1.0 -1.0 -1.0 -1.0 -1.0 2.087 1.742 4.123 2051.242 0.862 2593.806 -0.13566444254496313 1.0 -1.0 -1.0
13.0 99.0 Car -1.0 -1.0 -1.0 -1.0 -1.0 -1.0 -1.0 1.73 1.562 4.084 2082.692 0.0 2589.289 -0.11301381369104256 1.0 -1.0 -1.0
13.0 1.0 Car -1.0 -1.0 -1.0 -1.0 -1.0 -1.0 -1.0 1.927 2.038 4.874 2141.542 1.667 2581.594 -0.15584353346958846 1.0 -1.0 -1.0
13.0 0.0 Car -1.0 -1.0 -1.0 -1.0 -1.0 -1.0 -1.0 2.087 1.742 4.123 2054.644 0.662 2593.402 -0.13566444254496313 1.0 -1.0 -1.0
14.0 99.0 Car -1.0 -1.0 -1.0 -1.0 -1.0 -1.0 -1.0 1.73 1.562 4.084 2087.32 0.0 2588.73 -0.11403239421971258 1.0 -1.0 -1.0
14.0 1.0 Car -1.0 -1.0 -1.0 -1.0 -1.0 -1.0 -1.0 1.927 2.038 4.874 2145.689 1.65 2581.119 -0.15584353346958846 1.0 -1.0 -1.0
14.0 0.0 Car -1.0 -1.0 -1.0 -1.0 -1.0 -1.0 -1.0 2.087 1.742 4.123 2058.057 0.762 2593.081 -0.13566444254496313 1.0 -1.0 -1.0
15.0 99.0 Car -1.0 -1.0 -1.0 -1.0 -1.0 -1.0 -1.0 1.73 1.562 4.084 2092.117 0.0 2588.158 -0.11262094616265672 1.0 -1.0 -1.0
15.0 1.0 Car -1.0 -1.0 -1.0 -1.0 -1.0 -1.0 -1.0 1.927 2.038 4.874 2150.042 1.795 2580.651 -0.15584353346958846 1.0 -1.0 -1.0
15.0 0.0 Car -1.0 -1.0 -1.0 -1.0 -1.0 -1.0 -1.0 2.087 1.742 4.123 2061.339 0.812 2592.635 -0.13566444254496313 1.0 -1.0 -1.0
16.0 99.0 Car -1.0 -1.0 -1.0 -1.0 -1.0 -1.0 -1.0 1.73 1.562 4.084 2096.891 0.0 2587.592 -0.1119199550407236 1.0 -1.0 -1.0
16.0 1.0 Car -1.0 -1.0 -1.0 -1.0 -1.0 -1.0 -1.0 1.927 2.038 4.874 2154.374 1.84 2580.05 -0.15584353346958846 1.0 -1.0 -1.0
16.0 0.0 Car -1.0 -1.0 -1.0 -1.0 -1.0 -1.0 -1.0 2.087 1.742 4.123 2065.049 0.962 2592.188 -0.13566444254496313 1.0 -1.0 -1.0
17.0 99.0 Car -1.0 -1.0 -1.0 -1.0 -1.0 -1.0 -1.0 1.73 1.562 4.084 2101.639 0.0 2587.03 -0.11193032949355339 1.0 -1.0 -1.0
17.0 1.0 Car -1.0 -1.0 -1.0 -1.0 -1.0 -1.0 -1.0 1.927 2.038 4.874 2158.689 1.96 2579.452 -0.15584353346958846 1.0 -1.0 -1.0
17.0 0.0 Car -1.0 -1.0 -1.0 -1.0 -1.0 -1.0 -1.0 2.087 1.742 4.123 2068.848 0.962 2591.758 -0.13566444254496313 1.0 -1.0 -1.0
18.0 99.0 Car -1.0 -1.0 -1.0 -1.0 -1.0 -1.0 -1.0 1.73 1.562 4.084 2106.445 0.0 2586.459 -0.11383615736239487 1.0 -1.0 -1.0
18.0 1.0 Car -1.0 -1.0 -1.0 -1.0 -1.0 -1.0 -1.0 1.927 2.038 4.874 2162.872 2.08 2578.875 -0.15584353346958846 1.0 -1.0 -1.0
18.0 0.0 Car -1.0 -1.0 -1.0 -1.0 -1.0 -1.0 -1.0 2.087 1.742 4.123 2072.84 0.962 2591.272 -0.13566444254496313 1.0 -1.0 -1.0
19.0 99.0 Car -1.0 -1.0 -1.0 -1.0 -1.0 -1.0 -1.0 1.73 1.562 4.084 2111.377 0.0 2585.846 -0.11992852178545763 1.0 -1.0 -1.0
19.0 1.0 Car -1.0 -1.0 -1.0 -1.0 -1.0 -1.0 -1.0 1.927 2.038 4.874 2167.055 2.201 2578.298 -0.15584353346958846 1.0 -1.0 -1.0
19.0 0.0 Car -1.0 -1.0 -1.0 -1.0 -1.0 -1.0 -1.0 2.087 1.742 4.123 2076.832 0.962 2590.787 -0.13566444254496313 1.0 -1.0 -1.0
20.0 99.0 Car -1.0 -1.0 -1.0 -1.0 -1.0 -1.0 -1.0 1.73 1.562 4.084 2116.322 0.0 2585.206 -0.12524334148096541 1.0 -1.0 -1.0
20.0 1.0 Car -1.0 -1.0 -1.0 -1.0 -1.0 -1.0 -1.0 1.927 2.038 4.874 2171.041 2.171 2577.871 -0.15584353346958846 1.0 -1.0 -1.0
20.0 0.0 Car -1.0 -1.0 -1.0 -1.0 -1.0 -1.0 -1.0 2.087 1.742 4.123 2080.925 0.962 2590.202 -0.13566444254496313 1.0 -1.0 -1.0
21.0 99.0 Car -1.0 -1.0 -1.0 -1.0 -1.0 -1.0 -1.0 1.73 1.562 4.084 2121.333 0.0 2584.511 -0.13171476713353436 1.0 -1.0 -1.0
21.0 1.0 Car -1.0 -1.0 -1.0 -1.0 -1.0 -1.0 -1.0 1.927 2.038 4.874 2174.975 2.141 2577.316 -0.1209369484297018 1.0 -1.0 -1.0
21.0 0.0 Car -1.0 -1.0 -1.0 -1.0 -1.0 -1.0 -1.0 2.087 1.742 4.123 2085.018 0.962 2589.617 -0.13566444254496313 1.0 -1.0 -1.0
22.0 99.0 Car -1.0 -1.0 -1.0 -1.0 -1.0 -1.0 -1.0 1.73 1.562 4.084 2126.427 0.0 2583.819 -0.12559113135810107 1.0 -1.0 -1.0
22.0 1.0 Car -1.0 -1.0 -1.0 -1.0 -1.0 -1.0 -1.0 1.927 2.038 4.874 2178.946 2.361 2577.027 -0.15584353346958846 1.0 -1.0 -1.0
22.0 0.0 Car -1.0 -1.0 -1.0 -1.0 -1.0 -1.0 -1.0 2.087 1.742 4.123 2089.189 0.962 2588.763 -0.13566444254496313 1.0 -1.0 -1.0
23.0 99.0 Car -1.0 -1.0 -1.0 -1.0 -1.0 -1.0 -1.0 1.73 1.562 4.084 2131.515 0.0 2583.16 -0.12062350325998034 1.0 -1.0 -1.0
23.0 1.0 Car -1.0 -1.0 -1.0 -1.0 -1.0 -1.0 -1.0 1.927 2.038 4.874 2182.449 2.431 2576.625 -0.1296635946896736 1.0 -1.0 -1.0
23.0 0.0 Car -1.0 -1.0 -1.0 -1.0 -1.0 -1.0 -1.0 2.087 1.742 4.123 2093.462 0.962 2588.24 -0.13566444254496313 1.0 -1.0 -1.0
24.0 99.0 Car -1.0 -1.0 -1.0 -1.0 -1.0 -1.0 -1.0 1.73 1.562 4.084 2136.651 0.0 2582.501 -0.12019314838490502 1.0 -1.0 -1.0
24.0 1.0 Car -1.0 -1.0 -1.0 -1.0 -1.0 -1.0 -1.0 1.927 2.038 4.874 2186.173 2.401 2576.074 -0.13839024094964517 1.0 -1.0 -1.0
24.0 0.0 Car -1.0 -1.0 -1.0 -1.0 -1.0 -1.0 -1.0 2.087 1.742 4.123 2097.927 0.862 2587.661 -0.13566444254496313 1.0 -1.0 -1.0
25.0 99.0 Car -1.0 -1.0 -1.0 -1.0 -1.0 -1.0 -1.0 1.73 1.562 4.084 2141.743 0.0 2581.863 -0.12065079368094099 1.0 -1.0 -1.0
25.0 1.0 Car -1.0 -1.0 -1.0 -1.0 -1.0 -1.0 -1.0 1.927 2.038 4.874 2189.707 2.421 2575.573 -0.1471168872096167 1.0 -1.0 -1.0
25.0 0.0 Car -1.0 -1.0 -1.0 -1.0 -1.0 -1.0 -1.0 2.087 1.742 4.123 2102.393 0.762 2587.082 -0.13566444254496313 1.0 -1.0 -1.0
26.0 99.0 Car -1.0 -1.0 -1.0 -1.0 -1.0 -1.0 -1.0 1.73 1.562 4.084 2146.827 0.0 2581.238 -0.1201362437778644 1.0 -1.0 -1.0
26.0 1.0 Car -1.0 -1.0 -1.0 -1.0 -1.0 -1.0 -1.0 1.927 2.038 4.874 2193.008 2.341 2575.242 -0.15584353346958846 1.0 -1.0 -1.0
26.0 0.0 Car -1.0 -1.0 -1.0 -1.0 -1.0 -1.0 -1.0 2.087 1.742 4.123 2106.859 0.662 2586.503 -0.13566444254496313 1.0 -1.0 -1.0
27.0 99.0 Car -1.0 -1.0 -1.0 -1.0 -1.0 -1.0 -1.0 1.73 1.562 4.084 2151.794 0.0 2580.6 -0.12012496310449337 1.0 -1.0 -1.0
27.0 1.0 Car -1.0 -1.0 -1.0 -1.0 -1.0 -1.0 -1.0 1.927 2.038 4.874 2196.087 2.311 2574.859 -0.12966359468967334 1.0 -1.0 -1.0
27.0 0.0 Car -1.0 -1.0 -1.0 -1.0 -1.0 -1.0 -1.0 2.087 1.742 4.123 2111.828 0.562 2585.727 -0.13566444254496313 1.0 -1.0 -1.0
28.0 99.0 Car -1.0 -1.0 -1.0 -1.0 -1.0 -1.0 -1.0 1.73 1.562 4.084 2157.756 0.0 2579.811 -0.12351062677045153 1.0 -1.0 -1.0
28.0 1.0 Car -1.0 -1.0 -1.0 -1.0 -1.0 -1.0 -1.0 1.927 2.038 4.874 2199.262 2.181 2574.308 -0.13839024094964517 0.0 -1.0 -1.0
28.0 0.0 Car -1.0 -1.0 -1.0 -1.0 -1.0 -1.0 -1.0 2.087 1.742 4.123 2116.796 0.462 2584.951 -0.13566444254496313 0.0 -1.0 -1.0
29.0 99.0 Car -1.0 -1.0 -1.0 -1.0 -1.0 -1.0 -1.0 1.73 1.562 4.084 2162.551 0.0 2579.195 -0.12251182905964343 1.0 -1.0 -1.0
29.0 1.0 Car -1.0 -1.0 -1.0 -1.0 -1.0 -1.0 -1.0 1.927 2.038 4.874 2201.433 2.21 2573.887 -0.17329682598953178 0.0 -1.0 -1.0
29.0 0.0 Car -1.0 -1.0 -1.0 -1.0 -1.0 -1.0 -1.0 2.087 1.742 4.123 2121.313 0.312 2584.322 -0.13566444254496313 0.0 -1.0 -1.0
30.0 99.0 Car -1.0 -1.0 -1.0 -1.0 -1.0 -1.0 -1.0 1.73 1.562 4.084 2167.305 0.0 2578.592 -0.11838082551425119 1.0 -1.0 -1.0
30.0 1.0 Car -1.0 -1.0 -1.0 -1.0 -1.0 -1.0 -1.0 1.927 2.038 4.874 2203.567 2.181 2573.347 -0.31292316614907834 0.0 -1.0 -1.0
30.0 0.0 Car -1.0 -1.0 -1.0 -1.0 -1.0 -1.0 -1.0 2.087 1.742 4.123 2125.829 0.162 2583.694 -0.13566444254496313 0.0 -1.0 -1.0
31.0 99.0 Car -1.0 -1.0 -1.0 -1.0 -1.0 -1.0 -1.0 1.73 1.562 4.084 2171.027 0.0 2578.14 -0.116310304715884 1.0 -1.0 -1.0
31.0 1.0 Car -1.0 -1.0 -1.0 -1.0 -1.0 -1.0 -1.0 1.927 2.038 4.874 2204.911 2.201 2572.602 -0.3827363362288516 0.0 -1.0 -1.0
31.0 0.0 Car -1.0 -1.0 -1.0 -1.0 -1.0 -1.0 -1.0 2.087 1.742 4.123 2130.076 0.062 2583.188 -0.13566444254496313 0.0 -1.0 -1.0
32.0 99.0 Car -1.0 -1.0 -1.0 -1.0 -1.0 -1.0 -1.0 1.73 1.562 4.084 2175.524 0.0 2577.614 -0.11461512628583749 1.0 -1.0 -1.0
32.0 1.0 Car -1.0 -1.0 -1.0 -1.0 -1.0 -1.0 -1.0 1.927 2.038 4.874 2206.291 2.111 2571.529 -0.6338396842928167 0.0 -1.0 -1.0
32.0 0.0 Car -1.0 -1.0 -1.0 -1.0 -1.0 -1.0 -1.0 2.087 1.742 4.123 2134.322 -0.038 2582.682 -0.13566444254496313 0.0 -1.0 -1.0
33.0 99.0 Car -1.0 -1.0 -1.0 -1.0 -1.0 -1.0 -1.0 1.73 1.562 4.084 2179.852 0.0 2577.108 -0.115978925692681 1.0 -1.0 -1.0
33.0 1.0 Car -1.0 -1.0 -1.0 -1.0 -1.0 -1.0 -1.0 1.927 2.038 4.874 2207.278 1.961 2570.236 -0.8956390720919631 0.0 -1.0 -1.0
33.0 0.0 Car -1.0 -1.0 -1.0 -1.0 -1.0 -1.0 -1.0 2.087 1.742 4.123 2138.775 -0.088 2582.11 -0.13566444254496313 0.0 -1.0 -1.0
34.0 99.0 Car -1.0 -1.0 -1.0 -1.0 -1.0 -1.0 -1.0 1.73 1.562 4.084 2184.003 0.0 2576.591 -0.12372041322980892 1.0 -1.0 -1.0
34.0 1.0 Car -1.0 -1.0 -1.0 -1.0 -1.0 -1.0 -1.0 1.927 2.038 4.874 2207.887 1.911 2568.548 -1.1517538943511 0.0 -1.0 -1.0
34.0 0.0 Car -1.0 -1.0 -1.0 -1.0 -1.0 -1.0 -1.0 2.087 1.742 4.123 2143.404 -0.138 2581.571 -0.13566444254496313 0.0 -1.0 -1.0
35.0 99.0 Car -1.0 -1.0 -1.0 -1.0 -1.0 -1.0 -1.0 1.73 1.562 4.084 2187.869 0.0 2576.076 -0.1276885496631715 1.0 -1.0 -1.0
35.0 1.0 Car -1.0 -1.0 -1.0 -1.0 -1.0 -1.0 -1.0 1.927 2.038 4.874 2208.035 1.811 2566.861 -1.4427753016501232 0.0 -1.0 -1.0
35.0 0.0 Car -1.0 -1.0 -1.0 -1.0 -1.0 -1.0 -1.0 2.087 1.742 4.123 2147.818 -0.188 2581.032 -0.13566444254496313 0.0 -1.0 -1.0
36.0 99.0 Car -1.0 -1.0 -1.0 -1.0 -1.0 -1.0 -1.0 1.73 1.562 4.084 2191.498 0.0 2575.583 -0.13024357005428208 1.0 -1.0 -1.0
36.0 1.0 Car -1.0 -1.0 -1.0 -1.0 -1.0 -1.0 -1.0 1.927 2.038 4.874 2207.751 1.861 2564.992 -1.6988901239092604 0.0 -1.0 -1.0
36.0 0.0 Car -1.0 -1.0 -1.0 -1.0 -1.0 -1.0 -1.0 2.087 1.742 4.123 2152.115 -0.088 2580.405 -0.13566444254496313 0.0 -1.0 -1.0
37.0 99.0 Car -1.0 -1.0 -1.0 -1.0 -1.0 -1.0 -1.0 1.73 1.562 4.084 2194.763 0.0 2575.138 -0.12633097543868183 1.0 -1.0 -1.0
37.0 1.0 Car -1.0 -1.0 -1.0 -1.0 -1.0 -1.0 -1.0 1.927 2.038 4.874 2207.02 1.761 2563.231 -1.9450285242404102 0.0 -1.0 -1.0
37.0 0.0 Car -1.0 -1.0 -1.0 -1.0 -1.0 -1.0 -1.0 2.087 1.742 4.123 2156.412 0.012 2579.778 -0.13566444254496313 0.0 -1.0 -1.0
38.0 99.0 Car -1.0 -1.0 -1.0 -1.0 -1.0 -1.0 -1.0 1.73 1.562 4.084 2197.729 0.0 2574.737 -0.1275884285659244 1.0 -1.0 -1.0
38.0 1.0 Car -1.0 -1.0 -1.0 -1.0 -1.0 -1.0 -1.0 1.927 2.038 4.874 2205.753 1.761 2561.315 -2.1737136320516166 0.0 -1.0 -1.0
38.0 0.0 Car -1.0 -1.0 -1.0 -1.0 -1.0 -1.0 -1.0 2.087 1.742 4.123 2160.709 0.112 2579.151 -0.13566444254496313 0.0 -1.0 -1.0
39.0 99.0 Car -1.0 -1.0 -1.0 -1.0 -1.0 -1.0 -1.0 1.73 1.562 4.084 2200.303 0.0 2574.395 -0.12660655875696045 1.0 -1.0 -1.0
39.0 1.0 Car -1.0 -1.0 -1.0 -1.0 -1.0 -1.0 -1.0 1.927 2.038 4.874 2204.101 1.611 2559.72 -2.341312216043023 0.0 -1.0 -1.0
39.0 0.0 Car -1.0 -1.0 -1.0 -1.0 -1.0 -1.0 -1.0 2.087 1.742 4.123 2164.524 0.062 2578.732 -0.13566444254496313 0.0 -1.0 -1.0
