0.0 99.0 Car -1.0 -1.0 -1.0 -1.0 -1.0 -1.0 -1.0 1.73 1.562 4.084 504.01 0.0 1730.814 3.1221721289355706 1.0 -1.0 -1.0
0.0 1.0 Truck -1.0 -1.0 -1.0 -1.0 -1.0 -1.0 -1.0 2.974 3.289 8.889 453.895 1.62 1701.146 -2.5823018946477685 0.0 -1.0 -1.0
1.0 99.0 Car -1.0 -1.0 -1.0 -1.0 -1.0 -1.0 -1.0 1.73 1.562 4.084 501.731 0.0 1730.68 -2.9889037148958417 1.0 -1.0 -1.0
1.0 1.0 Truck -1.0 -1.0 -1.0 -1.0 -1.0 -1.0 -1.0 2.974 3.289 8.889 451.457 1.643 1699.614 -2.5776058662779047 1.0 -1.0 -1.0
2.0 99.0 Car -1.0 -1.0 -1.0 -1.0 -1.0 -1.0 -1.0 1.73 1.562 4.084 498.77 0.0 1729.903 -2.7700219798423764 1.0 -1.0 -1.0
2.0 1.0 Truck -1.0 -1.0 -1.0 -1.0 -1.0 -1.0 -1.0 2.974 3.289 8.889 448.41 1.671 1697.7 -2.571736332253567 1.0 -1.0 -1.0
3.0 99.0 Car -1.0 -1.0 -1.0 -1.0 -1.0 -1.0 -1.0 1.73 1.562 4.084 495.798 0.0 1728.419 -2.6100036670632902 1.0 -1.0 -1.0
3.0 1.0 Truck -1.0 -1.0 -1.0 -1.0 -1.0 -1.0 -1.0 2.974 3.289 8.889 445.359 1.7 1695.783 -2.565860042012081 1.0 -1.0 -1.0
4.0 99.0 Car -1.0 -1.0 -1.0 -1.0 -1.0 -1.0 -1.0 1.73 1.562 4.084 492.816 0.0 1726.557 -2.55146994858833 1.0 -1.0 -1.0
4.0 1.0 Truck -1.0 -1.0 -1.0 -1.0 -1.0 -1.0 -1.0 2.974 3.289 8.889 442.309 1.728 1693.866 -2.5599837635001386 1.0 -1.0 -1.0
5.0 99.0 Car -1.0 -1.0 -1.0 -1.0 -1.0 -1.0 -1.0 1.73 1.562 4.084 489.651 0.0 1724.44 -2.548896074602403 1.0 -1.0 -1.0
5.0 1.0 Truck -1.0 -1.0 -1.0 -1.0 -1.0 -1.0 -1.0 2.974 3.289 8.889 439.265 1.756 1691.954 -2.554120481322571 1.0 -1.0 -1.0
6.0 99.0 Car -1.0 -1.0 -1.0 -1.0 -1.0 -1.0 -1.0 1.73 1.562 4.084 486.361 0.0 1722.255 -2.5550690156611156 1.0 -1.0 -1.0
6.0 1.0 Truck -1.0 -1.0 -1.0 -1.0 -1.0 -1.0 -1.0 2.974 3.289 8.889 436.875 1.74 1690.492 -2.557956938259822 1.0 -1.0 -1.0
7.0 99.0 Car -1.0 -1.0 -1.0 -1.0 -1.0 -1.0 -1.0 1.73 1.562 4.084 482.834 0.0 1719.964 -2.5617542357367746 1.0 -1.0 -1.0
7.0 1.0 Truck -1.0 -1.0 -1.0 -1.0 -1.0 -1.0 -1.0 2.974 3.289 8.889 434.488 1.723 1689.033 -2.5617887009911713 1.0 -1.0 -1.0
8.0 99.0 Car -1.0 -1.0 -1.0 -1.0 -1.0 -1.0 -1.0 1.73 1.562 4.084 479.12 0.0 1717.615 -2.56664443140444 1.0 -1.0 -1.0
8.0 1.0 Truck -1.0 -1.0 -1.0 -1.0 -1.0 -1.0 -1.0 2.974 3.289 8.889 432.1 1.707 1687.573 -2.565620747987034 1.0 -1.0 -1.0
9.0 99.0 Car -1.0 -1.0 -1.0 -1.0 -1.0 -1.0 -1.0 1.73 1.562 4.084 475.335 0.0 1715.189 -2.5647754475948537 1.0 -1.0 -1.0
9.0 1.0 Truck -1.0 -1.0 -1.0 -1.0 -1.0 -1.0 -1.0 2.974 3.289 8.889 429.71 1.69 1686.111 -2.5694569513910697 1.0 -1.0 -1.0
10.0 99.0 Car -1.0 -1.0 -1.0 -1.0 -1.0 -1.0 -1.0 1.73 1.562 4.084 471.468 0.0 1712.668 -2.5618195266583337 1.0 -1.0 -1.0
10.0 1.0 Truck -1.0 -1.0 -1.0 -1.0 -1.0 -1.0 -1.0 2.974 3.289 8.889 427.32 1.674 1684.65 -2.5732930702840338 1.0 -1.0 -1.0
11.0 99.0 Car -1.0 -1.0 -1.0 -1.0 -1.0 -1.0 -1.0 1.73 1.562 4.084 467.591 0.0 1710.129 -2.557118373615498 1.0 -1.0 -1.0
11.0 1.0 Truck -1.0 -1.0 -1.0 -1.0 -1.0 -1.0 -1.0 2.974 3.289 8.889 425.036 1.684 1683.029 -2.5283954203614765 1.0 -1.0 -1.0
12.0 99.0 Car -1.0 -1.0 -1.0 -1.0 -1.0 -1.0 -1.0 1.73 1.562 4.084 464.112 0.0 1707.827 -2.553940033718532 1.0 -1.0 -1.0
12.0 1.0 Truck -1.0 -1.0 -1.0 -1.0 -1.0 -1.0 -1.0 2.974 3.289 8.889 423.046 1.692 1681.485 -2.488012055546444 1.0 -1.0 -1.0
13.0 99.0 Car -1.0 -1.0 -1.0 -1.0 -1.0 -1.0 -1.0 1.73 1.562 4.084 460.327 0.0 1705.299 -2.5460172334540063 1.0 -1.0 -1.0
13.0 0.0 Truck -1.0 -1.0 -1.0 -1.0 -1.0 -1.0 -1.0 2.058 2.031 4.888 402.838 1.013 1674.961 0.25207790404687214 0.0 -1.0 -1.0
13.0 1.0 Truck -1.0 -1.0 -1.0 -1.0 -1.0 -1.0 -1.0 2.974 3.289 8.889 420.906 1.702 1679.673 -2.443063355694914 1.0 -1.0 -1.0
14.0 99.0 Car -1.0 -1.0 -1.0 -1.0 -1.0 -1.0 -1.0 1.73 1.562 4.084 456.327 0.0 1702.58 -2.5429796980064303 1.0 -1.0 -1.0
14.0 0.0 Truck -1.0 -1.0 -1.0 -1.0 -1.0 -1.0 -1.0 2.058 2.031 4.888 405.896 1.044 1675.871 0.32400183895641216 1.0 -1.0 -1.0
14.0 1.0 Truck -1.0 -1.0 -1.0 -1.0 -1.0 -1.0 -1.0 2.974 3.289 8.889 418.652 1.713 1677.575 -2.3936982538158404 1.0 -1.0 -1.0
15.0 99.0 Car -1.0 -1.0 -1.0 -1.0 -1.0 -1.0 -1.0 1.73 1.562 4.084 452.784 0.0 1700.175 -2.543217522749035 1.0 -1.0 -1.0
15.0 0.0 Truck -1.0 -1.0 -1.0 -1.0 -1.0 -1.0 -1.0 2.058 2.031 4.888 408.614 1.073 1676.887 0.3894116905278988 1.0 -1.0 -1.0
15.0 1.0 Truck -1.0 -1.0 -1.0 -1.0 -1.0 -1.0 -1.0 2.974 3.289 8.889 416.694 1.723 1675.572 -2.348804102921806 1.0 -1.0 -1.0
16.0 99.0 Car -1.0 -1.0 -1.0 -1.0 -1.0 -1.0 -1.0 1.73 1.562 4.084 449.354 0.0 1697.834 -2.5446646081511415 1.0 -1.0 -1.0
16.0 0.0 Truck -1.0 -1.0 -1.0 -1.0 -1.0 -1.0 -1.0 2.058 2.031 4.888 411.26 1.101 1678.078 0.45482899304053426 1.0 -1.0 -1.0
16.0 1.0 Truck -1.0 -1.0 -1.0 -1.0 -1.0 -1.0 -1.0 2.974 3.289 8.889 415.582 1.749 1674.086 -2.2138959839087753 1.0 -1.0 -1.0
17.0 99.0 Car -1.0 -1.0 -1.0 -1.0 -1.0 -1.0 -1.0 1.73 1.562 4.084 446.01 0.0 1695.577 -2.5506660465807043 1.0 -1.0 -1.0
17.0 0.0 Truck -1.0 -1.0 -1.0 -1.0 -1.0 -1.0 -1.0 2.058 2.031 4.888 413.822 1.13 1679.44 0.5202425047234622 1.0 -1.0 -1.0
17.0 1.0 Truck -1.0 -1.0 -1.0 -1.0 -1.0 -1.0 -1.0 2.974 3.289 8.889 414.679 1.775 1672.464 -2.078995682608882 1.0 -1.0 -1.0
18.0 99.0 Car -1.0 -1.0 -1.0 -1.0 -1.0 -1.0 -1.0 1.73 1.562 4.084 442.766 0.0 1693.41 -2.5524405900906797 1.0 -1.0 -1.0
18.0 0.0 Truck -1.0 -1.0 -1.0 -1.0 -1.0 -1.0 -1.0 2.058 2.031 4.888 416.342 1.034 1681.002 0.5313305843659653 1.0 -1.0 -1.0
18.0 1.0 Truck -1.0 -1.0 -1.0 -1.0 -1.0 -1.0 -1.0 2.974 3.289 8.889 414.003 1.8 1670.737 -1.9442363697217886 1.0 -1.0 -1.0
19.0 99.0 Car -1.0 -1.0 -1.0 -1.0 -1.0 -1.0 -1.0 1.73 1.562 4.084 439.64 0.0 1691.353 -2.5564593317783904 1.0 -1.0 -1.0
19.0 0.0 Truck -1.0 -1.0 -1.0 -1.0 -1.0 -1.0 -1.0 2.058 2.031 4.888 418.834 1.001 1682.551 0.535405099692731 1.0 -1.0 -1.0
19.0 1.0 Truck -1.0 -1.0 -1.0 -1.0 -1.0 -1.0 -1.0 2.974 3.289 8.889 413.566 1.826 1668.935 -1.809485952853094 1.0 -1.0 -1.0
20.0 99.0 Car -1.0 -1.0 -1.0 -1.0 -1.0 -1.0 -1.0 1.73 1.562 4.084 436.706 0.0 1689.402 -2.5573373781122095 1.0 -1.0 -1.0
20.0 0.0 Truck -1.0 -1.0 -1.0 -1.0 -1.0 -1.0 -1.0 2.058 2.031 4.888 421.456 0.967 1684.178 0.5394797617431311 1.0 -1.0 -1.0
20.0 1.0 Truck -1.0 -1.0 -1.0 -1.0 -1.0 -1.0 -1.0 2.974 3.289 8.889 413.374 1.851 1667.09 -1.6747306836107276 1.0 -1.0 -1.0
21.0 99.0 Car -1.0 -1.0 -1.0 -1.0 -1.0 -1.0 -1.0 1.73 1.562 4.084 433.926 0.0 1687.578 -2.570880439112014 1.0 -1.0 -1.0
21.0 0.0 Truck -1.0 -1.0 -1.0 -1.0 -1.0 -1.0 -1.0 2.058 2.031 4.888 424.075 0.934 1685.802 0.5435498590582393 1.0 -1.0 -1.0
21.0 1.0 Truck -1.0 -1.0 -1.0 -1.0 -1.0 -1.0 -1.0 2.974 3.289 8.889 413.571 1.96 1665.276 -1.5161181715570011 1.0 -1.0 -1.0
22.0 99.0 Car -1.0 -1.0 -1.0 -1.0 -1.0 -1.0 -1.0 1.73 1.562 4.084 431.23 0.0 1685.852 -2.5789049599808993 1.0 -1.0 -1.0
22.0 0.0 Truck -1.0 -1.0 -1.0 -1.0 -1.0 -1.0 -1.0 2.058 2.031 4.888 426.663 0.984 1687.245 0.5330824370557429 1.0 -1.0 -1.0
22.0 1.0 Truck -1.0 -1.0 -1.0 -1.0 -1.0 -1.0 -1.0 2.974 3.289 8.889 414.052 2.069 1663.514 -1.3573236412916212 1.0 -1.0 -1.0
23.0 99.0 Car -1.0 -1.0 -1.0 -1.0 -1.0 -1.0 -1.0 1.73 1.562 4.084 428.572 0.0 1684.166 -2.5827943071464685 1.0 -1.0 -1.0
23.0 0.0 Truck -1.0 -1.0 -1.0 -1.0 -1.0 -1.0 -1.0 2.058 2.031 4.888 429.253 1.034 1688.689 0.5226039381059935 1.0 -1.0 -1.0
23.0 1.0 Truck -1.0 -1.0 -1.0 -1.0 -1.0 -1.0 -1.0 2.974 3.289 8.889 414.807 2.178 1661.848 -1.1983610697802287 1.0 -1.0 -1.0
24.0 99.0 Car -1.0 -1.0 -1.0 -1.0 -1.0 -1.0 -1.0 1.73 1.562 4.084 426.027 0.0 1682.584 -2.586359362247318 1.0 -1.0 -1.0
24.0 0.0 Truck -1.0 -1.0 -1.0 -1.0 -1.0 -1.0 -1.0 2.058 2.031 4.888 431.994 1.048 1690.029 0.5022783975301137 1.0 -1.0 -1.0
24.0 1.0 Truck -1.0 -1.0 -1.0 -1.0 -1.0 -1.0 -1.0 2.974 3.289 8.889 415.815 2.287 1660.324 -1.0395706690728788 1.0 -1.0 -1.0
25.0 99.0 Car -1.0 -1.0 -1.0 -1.0 -1.0 -1.0 -1.0 1.73 1.562 4.084 423.56 0.0 1681.052 -2.576421216942955 1.0 -1.0 -1.0
25.0 0.0 Truck -1.0 -1.0 -1.0 -1.0 -1.0 -1.0 -1.0 2.058 2.031 4.888 434.737 1.062 1691.37 0.4819305340638964 1.0 -1.0 -1.0
25.0 1.0 Truck -1.0 -1.0 -1.0 -1.0 -1.0 -1.0 -1.0 2.974 3.289 8.889 417.053 2.396 1658.977 -0.880605873953316 1.0 -1.0 -1.0
26.0 99.0 Car -1.0 -1.0 -1.0 -1.0 -1.0 -1.0 -1.0 1.73 1.562 4.084 421.258 0.0 1679.537 -2.525266874155116 1.0 -1.0 -1.0
26.0 0.0 Truck -1.0 -1.0 -1.0 -1.0 -1.0 -1.0 -1.0 2.058 2.031 4.888 437.598 1.076 1692.695 0.4795295145061867 0.0 -1.0 -1.0
26.0 1.0 Truck -1.0 -1.0 -1.0 -1.0 -1.0 -1.0 -1.0 2.974 3.289 8.889 418.433 2.447 1657.677 -0.7745852531194055 1.0 -1.0 -1.0
27.0 99.0 Car -1.0 -1.0 -1.0 -1.0 -1.0 -1.0 -1.0 1.73 1.562 4.084 419.426 0.0 1678.174 -2.443623855180286 1.0 -1.0 -1.0
27.0 0.0 Truck -1.0 -1.0 -1.0 -1.0 -1.0 -1.0 -1.0 2.058 2.031 4.888 440.171 1.089 1693.887 0.47737042129365315 0.0 -1.0 -1.0
27.0 1.0 Truck -1.0 -1.0 -1.0 -1.0 -1.0 -1.0 -1.0 2.974 3.289 8.889 420.044 2.493 1656.373 -0.7003511391309378 0.0 -1.0 -1.0
28.0 99.0 Car -1.0 -1.0 -1.0 -1.0 -1.0 -1.0 -1.0 1.73 1.562 4.084 417.829 0.0 1676.68 -2.3182170780577698 1.0 -1.0 -1.0
28.0 0.0 Truck -1.0 -1.0 -1.0 -1.0 -1.0 -1.0 -1.0 2.058 2.031 4.888 443.215 1.292 1695.349 0.49621808141791335 0.0 -1.0 -1.0
28.0 1.0 Truck -1.0 -1.0 -1.0 -1.0 -1.0 -1.0 -1.0 2.974 3.289 8.889 421.946 2.544 1655.067 -0.6177068400788749 0.0 -1.0 -1.0
29.0 99.0 Car -1.0 -1.0 -1.0 -1.0 -1.0 -1.0 -1.0 1.73 1.562 4.084 416.66 0.0 1675.212 -2.175196768054943 1.0 -1.0 -1.0
29.0 0.0 Truck -1.0 -1.0 -1.0 -1.0 -1.0 -1.0 -1.0 2.058 2.031 4.888 446.255 1.496 1696.877 0.5150660431807483 0.0 -1.0 -1.0
29.0 1.0 Truck -1.0 -1.0 -1.0 -1.0 -1.0 -1.0 -1.0 2.974 3.289 8.889 423.949 2.595 1653.923 -0.5350612183847218 0.0 -1.0 -1.0
30.0 99.0 Car -1.0 -1.0 -1.0 -1.0 -1.0 -1.0 -1.0 1.73 1.562 4.084 415.814 0.0 1673.801 -2.054037475263382 1.0 -1.0 -1.0
30.0 0.0 Truck -1.0 -1.0 -1.0 -1.0 -1.0 -1.0 -1.0 2.058 2.031 4.888 449.689 1.75 1698.709 0.49902796903161234 0.0 -1.0 -1.0
30.0 1.0 Truck -1.0 -1.0 -1.0 -1.0 -1.0 -1.0 -1.0 2.974 3.289 8.889 425.993 2.646 1652.708 -0.5559805184888904 0.0 -1.0 -1.0
31.0 99.0 Car -1.0 -1.0 -1.0 -1.0 -1.0 -1.0 -1.0 1.73 1.562 4.084 415.31 0.0 1672.715 -1.9642967046114828 1.0 -1.0 -1.0
31.0 0.0 Truck -1.0 -1.0 -1.0 -1.0 -1.0 -1.0 -1.0 2.058 2.031 4.888 453.034 1.938 1700.52 0.529160668579836 0.0 -1.0 -1.0
31.0 1.0 Truck -1.0 -1.0 -1.0 -1.0 -1.0 -1.0 -1.0 2.974 3.289 8.889 428.403 2.712 1651.164 -0.5688727816634449 0.0 -1.0 -1.0
32.0 99.0 Car -1.0 -1.0 -1.0 -1.0 -1.0 -1.0 -1.0 1.73 1.562 4.084 414.999 0.0 1671.864 -1.9001315071414213 1.0 -1.0 -1.0
32.0 0.0 Truck -1.0 -1.0 -1.0 -1.0 -1.0 -1.0 -1.0 2.058 2.031 4.888 456.647 2.145 1702.626 0.5622855526230832 0.0 -1.0 -1.0
32.0 1.0 Truck -1.0 -1.0 -1.0 -1.0 -1.0 -1.0 -1.0 2.974 3.289 8.889 431.053 2.784 1649.467 -0.5830452497501062 0.0 -1.0 -1.0
33.0 99.0 Car -1.0 -1.0 -1.0 -1.0 -1.0 -1.0 -1.0 1.73 1.562 4.084 414.886 0.0 1671.455 -1.8732266734369007 1.0 -1.0 -1.0
33.0 0.0 Truck -1.0 -1.0 -1.0 -1.0 -1.0 -1.0 -1.0 2.058 2.031 4.888 459.89 2.333 1704.617 0.6098704007057102 0.0 -1.0 -1.0
33.0 1.0 Truck -1.0 -1.0 -1.0 -1.0 -1.0 -1.0 -1.0 2.974 3.289 8.889 433.679 2.849 1647.712 -0.5959370234709156 0.0 -1.0 -1.0
34.0 99.0 Car -1.0 -1.0 -1.0 -1.0 -1.0 -1.0 -1.0 1.73 1.562 4.084 414.847 0.0 1671.297 -1.866263281574886 1.0 -1.0 -1.0
34.0 0.0 Truck -1.0 -1.0 -1.0 -1.0 -1.0 -1.0 -1.0 2.058 2.031 4.888 462.998 2.478 1706.351 0.6308167011973674 0.0 -1.0 -1.0
34.0 1.0 Truck -1.0 -1.0 -1.0 -1.0 -1.0 -1.0 -1.0 2.974 3.289 8.889 436.306 2.914 1645.957 -0.6088284880630438 0.0 -1.0 -1.0
35.0 99.0 Car -1.0 -1.0 -1.0 -1.0 -1.0 -1.0 -1.0 1.73 1.562 4.084 414.849 0.0 1671.292 -1.8682807997009498 1.0 -1.0 -1.0
35.0 0.0 Truck -1.0 -1.0 -1.0 -1.0 -1.0 -1.0 -1.0 2.058 2.031 4.888 465.892 2.623 1708.396 0.6299426375333508 0.0 -1.0 -1.0
35.0 1.0 Truck -1.0 -1.0 -1.0 -1.0 -1.0 -1.0 -1.0 2.974 3.289 8.889 438.933 2.98 1644.201 -0.6217210861270027 0.0 -1.0 -1.0
36.0 99.0 Car -1.0 -1.0 -1.0 -1.0 -1.0 -1.0 -1.0 1.73 1.562 4.084 414.854 0.0 1671.304 -1.8672174541091904 1.0 -1.0 -1.0
36.0 0.0 Truck -1.0 -1.0 -1.0 -1.0 -1.0 -1.0 -1.0 2.058 2.031 4.888 468.962 2.767 1710.764 0.6290696846230986 0.0 -1.0 -1.0
36.0 1.0 Truck -1.0 -1.0 -1.0 -1.0 -1.0 -1.0 -1.0 2.974 3.289 8.889 441.716 3.136 1642.23 -0.6231740344751763 0.0 -1.0 -1.0
37.0 99.0 Car -1.0 -1.0 -1.0 -1.0 -1.0 -1.0 -1.0 1.73 1.562 4.084 414.848 0.0 1671.282 -1.8588290530576408 1.0 -1.0 -1.0
37.0 0.0 Truck -1.0 -1.0 -1.0 -1.0 -1.0 -1.0 -1.0 2.058 2.031 4.888 471.728 2.912 1713.035 0.628196677572333 0.0 -1.0 -1.0
37.0 1.0 Truck -1.0 -1.0 -1.0 -1.0 -1.0 -1.0 -1.0 2.974 3.289 8.889 444.498 3.292 1640.259 -0.6246270729351631 0.0 -1.0 -1.0
38.0 99.0 Car -1.0 -1.0 -1.0 -1.0 -1.0 -1.0 -1.0 1.73 1.562 4.084 414.772 0.0 1671.012 -1.8312728729903203 1.0 -1.0 -1.0
38.0 1.0 Truck -1.0 -1.0 -1.0 -1.0 -1.0 -1.0 -1.0 2.974 3.289 8.889 447.281 3.448 1638.289 -0.6260800736063249 0.0 -1.0 -1.0
