0.0 99.0 Car -1.0 -1.0 -1.0 -1.0 -1.0 -1.0 -1.0 1.73 1.562 4.084 1103.539 0.0 1692.799 2.5751925576049133 1.0 -1.0 -1.0
0.0 0.0 Bus -1.0 -1.0 -1.0 -1.0 -1.0 -1.0 -1.0 2.923 3.455 12.87 1124.928 1.732 1678.92 2.5636094183605196 0.0 -1.0 -1.0
1.0 99.0 Car -1.0 -1.0 -1.0 -1.0 -1.0 -1.0 -1.0 1.73 1.562 4.084 1100.707 0.0 1694.635 2.576234087663279 1.0 -1.0 -1.0
1.0 0.0 Bus -1.0 -1.0 -1.0 -1.0 -1.0 -1.0 -1.0 2.923 3.455 12.87 1121.754 1.732 1680.957 2.5636094183605196 1.0 -1.0 -1.0
2.0 99.0 Car -1.0 -1.0 -1.0 -1.0 -1.0 -1.0 -1.0 1.73 1.562 4.084 1097.789 0.0 1696.535 2.57895398158199 1.0 -1.0 -1.0
2.0 0.0 Bus -1.0 -1.0 -1.0 -1.0 -1.0 -1.0 -1.0 2.923 3.455 12.87 1118.576 1.732 1682.997 2.5636094183605196 1.0 -1.0 -1.0
3.0 99.0 Car -1.0 -1.0 -1.0 -1.0 -1.0 -1.0 -1.0 1.73 1.562 4.084 1094.4 0.0 1698.715 2.5838204970819647 1.0 -1.0 -1.0
3.0 0.0 Bus -1.0 -1.0 -1.0 -1.0 -1.0 -1.0 -1.0 2.923 3.455 12.87 1115.086 1.732 1685.237 2.5636094183605196 1.0 -1.0 -1.0
4.0 99.0 Car -1.0 -1.0 -1.0 -1.0 -1.0 -1.0 -1.0 1.73 1.562 4.084 1091.256 0.0 1700.716 2.5849633884712255 1.0 -1.0 -1.0
4.0 0.0 Bus -1.0 -1.0 -1.0 -1.0 -1.0 -1.0 -1.0 2.923 3.455 12.87 1111.762 1.732 1687.372 2.5636094183605196 1.0 -1.0 -1.0
5.0 99.0 Car -1.0 -1.0 -1.0 -1.0 -1.0 -1.0 -1.0 1.73 1.562 4.084 1088.06 0.0 1702.741 2.5832086215380645 1.0 -1.0 -1.0
5.0 0.0 Bus -1.0 -1.0 -1.0 -1.0 -1.0 -1.0 -1.0 2.923 3.455 12.87 1108.445 1.732 1689.502 2.5636094183605196 1.0 -1.0 -1.0
6.0 99.0 Car -1.0 -1.0 -1.0 -1.0 -1.0 -1.0 -1.0 1.73 1.562 4.084 1084.846 0.0 1704.808 2.5769051620538495 1.0 -1.0 -1.0
6.0 0.0 Bus -1.0 -1.0 -1.0 -1.0 -1.0 -1.0 -1.0 2.923 3.455 12.87 1105.122 1.732 1691.637 2.5636094183605196 1.0 -1.0 -1.0
7.0 99.0 Car -1.0 -1.0 -1.0 -1.0 -1.0 -1.0 -1.0 1.73 1.562 4.084 1081.569 0.0 1706.969 2.5674920926212996 1.0 -1.0 -1.0
7.0 0.0 Bus -1.0 -1.0 -1.0 -1.0 -1.0 -1.0 -1.0 2.923 3.455 12.87 1101.733 1.732 1693.925 2.5610781427878755 1.0 -1.0 -1.0
8.0 99.0 Car -1.0 -1.0 -1.0 -1.0 -1.0 -1.0 -1.0 1.73 1.562 4.084 1078.325 0.0 1709.131 2.5614476817342235 1.0 -1.0 -1.0
8.0 0.0 Bus -1.0 -1.0 -1.0 -1.0 -1.0 -1.0 -1.0 2.923 3.455 12.87 1098.344 1.732 1696.214 2.558546735702003 1.0 -1.0 -1.0
9.0 99.0 Car -1.0 -1.0 -1.0 -1.0 -1.0 -1.0 -1.0 1.73 1.562 4.084 1075.179 0.0 1711.27 2.556126909527918 1.0 -1.0 -1.0
9.0 0.0 Bus -1.0 -1.0 -1.0 -1.0 -1.0 -1.0 -1.0 2.923 3.455 12.87 1094.959 1.732 1698.5 2.556018368594987 0.0 -1.0 -1.0
10.0 99.0 Car -1.0 -1.0 -1.0 -1.0 -1.0 -1.0 -1.0 1.73 1.562 4.084 1072.027 0.0 1713.424 2.5522680973413787 1.0 -1.0 -1.0
10.0 0.0 Bus -1.0 -1.0 -1.0 -1.0 -1.0 -1.0 -1.0 2.923 3.455 12.87 1091.57 1.732 1700.788 2.553487143604354 0.0 -1.0 -1.0
11.0 99.0 Car -1.0 -1.0 -1.0 -1.0 -1.0 -1.0 -1.0 1.73 1.562 4.084 1069.258 0.0 1715.305 2.548725077039517 1.0 -1.0 -1.0
11.0 0.0 Bus -1.0 -1.0 -1.0 -1.0 -1.0 -1.0 -1.0 2.923 3.455 12.87 1088.644 1.732 1702.766 2.551213107906462 0.0 -1.0 -1.0
12.0 99.0 Car -1.0 -1.0 -1.0 -1.0 -1.0 -1.0 -1.0 1.73 1.562 4.084 1066.271 0.0 1717.326 2.552007541541687 1.0 -1.0 -1.0
12.0 0.0 Bus -1.0 -1.0 -1.0 -1.0 -1.0 -1.0 -1.0 2.923 3.455 12.87 1085.393 1.732 1704.962 2.54868725978359 0.0 -1.0 -1.0
13.0 99.0 Car -1.0 -1.0 -1.0 -1.0 -1.0 -1.0 -1.0 1.73 1.562 4.084 1063.417 0.0 1719.222 2.575143169803655 1.0 -1.0 -1.0
13.0 0.0 Bus -1.0 -1.0 -1.0 -1.0 -1.0 -1.0 -1.0 2.923 3.455 12.87 1082.136 1.732 1707.162 2.546156125840576 0.0 -1.0 -1.0
14.0 99.0 Car -1.0 -1.0 -1.0 -1.0 -1.0 -1.0 -1.0 1.73 1.562 4.084 1060.607 0.0 1720.958 2.6183637192239066 1.0 -1.0 -1.0
14.0 0.0 Bus -1.0 -1.0 -1.0 -1.0 -1.0 -1.0 -1.0 2.923 3.455 12.87 1079.251 1.732 1709.01 2.57322913300447 0.0 -1.0 -1.0
15.0 99.0 Car -1.0 -1.0 -1.0 -1.0 -1.0 -1.0 -1.0 1.73 1.562 4.084 1057.793 0.0 1722.474 2.69612211653052 1.0 -1.0 -1.0
15.0 0.0 Bus -1.0 -1.0 -1.0 -1.0 -1.0 -1.0 -1.0 2.923 3.455 12.87 1076.32 1.732 1710.778 2.6002701329603397 0.0 -1.0 -1.0
16.0 99.0 Car -1.0 -1.0 -1.0 -1.0 -1.0 -1.0 -1.0 1.73 1.562 4.084 1054.845 0.0 1723.728 2.8011928227356364 1.0 -1.0 -1.0
16.0 0.0 Bus -1.0 -1.0 -1.0 -1.0 -1.0 -1.0 -1.0 2.923 3.455 12.87 1073.568 1.732 1712.333 2.627342219443123 0.0 -1.0 -1.0
17.0 99.0 Car -1.0 -1.0 -1.0 -1.0 -1.0 -1.0 -1.0 1.73 1.562 4.084 1051.758 0.0 1724.653 2.9188100822278433 1.0 -1.0 -1.0
17.0 0.0 Bus -1.0 -1.0 -1.0 -1.0 -1.0 -1.0 -1.0 2.923 3.455 12.87 1070.772 1.732 1713.815 2.654446421449356 0.0 -1.0 -1.0
18.0 99.0 Car -1.0 -1.0 -1.0 -1.0 -1.0 -1.0 -1.0 1.73 1.562 4.084 1048.458 0.0 1725.242 3.0282608771439006 1.0 -1.0 -1.0
18.0 0.0 Bus -1.0 -1.0 -1.0 -1.0 -1.0 -1.0 -1.0 2.923 3.455 12.87 1068.183 1.732 1715.04 2.686371170618499 0.0 -1.0 -1.0
19.0 99.0 Car -1.0 -1.0 -1.0 -1.0 -1.0 -1.0 -1.0 1.73 1.562 4.084 1044.854 0.0 1725.551 3.1054466170157493 1.0 -1.0 -1.0
19.0 0.0 Bus -1.0 -1.0 -1.0 -1.0 -1.0 -1.0 -1.0 2.923 3.455 12.87 1065.292 1.732 1716.29 2.721474313737323 0.0 -1.0 -1.0
20.0 99.0 Car -1.0 -1.0 -1.0 -1.0 -1.0 -1.0 -1.0 1.73 1.562 4.084 1041.856 0.0 1725.638 -3.1389895408409383 1.0 -1.0 -1.0
20.0 0.0 Bus -1.0 -1.0 -1.0 -1.0 -1.0 -1.0 -1.0 2.923 3.455 12.87 1063.288 1.732 1717.069 2.750157441777226 0.0 -1.0 -1.0
25.0 99.0 Car -1.0 -1.0 -1.0 -1.0 -1.0 -1.0 -1.0 1.73 1.562 4.084 1025.164 0.0 1724.708 -3.0462952527676603 1.0 -1.0 -1.0
25.0 1.0 Car -1.0 -1.0 -1.0 -1.0 -1.0 -1.0 -1.0 1.858 1.495 4.409 1063.118 1.948 1720.928 2.737119963760665 0.0 -1.0 -1.0
26.0 99.0 Car -1.0 -1.0 -1.0 -1.0 -1.0 -1.0 -1.0 1.73 1.562 4.084 1021.519 0.0 1724.369 -3.038692678584496 1.0 -1.0 -1.0
26.0 1.0 Car -1.0 -1.0 -1.0 -1.0 -1.0 -1.0 -1.0 1.858 1.495 4.409 1059.59 2.182 1722.4 2.7545732562806085 1.0 -1.0 -1.0
27.0 99.0 Car -1.0 -1.0 -1.0 -1.0 -1.0 -1.0 -1.0 1.73 1.562 4.084 1017.88 0.0 1724.016 -3.039243637638713 1.0 -1.0 -1.0
27.0 1.0 Car -1.0 -1.0 -1.0 -1.0 -1.0 -1.0 -1.0 1.858 1.495 4.409 1055.998 2.449 1723.774 2.830288969699785 1.0 -1.0 -1.0
28.0 99.0 Car -1.0 -1.0 -1.0 -1.0 -1.0 -1.0 -1.0 1.73 1.562 4.084 1014.103 0.0 1723.662 -3.0470794477790006 1.0 -1.0 -1.0
28.0 1.0 Car -1.0 -1.0 -1.0 -1.0 -1.0 -1.0 -1.0 1.858 1.495 4.409 1052.32 2.715 1724.871 2.9058341665451684 0.0 -1.0 -1.0
29.0 99.0 Car -1.0 -1.0 -1.0 -1.0 -1.0 -1.0 -1.0 1.73 1.562 4.084 1010.37 0.0 1723.344 -3.051286286551982 1.0 -1.0 -1.0
29.0 1.0 Car -1.0 -1.0 -1.0 -1.0 -1.0 -1.0 -1.0 1.858 1.495 4.409 1048.566 2.982 1725.687 2.9814660590398714 0.0 -1.0 -1.0
30.0 99.0 Car -1.0 -1.0 -1.0 -1.0 -1.0 -1.0 -1.0 1.73 1.562 4.084 1006.571 0.0 1723.045 -3.061489966405238 1.0 -1.0 -1.0
30.0 1.0 Car -1.0 -1.0 -1.0 -1.0 -1.0 -1.0 -1.0 1.858 1.495 4.409 1044.151 3.16 1725.951 3.1065222160356574 0.0 -1.0 -1.0
31.0 99.0 Car -1.0 -1.0 -1.0 -1.0 -1.0 -1.0 -1.0 1.73 1.562 4.084 1003.558 0.0 1722.851 -3.0695828179961646 1.0 -1.0 -1.0
31.0 1.0 Car -1.0 -1.0 -1.0 -1.0 -1.0 -1.0 -1.0 1.858 1.495 4.409 1040.618 3.303 1725.765 -3.076645834775858 0.0 -1.0 -1.0
32.0 99.0 Car -1.0 -1.0 -1.0 -1.0 -1.0 -1.0 -1.0 1.73 1.562 4.084 999.751 0.0 1722.615 -3.0781714585806252 1.0 -1.0 -1.0
32.0 1.0 Car -1.0 -1.0 -1.0 -1.0 -1.0 -1.0 -1.0 1.858 1.495 4.409 1036.184 3.426 1725.531 -3.0795118902448397 0.0 -1.0 -1.0
33.0 99.0 Car -1.0 -1.0 -1.0 -1.0 -1.0 -1.0 -1.0 1.73 1.562 4.084 996.005 0.0 1722.403 -3.0813319672645862 1.0 -1.0 -1.0
33.0 1.0 Car -1.0 -1.0 -1.0 -1.0 -1.0 -1.0 -1.0 1.858 1.495 4.409 1031.75 3.548 1725.296 -3.0823780144390867 0.0 -1.0 -1.0
34.0 99.0 Car -1.0 -1.0 -1.0 -1.0 -1.0 -1.0 -1.0 1.73 1.562 4.084 992.259 0.0 1722.175 -3.0822035284691416 1.0 -1.0 -1.0
34.0 1.0 Car -1.0 -1.0 -1.0 -1.0 -1.0 -1.0 -1.0 1.858 1.495 4.409 1026.729 3.594 1724.94 -3.0827829702307876 0.0 -1.0 -1.0
35.0 99.0 Car -1.0 -1.0 -1.0 -1.0 -1.0 -1.0 -1.0 1.73 1.562 4.084 988.515 0.0 1722.008 -3.093897658657526 1.0 -1.0 -1.0
35.0 1.0 Car -1.0 -1.0 -1.0 -1.0 -1.0 -1.0 -1.0 1.858 1.495 4.409 1021.708 3.64 1724.584 -3.083187930883338 0.0 -1.0 -1.0
36.0 99.0 Car -1.0 -1.0 -1.0 -1.0 -1.0 -1.0 -1.0 1.73 1.562 4.084 984.778 0.0 1721.872 -3.1066320385020374 1.0 -1.0 -1.0
36.0 1.0 Car -1.0 -1.0 -1.0 -1.0 -1.0 -1.0 -1.0 1.858 1.495 4.409 1016.686 3.686 1724.228 -3.0835929150299974 0.0 -1.0 -1.0
37.0 99.0 Car -1.0 -1.0 -1.0 -1.0 -1.0 -1.0 -1.0 1.73 1.562 4.084 980.977 0.0 1721.782 -3.1189048057985365 1.0 -1.0 -1.0
37.0 1.0 Car -1.0 -1.0 -1.0 -1.0 -1.0 -1.0 -1.0 1.858 1.495 4.409 1011.67 3.731 1723.872 -3.0839974195727913 0.0 -1.0 -1.0
38.0 99.0 Car -1.0 -1.0 -1.0 -1.0 -1.0 -1.0 -1.0 1.73 1.562 4.084 977.16 0.0 1721.77 3.1401240241592414 1.0 -1.0 -1.0
38.0 1.0 Car -1.0 -1.0 -1.0 -1.0 -1.0 -1.0 -1.0 1.858 1.495 4.409 1006.514 3.662 1723.478 -3.0868507334193804 0.0 -1.0 -1.0
39.0 99.0 Car -1.0 -1.0 -1.0 -1.0 -1.0 -1.0 -1.0 1.73 1.562 4.084 973.438 0.0 1721.82 3.113671618267126 1.0 -1.0 -1.0
39.0 1.0 Car -1.0 -1.0 -1.0 -1.0 -1.0 -1.0 -1.0 1.858 1.495 4.409 1001.352 3.592 1723.084 -3.0897073408201243 0.0 -1.0 -1.0
