0.0 99.0 Car -1.0 -1.0 -1.0 -1.0 -1.0 -1.0 -1.0 1.73 1.562 4.084 1777.236 0.0 914.818 -0.6961724303982759 1.0 -1.0 -1.0
0.0 1.0 Car -1.0 -1.0 -1.0 -1.0 -1.0 -1.0 -1.0 2.111 1.783 4.878 1765.907 0.925 924.152 -0.6554933067615947 0.0 -1.0 -1.0
0.0 0.0 Bus -1.0 -1.0 -1.0 -1.0 -1.0 -1.0 -1.0 3.436 3.465 12.8 1819.07 1.882 886.434 -0.626485934642019 0.0 -1.0 -1.0
1.0 99.0 Car -1.0 -1.0 -1.0 -1.0 -1.0 -1.0 -1.0 1.73 1.562 4.084 1779.339 0.0 913.078 -0.6843063990413395 1.0 -1.0 -1.0
1.0 1.0 Car -1.0 -1.0 -1.0 -1.0 -1.0 -1.0 -1.0 2.111 1.783 4.878 1767.992 0.925 922.486 -0.6554933067615947 1.0 -1.0 -1.0
1.0 0.0 Bus -1.0 -1.0 -1.0 -1.0 -1.0 -1.0 -1.0 3.436 3.465 12.8 1821.304 1.879 884.684 -0.6439392271619622 1.0 -1.0 -1.0
2.0 99.0 Car -1.0 -1.0 -1.0 -1.0 -1.0 -1.0 -1.0 1.73 1.562 4.084 1781.495 0.0 911.302 -0.6901230489096364 1.0 -1.0 -1.0
2.0 1.0 Car -1.0 -1.0 -1.0 -1.0 -1.0 -1.0 -1.0 2.111 1.783 4.878 1770.077 0.925 920.819 -0.6554933067615947 1.0 -1.0 -1.0
2.0 0.0 Bus -1.0 -1.0 -1.0 -1.0 -1.0 -1.0 -1.0 3.436 3.465 12.8 1823.506 1.877 882.896 -0.6613925196819053 1.0 -1.0 -1.0
3.0 99.0 Car -1.0 -1.0 -1.0 -1.0 -1.0 -1.0 -1.0 1.73 1.562 4.084 1783.773 0.0 909.354 -0.7102144856083237 1.0 -1.0 -1.0
3.0 1.0 Car -1.0 -1.0 -1.0 -1.0 -1.0 -1.0 -1.0 2.111 1.783 4.878 1772.197 0.925 919.063 -0.6579866342644439 1.0 -1.0 -1.0
3.0 0.0 Bus -1.0 -1.0 -1.0 -1.0 -1.0 -1.0 -1.0 3.436 3.465 12.8 1825.677 1.875 881.07 -0.6788458122018484 1.0 -1.0 -1.0
4.0 99.0 Car -1.0 -1.0 -1.0 -1.0 -1.0 -1.0 -1.0 1.73 1.562 4.084 1785.729 0.0 907.652 -0.708252109751557 1.0 -1.0 -1.0
4.0 1.0 Car -1.0 -1.0 -1.0 -1.0 -1.0 -1.0 -1.0 2.111 1.783 4.878 1774.117 0.925 917.461 -0.660479961767293 1.0 -1.0 -1.0
4.0 0.0 Bus -1.0 -1.0 -1.0 -1.0 -1.0 -1.0 -1.0 3.436 3.465 12.8 1827.816 1.872 879.206 -0.6962991047217915 1.0 -1.0 -1.0
5.0 99.0 Car -1.0 -1.0 -1.0 -1.0 -1.0 -1.0 -1.0 1.73 1.562 4.084 1787.441 0.0 906.189 -0.6871370856142923 1.0 -1.0 -1.0
5.0 1.0 Car -1.0 -1.0 -1.0 -1.0 -1.0 -1.0 -1.0 2.111 1.783 4.878 1776.038 0.925 915.859 -0.6629732892701421 1.0 -1.0 -1.0
5.0 0.0 Bus -1.0 -1.0 -1.0 -1.0 -1.0 -1.0 -1.0 3.436 3.465 12.8 1829.906 1.87 877.286 -0.7137523972417346 1.0 -1.0 -1.0
6.0 99.0 Car -1.0 -1.0 -1.0 -1.0 -1.0 -1.0 -1.0 1.73 1.562 4.084 1789.048 0.0 904.885 -0.66668892774009 1.0 -1.0 -1.0
6.0 1.0 Car -1.0 -1.0 -1.0 -1.0 -1.0 -1.0 -1.0 2.111 1.783 4.878 1777.87 0.925 914.327 -0.6654666167729913 1.0 -1.0 -1.0
6.0 0.0 Bus -1.0 -1.0 -1.0 -1.0 -1.0 -1.0 -1.0 3.436 3.465 12.8 1831.995 1.868 875.367 -0.7312056897616775 1.0 -1.0 -1.0
7.0 99.0 Car -1.0 -1.0 -1.0 -1.0 -1.0 -1.0 -1.0 1.73 1.562 4.084 1790.589 0.0 903.681 -0.6464816810492776 1.0 -1.0 -1.0
7.0 1.0 Car -1.0 -1.0 -1.0 -1.0 -1.0 -1.0 -1.0 2.111 1.783 4.878 1779.703 0.925 912.794 -0.6679599442758399 1.0 -1.0 -1.0
7.0 0.0 Bus -1.0 -1.0 -1.0 -1.0 -1.0 -1.0 -1.0 3.436 3.465 12.8 1834.114 1.882 873.558 -0.7137523972417346 1.0 -1.0 -1.0
8.0 99.0 Car -1.0 -1.0 -1.0 -1.0 -1.0 -1.0 -1.0 1.73 1.562 4.084 1792.11 0.0 902.553 -0.6129986005976591 1.0 -1.0 -1.0
8.0 1.0 Car -1.0 -1.0 -1.0 -1.0 -1.0 -1.0 -1.0 2.111 1.783 4.878 1781.499 0.925 911.291 -0.6704532717786886 1.0 -1.0 -1.0
8.0 0.0 Bus -1.0 -1.0 -1.0 -1.0 -1.0 -1.0 -1.0 3.436 3.465 12.8 1836.055 1.896 871.836 -0.6962991047217915 1.0 -1.0 -1.0
9.0 99.0 Car -1.0 -1.0 -1.0 -1.0 -1.0 -1.0 -1.0 1.73 1.562 4.084 1793.697 0.0 901.479 -0.5711800838842525 1.0 -1.0 -1.0
9.0 1.0 Car -1.0 -1.0 -1.0 -1.0 -1.0 -1.0 -1.0 2.111 1.783 4.878 1783.295 0.925 909.788 -0.6729465992815379 1.0 -1.0 -1.0
9.0 0.0 Bus -1.0 -1.0 -1.0 -1.0 -1.0 -1.0 -1.0 3.436 3.465 12.8 1837.878 1.91 870.273 -0.6788458122018484 1.0 -1.0 -1.0
10.0 99.0 Car -1.0 -1.0 -1.0 -1.0 -1.0 -1.0 -1.0 1.73 1.562 4.084 1795.358 0.0 900.461 -0.5204538561438838 1.0 -1.0 -1.0
10.0 1.0 Car -1.0 -1.0 -1.0 -1.0 -1.0 -1.0 -1.0 2.111 1.783 4.878 1785.042 0.925 908.393 -0.6642199530215661 1.0 -1.0 -1.0
10.0 0.0 Bus -1.0 -1.0 -1.0 -1.0 -1.0 -1.0 -1.0 3.436 3.465 12.8 1839.203 1.925 868.712 -0.7486589822816209 1.0 -1.0 -1.0
11.0 99.0 Car -1.0 -1.0 -1.0 -1.0 -1.0 -1.0 -1.0 1.73 1.562 4.084 1797.126 0.0 899.477 -0.48180053473352125 1.0 -1.0 -1.0
11.0 1.0 Car -1.0 -1.0 -1.0 -1.0 -1.0 -1.0 -1.0 2.111 1.783 4.878 1786.789 0.925 906.998 -0.6554933067615947 1.0 -1.0 -1.0
11.0 0.0 Bus -1.0 -1.0 -1.0 -1.0 -1.0 -1.0 -1.0 3.436 3.465 12.8 1840.647 1.939 867.628 -0.7021168688951058 1.0 -1.0 -1.0
12.0 99.0 Car -1.0 -1.0 -1.0 -1.0 -1.0 -1.0 -1.0 1.73 1.562 4.084 1798.808 0.0 898.605 -0.461217119020282 1.0 -1.0 -1.0
12.0 1.0 Car -1.0 -1.0 -1.0 -1.0 -1.0 -1.0 -1.0 2.111 1.783 4.878 1788.297 0.925 905.788 -0.6467666605016231 1.0 -1.0 -1.0
12.0 0.0 Bus -1.0 -1.0 -1.0 -1.0 -1.0 -1.0 -1.0 3.436 3.465 12.8 1842.139 1.953 866.613 -0.6555747555085908 1.0 -1.0 -1.0
13.0 99.0 Car -1.0 -1.0 -1.0 -1.0 -1.0 -1.0 -1.0 1.73 1.562 4.084 1801.018 0.0 897.51 -0.4501666481558903 1.0 -1.0 -1.0
13.0 1.0 Car -1.0 -1.0 -1.0 -1.0 -1.0 -1.0 -1.0 2.111 1.783 4.878 1790.029 0.925 904.541 -0.6380400142416515 1.0 -1.0 -1.0
13.0 0.0 Bus -1.0 -1.0 -1.0 -1.0 -1.0 -1.0 -1.0 3.436 3.465 12.8 1843.676 1.968 865.669 -0.609032642122076 1.0 -1.0 -1.0
14.0 99.0 Car -1.0 -1.0 -1.0 -1.0 -1.0 -1.0 -1.0 1.73 1.562 4.084 1803.554 0.0 896.203 -0.49323568337605905 1.0 -1.0 -1.0
14.0 1.0 Car -1.0 -1.0 -1.0 -1.0 -1.0 -1.0 -1.0 2.111 1.783 4.878 1791.762 0.925 903.294 -0.6293133679816801 1.0 -1.0 -1.0
14.0 0.0 Bus -1.0 -1.0 -1.0 -1.0 -1.0 -1.0 -1.0 3.436 3.465 12.8 1845.0 1.918 864.715 -0.5741260570821899 1.0 -1.0 -1.0
15.0 99.0 Car -1.0 -1.0 -1.0 -1.0 -1.0 -1.0 -1.0 1.73 1.562 4.084 1806.164 0.0 894.678 -0.5513915040310781 1.0 -1.0 -1.0
15.0 1.0 Car -1.0 -1.0 -1.0 -1.0 -1.0 -1.0 -1.0 2.111 1.783 4.878 1793.494 0.925 902.047 -0.6205867217217085 1.0 -1.0 -1.0
15.0 0.0 Bus -1.0 -1.0 -1.0 -1.0 -1.0 -1.0 -1.0 3.436 3.465 12.8 1846.345 1.868 863.639 -0.4868595944824725 1.0 -1.0 -1.0
16.0 99.0 Car -1.0 -1.0 -1.0 -1.0 -1.0 -1.0 -1.0 1.73 1.562 4.084 1808.624 0.0 893.1 -0.5827310673202121 1.0 -1.0 -1.0
16.0 1.0 Car -1.0 -1.0 -1.0 -1.0 -1.0 -1.0 -1.0 2.111 1.783 4.878 1795.265 0.925 900.786 -0.6118600754617369 1.0 -1.0 -1.0
16.0 0.0 Bus -1.0 -1.0 -1.0 -1.0 -1.0 -1.0 -1.0 3.436 3.465 12.8 1848.06 1.768 863.387 -0.3472332543229266 1.0 -1.0 -1.0
17.0 99.0 Car -1.0 -1.0 -1.0 -1.0 -1.0 -1.0 -1.0 1.73 1.562 4.084 1811.231 0.0 891.327 -0.6027787571795835 1.0 -1.0 -1.0
17.0 1.0 Car -1.0 -1.0 -1.0 -1.0 -1.0 -1.0 -1.0 2.111 1.783 4.878 1797.364 0.925 899.268 -0.6031334292017653 1.0 -1.0 -1.0
17.0 0.0 Bus -1.0 -1.0 -1.0 -1.0 -1.0 -1.0 -1.0 3.436 3.465 12.8 1849.85 1.668 863.586 -0.15524703660355013 1.0 -1.0 -1.0
18.0 99.0 Car -1.0 -1.0 -1.0 -1.0 -1.0 -1.0 -1.0 1.73 1.562 4.084 1814.014 0.0 889.377 -0.6142052548409823 1.0 -1.0 -1.0
18.0 1.0 Car -1.0 -1.0 -1.0 -1.0 -1.0 -1.0 -1.0 2.111 1.783 4.878 1799.698 0.925 897.815 -0.5951755589218393 1.0 -1.0 -1.0
18.0 0.0 Bus -1.0 -1.0 -1.0 -1.0 -1.0 -1.0 -1.0 3.436 3.465 12.8 1851.481 1.568 863.372 -0.12034045156366346 1.0 -1.0 -1.0
19.0 99.0 Car -1.0 -1.0 -1.0 -1.0 -1.0 -1.0 -1.0 1.73 1.562 4.084 1816.362 0.0 887.699 -0.6204769005301008 1.0 -1.0 -1.0
19.0 1.0 Car -1.0 -1.0 -1.0 -1.0 -1.0 -1.0 -1.0 2.111 1.783 4.878 1802.033 0.925 896.363 -0.5872176886419133 1.0 -1.0 -1.0
19.0 0.0 Bus -1.0 -1.0 -1.0 -1.0 -1.0 -1.0 -1.0 3.436 3.465 12.8 1852.963 1.518 863.357 -0.0679805740038335 1.0 -1.0 -1.0
20.0 99.0 Car -1.0 -1.0 -1.0 -1.0 -1.0 -1.0 -1.0 1.73 1.562 4.084 1818.685 0.0 886.012 -0.6244466979124119 1.0 -1.0 -1.0
20.0 1.0 Car -1.0 -1.0 -1.0 -1.0 -1.0 -1.0 -1.0 2.111 1.783 4.878 1804.367 0.925 894.911 -0.5792598183619866 1.0 -1.0 -1.0
20.0 0.0 Bus -1.0 -1.0 -1.0 -1.0 -1.0 -1.0 -1.0 3.436 3.465 12.8 1854.432 1.668 863.255 -0.0679805740038335 1.0 -1.0 -1.0
21.0 99.0 Car -1.0 -1.0 -1.0 -1.0 -1.0 -1.0 -1.0 1.73 1.562 4.084 1820.978 0.0 884.324 -0.6303185108200415 1.0 -1.0 -1.0
21.0 1.0 Car -1.0 -1.0 -1.0 -1.0 -1.0 -1.0 -1.0 2.111 1.783 4.878 1806.702 0.925 893.458 -0.57130194808206 1.0 -1.0 -1.0
21.0 0.0 Bus -1.0 -1.0 -1.0 -1.0 -1.0 -1.0 -1.0 3.436 3.465 12.8 1855.901 1.818 863.153 -0.0679805740038335 1.0 -1.0 -1.0
22.0 99.0 Car -1.0 -1.0 -1.0 -1.0 -1.0 -1.0 -1.0 1.73 1.562 4.084 1823.189 0.0 882.684 -0.6322290079794792 1.0 -1.0 -1.0
22.0 1.0 Car -1.0 -1.0 -1.0 -1.0 -1.0 -1.0 -1.0 2.111 1.783 4.878 1809.036 0.925 892.006 -0.5633440778021338 1.0 -1.0 -1.0
22.0 0.0 Bus -1.0 -1.0 -1.0 -1.0 -1.0 -1.0 -1.0 3.436 3.465 12.8 1857.281 1.768 863.056 -0.1377937440836068 1.0 -1.0 -1.0
23.0 99.0 Car -1.0 -1.0 -1.0 -1.0 -1.0 -1.0 -1.0 1.73 1.562 4.084 1824.903 0.0 881.404 -0.6319027077295672 1.0 -1.0 -1.0
23.0 1.0 Car -1.0 -1.0 -1.0 -1.0 -1.0 -1.0 -1.0 2.111 1.783 4.878 1810.944 0.925 890.785 -0.5763301585461393 1.0 -1.0 -1.0
23.0 0.0 Bus -1.0 -1.0 -1.0 -1.0 -1.0 -1.0 -1.0 3.436 3.465 12.8 1858.528 1.768 862.53 -0.17270032912349342 1.0 -1.0 -1.0
24.0 99.0 Car -1.0 -1.0 -1.0 -1.0 -1.0 -1.0 -1.0 1.73 1.562 4.084 1827.082 0.0 879.795 -0.6266817709988927 1.0 -1.0 -1.0
24.0 1.0 Car -1.0 -1.0 -1.0 -1.0 -1.0 -1.0 -1.0 2.111 1.783 4.878 1813.453 0.925 889.173 -0.5456830079902873 1.0 -1.0 -1.0
24.0 0.0 Bus -1.0 -1.0 -1.0 -1.0 -1.0 -1.0 -1.0 3.436 3.465 12.8 1860.047 1.668 862.056 -0.2948733767630966 1.0 -1.0 -1.0
25.0 99.0 Car -1.0 -1.0 -1.0 -1.0 -1.0 -1.0 -1.0 1.73 1.562 4.084 1829.314 0.0 878.167 -0.6240975122708083 1.0 -1.0 -1.0
25.0 1.0 Car -1.0 -1.0 -1.0 -1.0 -1.0 -1.0 -1.0 2.111 1.783 4.878 1815.833 0.925 887.534 -0.5449557874686217 1.0 -1.0 -1.0
25.0 0.0 Bus -1.0 -1.0 -1.0 -1.0 -1.0 -1.0 -1.0 3.436 3.465 12.8 1861.537 1.668 861.051 -0.4344997169226432 1.0 -1.0 -1.0
26.0 99.0 Car -1.0 -1.0 -1.0 -1.0 -1.0 -1.0 -1.0 1.73 1.562 4.084 1831.643 0.0 876.433 -0.6464465018821945 1.0 -1.0 -1.0
26.0 1.0 Car -1.0 -1.0 -1.0 -1.0 -1.0 -1.0 -1.0 2.111 1.783 4.878 1818.435 0.925 885.814 -0.5682268441618792 0.0 -1.0 -1.0
26.0 0.0 Bus -1.0 -1.0 -1.0 -1.0 -1.0 -1.0 -1.0 3.436 3.465 12.8 1862.899 1.568 859.995 -0.5915793496021329 0.0 -1.0 -1.0
27.0 99.0 Car -1.0 -1.0 -1.0 -1.0 -1.0 -1.0 -1.0 1.73 1.562 4.084 1833.924 0.0 874.64 -0.6699388647937233 1.0 -1.0 -1.0
27.0 1.0 Car -1.0 -1.0 -1.0 -1.0 -1.0 -1.0 -1.0 2.111 1.783 4.878 1820.846 0.925 884.077 -0.5856801366818223 0.0 -1.0 -1.0
27.0 0.0 Bus -1.0 -1.0 -1.0 -1.0 -1.0 -1.0 -1.0 3.436 3.465 12.8 1863.849 1.718 858.447 -0.7661122748015657 0.0 -1.0 -1.0
28.0 99.0 Car -1.0 -1.0 -1.0 -1.0 -1.0 -1.0 -1.0 1.73 1.562 4.084 1836.095 0.0 872.817 -0.7142439690492274 1.0 -1.0 -1.0
28.0 1.0 Car -1.0 -1.0 -1.0 -1.0 -1.0 -1.0 -1.0 2.111 1.783 4.878 1823.21 0.925 882.277 -0.6031334292017653 0.0 -1.0 -1.0
28.0 0.0 Bus -1.0 -1.0 -1.0 -1.0 -1.0 -1.0 -1.0 3.436 3.465 12.8 1864.848 1.868 856.972 -0.9580984925209415 0.0 -1.0 -1.0
29.0 99.0 Car -1.0 -1.0 -1.0 -1.0 -1.0 -1.0 -1.0 1.73 1.562 4.084 1838.075 0.0 870.974 -0.7656448904499386 1.0 -1.0 -1.0
29.0 1.0 Car -1.0 -1.0 -1.0 -1.0 -1.0 -1.0 -1.0 2.111 1.783 4.878 1825.573 0.925 880.477 -0.6205867217217085 0.0 -1.0 -1.0
29.0 0.0 Bus -1.0 -1.0 -1.0 -1.0 -1.0 -1.0 -1.0 3.436 3.465 12.8 1865.1 2.018 855.121 -1.1675380027602604 0.0 -1.0 -1.0
30.0 99.0 Car -1.0 -1.0 -1.0 -1.0 -1.0 -1.0 -1.0 1.73 1.562 4.084 1839.717 0.0 869.3 -0.8057710121090752 1.0 -1.0 -1.0
30.0 1.0 Car -1.0 -1.0 -1.0 -1.0 -1.0 -1.0 -1.0 2.111 1.783 4.878 1827.837 0.925 878.696 -0.6438577784149659 0.0 -1.0 -1.0
30.0 0.0 Bus -1.0 -1.0 -1.0 -1.0 -1.0 -1.0 -1.0 3.436 3.465 12.8 1865.101 2.118 853.319 -1.4118840980394656 0.0 -1.0 -1.0
31.0 99.0 Car -1.0 -1.0 -1.0 -1.0 -1.0 -1.0 -1.0 1.73 1.562 4.084 1841.102 0.0 867.797 -0.8239216034959563 1.0 -1.0 -1.0
31.0 1.0 Car -1.0 -1.0 -1.0 -1.0 -1.0 -1.0 -1.0 2.111 1.783 4.878 1829.985 0.925 876.931 -0.6671288351082234 0.0 -1.0 -1.0
31.0 0.0 Bus -1.0 -1.0 -1.0 -1.0 -1.0 -1.0 -1.0 3.436 3.465 12.8 1864.485 1.918 851.658 -1.6387769007987283 0.0 -1.0 -1.0
32.0 99.0 Car -1.0 -1.0 -1.0 -1.0 -1.0 -1.0 -1.0 1.73 1.562 4.084 1842.212 0.0 866.579 -0.81369203335252 1.0 -1.0 -1.0
32.0 1.0 Car -1.0 -1.0 -1.0 -1.0 -1.0 -1.0 -1.0 2.111 1.783 4.878 1831.793 0.925 875.366 -0.6903998918014809 0.0 -1.0 -1.0
32.0 0.0 Bus -1.0 -1.0 -1.0 -1.0 -1.0 -1.0 -1.0 3.436 3.465 12.8 1863.455 1.718 850.112 -1.9005762885978774 0.0 -1.0 -1.0
33.0 99.0 Car -1.0 -1.0 -1.0 -1.0 -1.0 -1.0 -1.0 1.73 1.562 4.084 1843.196 0.0 865.56 -0.7763698080184609 1.0 -1.0 -1.0
33.0 1.0 Car -1.0 -1.0 -1.0 -1.0 -1.0 -1.0 -1.0 2.111 1.783 4.878 1833.504 0.925 873.807 -0.6845821276281666 0.0 -1.0 -1.0
33.0 0.0 Bus -1.0 -1.0 -1.0 -1.0 -1.0 -1.0 -1.0 3.436 3.465 12.8 1862.178 1.568 848.924 -2.1798289689169708 0.0 -1.0 -1.0
34.0 99.0 Car -1.0 -1.0 -1.0 -1.0 -1.0 -1.0 -1.0 1.73 1.562 4.084 1844.041 0.0 864.769 -0.7182794150465545 1.0 -1.0 -1.0
34.0 1.0 Car -1.0 -1.0 -1.0 -1.0 -1.0 -1.0 -1.0 2.111 1.783 4.878 1835.059 0.925 872.376 -0.6787643634548521 0.0 -1.0 -1.0
34.0 0.0 Bus -1.0 -1.0 -1.0 -1.0 -1.0 -1.0 -1.0 3.436 3.465 12.8 1860.516 1.468 848.224 -2.4590816492360643 0.0 -1.0 -1.0
35.0 99.0 Car -1.0 -1.0 -1.0 -1.0 -1.0 -1.0 -1.0 1.73 1.562 4.084 1844.839 0.0 864.111 -0.6477887479191988 1.0 -1.0 -1.0
35.0 1.0 Car -1.0 -1.0 -1.0 -1.0 -1.0 -1.0 -1.0 2.111 1.783 4.878 1836.468 0.925 870.976 -0.6729465992815379 0.0 -1.0 -1.0
35.0 0.0 Bus -1.0 -1.0 -1.0 -1.0 -1.0 -1.0 -1.0 3.436 3.465 12.8 1858.934 1.418 848.107 -2.7208810370352148 0.0 -1.0 -1.0
36.0 99.0 Car -1.0 -1.0 -1.0 -1.0 -1.0 -1.0 -1.0 1.73 1.562 4.084 1845.543 0.0 863.628 -0.5751982788947557 1.0 -1.0 -1.0
36.0 1.0 Car -1.0 -1.0 -1.0 -1.0 -1.0 -1.0 -1.0 2.111 1.783 4.878 1837.75 0.925 869.849 -0.6671288351082234 0.0 -1.0 -1.0
36.0 0.0 Bus -1.0 -1.0 -1.0 -1.0 -1.0 -1.0 -1.0 3.436 3.465 12.8 1857.059 1.368 848.206 -3.000133717354308 0.0 -1.0 -1.0
37.0 99.0 Car -1.0 -1.0 -1.0 -1.0 -1.0 -1.0 -1.0 1.73 1.562 4.084 1846.144 0.0 863.264 -0.5074219019074623 1.0 -1.0 -1.0
37.0 1.0 Car -1.0 -1.0 -1.0 -1.0 -1.0 -1.0 -1.0 2.111 1.783 4.878 1838.724 0.925 868.939 -0.6874910097148238 0.0 -1.0 -1.0
37.0 0.0 Bus -1.0 -1.0 -1.0 -1.0 -1.0 -1.0 -1.0 3.436 3.465 12.8 1855.224 1.318 848.611 3.0212522020261297 0.0 -1.0 -1.0
