0.0 99.0 Car -1.0 -1.0 -1.0 -1.0 -1.0 -1.0 -1.0 1.73 1.562 4.084 1207.45 0.0 2804.589 -0.6855775802342919 1.0 -1.0 -1.0
0.0 1.0 Car -1.0 -1.0 -1.0 -1.0 -1.0 -1.0 -1.0 1.99 1.639 4.047 1244.21 0.965 2773.301 -0.6794741310957776 0.0 -1.0 -1.0
1.0 99.0 Car -1.0 -1.0 -1.0 -1.0 -1.0 -1.0 -1.0 1.73 1.562 4.084 1211.095 0.0 2801.553 -0.6905867836303261 1.0 -1.0 -1.0
1.0 1.0 Car -1.0 -1.0 -1.0 -1.0 -1.0 -1.0 -1.0 1.99 1.639 4.047 1246.33 0.965 2771.622 -0.6794741310957776 1.0 -1.0 -1.0
2.0 99.0 Car -1.0 -1.0 -1.0 -1.0 -1.0 -1.0 -1.0 1.73 1.562 4.084 1214.674 0.0 2798.54 -0.6924151538386242 1.0 -1.0 -1.0
2.0 1.0 Car -1.0 -1.0 -1.0 -1.0 -1.0 -1.0 -1.0 1.99 1.639 4.047 1248.451 0.915 2769.944 -0.6794741310957776 1.0 -1.0 -1.0
3.0 99.0 Car -1.0 -1.0 -1.0 -1.0 -1.0 -1.0 -1.0 1.73 1.562 4.084 1218.212 0.0 2795.58 -0.6880622476707242 1.0 -1.0 -1.0
3.0 1.0 Car -1.0 -1.0 -1.0 -1.0 -1.0 -1.0 -1.0 1.99 1.639 4.047 1250.615 0.865 2768.231 -0.6794741310957776 1.0 -1.0 -1.0
4.0 99.0 Car -1.0 -1.0 -1.0 -1.0 -1.0 -1.0 -1.0 1.73 1.562 4.084 1221.692 0.0 2792.671 -0.6878785546760547 1.0 -1.0 -1.0
4.0 1.0 Car -1.0 -1.0 -1.0 -1.0 -1.0 -1.0 -1.0 1.99 1.639 4.047 1252.81 0.865 2766.388 -0.6969274236157208 1.0 -1.0 -1.0
5.0 99.0 Car -1.0 -1.0 -1.0 -1.0 -1.0 -1.0 -1.0 1.73 1.562 4.084 1225.08 0.0 2789.845 -0.685115907163235 1.0 -1.0 -1.0
5.0 1.0 Car -1.0 -1.0 -1.0 -1.0 -1.0 -1.0 -1.0 1.99 1.639 4.047 1254.811 0.865 2764.746 -0.6969274236157208 1.0 -1.0 -1.0
6.0 99.0 Car -1.0 -1.0 -1.0 -1.0 -1.0 -1.0 -1.0 1.73 1.562 4.084 1228.726 0.0 2786.836 -0.6822705209243881 1.0 -1.0 -1.0
6.0 1.0 Car -1.0 -1.0 -1.0 -1.0 -1.0 -1.0 -1.0 1.99 1.639 4.047 1257.007 0.865 2762.898 -0.7143807161356639 1.0 -1.0 -1.0
7.0 99.0 Car -1.0 -1.0 -1.0 -1.0 -1.0 -1.0 -1.0 1.73 1.562 4.084 1231.899 0.0 2784.225 -0.6804477999295321 1.0 -1.0 -1.0
7.0 1.0 Car -1.0 -1.0 -1.0 -1.0 -1.0 -1.0 -1.0 1.99 1.639 4.047 1258.851 0.815 2761.282 -0.7143807161356639 1.0 -1.0 -1.0
8.0 99.0 Car -1.0 -1.0 -1.0 -1.0 -1.0 -1.0 -1.0 1.73 1.562 4.084 1234.949 0.0 2781.713 -0.6821464940489753 1.0 -1.0 -1.0
8.0 1.0 Car -1.0 -1.0 -1.0 -1.0 -1.0 -1.0 -1.0 1.99 1.639 4.047 1261.011 0.815 2759.438 -0.6969274236157208 1.0 -1.0 -1.0
9.0 99.0 Car -1.0 -1.0 -1.0 -1.0 -1.0 -1.0 -1.0 1.73 1.562 4.084 1237.896 0.0 2779.3 -0.6825519833112632 1.0 -1.0 -1.0
9.0 1.0 Car -1.0 -1.0 -1.0 -1.0 -1.0 -1.0 -1.0 1.99 1.639 4.047 1263.171 0.765 2757.593 -0.6969274236157208 1.0 -1.0 -1.0
10.0 99.0 Car -1.0 -1.0 -1.0 -1.0 -1.0 -1.0 -1.0 1.73 1.562 4.084 1240.741 0.0 2776.945 -0.6866698070496254 1.0 -1.0 -1.0
10.0 1.0 Car -1.0 -1.0 -1.0 -1.0 -1.0 -1.0 -1.0 1.99 1.639 4.047 1265.545 0.715 2755.57 -0.7143807161356639 1.0 -1.0 -1.0
11.0 99.0 Car -1.0 -1.0 -1.0 -1.0 -1.0 -1.0 -1.0 1.73 1.562 4.084 1243.581 0.0 2774.588 -0.6877657182830477 1.0 -1.0 -1.0
11.0 1.0 Car -1.0 -1.0 -1.0 -1.0 -1.0 -1.0 -1.0 1.99 1.639 4.047 1268.102 0.665 2753.506 -0.6969274236157208 1.0 -1.0 -1.0
12.0 99.0 Car -1.0 -1.0 -1.0 -1.0 -1.0 -1.0 -1.0 1.73 1.562 4.084 1246.39 0.0 2772.262 -0.6879277249753568 1.0 -1.0 -1.0
12.0 1.0 Car -1.0 -1.0 -1.0 -1.0 -1.0 -1.0 -1.0 1.99 1.639 4.047 1270.88 0.715 2751.228 -0.6794741310957776 1.0 -1.0 -1.0
13.0 99.0 Car -1.0 -1.0 -1.0 -1.0 -1.0 -1.0 -1.0 1.73 1.562 4.084 1249.064 0.0 2770.041 -0.6854735678206442 1.0 -1.0 -1.0
13.0 1.0 Car -1.0 -1.0 -1.0 -1.0 -1.0 -1.0 -1.0 1.99 1.639 4.047 1273.506 0.715 2749.072 -0.6794741310957776 1.0 -1.0 -1.0
14.0 99.0 Car -1.0 -1.0 -1.0 -1.0 -1.0 -1.0 -1.0 1.73 1.562 4.084 1251.613 0.0 2767.909 -0.6899009090203945 1.0 -1.0 -1.0
14.0 1.0 Car -1.0 -1.0 -1.0 -1.0 -1.0 -1.0 -1.0 1.99 1.639 4.047 1276.389 0.765 2746.636 -0.6882007773557492 1.0 -1.0 -1.0
14.0 0.0 Truck -1.0 -1.0 -1.0 -1.0 -1.0 -1.0 -1.0 1.961 2.19 5.201 1305.417 1.259 2718.239 2.4283638547628588 0.0 -1.0 -1.0
15.0 99.0 Car -1.0 -1.0 -1.0 -1.0 -1.0 -1.0 -1.0 1.73 1.562 4.084 1254.062 0.0 2765.856 -0.6948907959010573 1.0 -1.0 -1.0
15.0 1.0 Car -1.0 -1.0 -1.0 -1.0 -1.0 -1.0 -1.0 1.99 1.639 4.047 1279.272 0.765 2744.201 -0.6969274236157208 1.0 -1.0 -1.0
16.0 99.0 Car -1.0 -1.0 -1.0 -1.0 -1.0 -1.0 -1.0 1.73 1.562 4.084 1256.18 0.0 2764.088 -0.691607949846785 1.0 -1.0 -1.0
16.0 1.0 Car -1.0 -1.0 -1.0 -1.0 -1.0 -1.0 -1.0 1.99 1.639 4.047 1281.936 0.74 2742.088 -0.6882007773557492 0.0 -1.0 -1.0
16.0 0.0 Truck -1.0 -1.0 -1.0 -1.0 -1.0 -1.0 -1.0 1.961 2.19 5.201 1297.977 1.109 2724.488 2.445817147282802 0.0 -1.0 -1.0
17.0 99.0 Car -1.0 -1.0 -1.0 -1.0 -1.0 -1.0 -1.0 1.73 1.562 4.084 1258.577 0.0 2762.076 -0.6885394378687382 1.0 -1.0 -1.0
17.0 1.0 Car -1.0 -1.0 -1.0 -1.0 -1.0 -1.0 -1.0 1.99 1.639 4.047 1284.912 0.856 2739.589 -0.6925641004857352 1.0 -1.0 -1.0
17.0 0.0 Truck -1.0 -1.0 -1.0 -1.0 -1.0 -1.0 -1.0 1.961 2.19 5.201 1293.791 1.159 2727.922 2.445817147282802 1.0 -1.0 -1.0
18.0 99.0 Car -1.0 -1.0 -1.0 -1.0 -1.0 -1.0 -1.0 1.73 1.562 4.084 1261.32 0.0 2759.767 -0.691668398456948 1.0 -1.0 -1.0
18.0 1.0 Car -1.0 -1.0 -1.0 -1.0 -1.0 -1.0 -1.0 1.99 1.639 4.047 1288.444 0.873 2736.626 -0.6969274236157208 1.0 -1.0 -1.0
18.0 0.0 Truck -1.0 -1.0 -1.0 -1.0 -1.0 -1.0 -1.0 1.961 2.19 5.201 1289.072 1.109 2731.882 2.445817147282802 1.0 -1.0 -1.0
19.0 99.0 Car -1.0 -1.0 -1.0 -1.0 -1.0 -1.0 -1.0 1.73 1.562 4.084 1263.96 0.0 2757.55 -0.6926697990976657 1.0 -1.0 -1.0
19.0 1.0 Car -1.0 -1.0 -1.0 -1.0 -1.0 -1.0 -1.0 1.99 1.639 4.047 1291.713 0.915 2733.934 -0.6969274236157208 1.0 -1.0 -1.0
19.0 0.0 Truck -1.0 -1.0 -1.0 -1.0 -1.0 -1.0 -1.0 1.961 2.19 5.201 1284.898 1.059 2735.497 2.4283638547628588 1.0 -1.0 -1.0
20.0 99.0 Car -1.0 -1.0 -1.0 -1.0 -1.0 -1.0 -1.0 1.73 1.562 4.084 1266.813 0.0 2755.156 -0.6927281641195642 1.0 -1.0 -1.0
20.0 1.0 Car -1.0 -1.0 -1.0 -1.0 -1.0 -1.0 -1.0 1.99 1.639 4.047 1295.217 0.965 2731.045 -0.6969274236157208 1.0 -1.0 -1.0
20.0 0.0 Truck -1.0 -1.0 -1.0 -1.0 -1.0 -1.0 -1.0 1.961 2.19 5.201 1280.761 1.059 2739.032 2.445817147282802 1.0 -1.0 -1.0
21.0 99.0 Car -1.0 -1.0 -1.0 -1.0 -1.0 -1.0 -1.0 1.73 1.562 4.084 1269.824 0.0 2752.633 -0.6922366211050318 1.0 -1.0 -1.0
21.0 1.0 Car -1.0 -1.0 -1.0 -1.0 -1.0 -1.0 -1.0 1.99 1.639 4.047 1298.686 1.015 2728.114 -0.6969274236157208 1.0 -1.0 -1.0
21.0 0.0 Truck -1.0 -1.0 -1.0 -1.0 -1.0 -1.0 -1.0 1.961 2.19 5.201 1276.601 1.059 2742.54 2.4283638547628588 0.0 -1.0 -1.0
22.0 99.0 Car -1.0 -1.0 -1.0 -1.0 -1.0 -1.0 -1.0 1.73 1.562 4.084 1272.917 0.0 2750.048 -0.6891280467679025 1.0 -1.0 -1.0
22.0 1.0 Car -1.0 -1.0 -1.0 -1.0 -1.0 -1.0 -1.0 1.99 1.639 4.047 1302.407 0.965 2725.007 -0.6969274236157208 1.0 -1.0 -1.0
22.0 0.0 Truck -1.0 -1.0 -1.0 -1.0 -1.0 -1.0 -1.0 1.961 2.19 5.201 1272.626 1.059 2745.932 2.4283638547628588 0.0 -1.0 -1.0
23.0 99.0 Car -1.0 -1.0 -1.0 -1.0 -1.0 -1.0 -1.0 1.73 1.562 4.084 1276.067 0.0 2747.412 -0.6877719103067285 1.0 -1.0 -1.0
23.0 1.0 Car -1.0 -1.0 -1.0 -1.0 -1.0 -1.0 -1.0 1.99 1.639 4.047 1306.089 0.965 2721.897 -0.6969274236157208 1.0 -1.0 -1.0
23.0 0.0 Truck -1.0 -1.0 -1.0 -1.0 -1.0 -1.0 -1.0 1.961 2.19 5.201 1268.652 1.059 2749.322 2.445817147282802 0.0 -1.0 -1.0
24.0 99.0 Car -1.0 -1.0 -1.0 -1.0 -1.0 -1.0 -1.0 1.73 1.562 4.084 1279.269 0.0 2744.738 -0.6869934755853264 1.0 -1.0 -1.0
24.0 1.0 Car -1.0 -1.0 -1.0 -1.0 -1.0 -1.0 -1.0 1.99 1.639 4.047 1310.022 0.915 2718.632 -0.6969274236157208 1.0 -1.0 -1.0
24.0 0.0 Truck -1.0 -1.0 -1.0 -1.0 -1.0 -1.0 -1.0 1.961 2.19 5.201 1265.225 1.059 2752.25 2.445817147282802 0.0 -1.0 -1.0
25.0 99.0 Car -1.0 -1.0 -1.0 -1.0 -1.0 -1.0 -1.0 1.73 1.562 4.084 1282.537 0.0 2742.022 -0.6877871307078499 1.0 -1.0 -1.0
25.0 1.0 Car -1.0 -1.0 -1.0 -1.0 -1.0 -1.0 -1.0 1.99 1.639 4.047 1313.915 0.865 2715.362 -0.6969274236157208 1.0 -1.0 -1.0
25.0 0.0 Truck -1.0 -1.0 -1.0 -1.0 -1.0 -1.0 -1.0 1.961 2.19 5.201 1261.964 1.059 2754.986 2.445817147282802 0.0 -1.0 -1.0
26.0 99.0 Car -1.0 -1.0 -1.0 -1.0 -1.0 -1.0 -1.0 1.73 1.562 4.084 1286.495 0.0 2738.7 -0.6927706571805733 1.0 -1.0 -1.0
26.0 1.0 Car -1.0 -1.0 -1.0 -1.0 -1.0 -1.0 -1.0 1.99 1.639 4.047 1318.345 0.815 2711.627 -0.6969274236157208 1.0 -1.0 -1.0
26.0 0.0 Truck -1.0 -1.0 -1.0 -1.0 -1.0 -1.0 -1.0 1.961 2.19 5.201 1258.538 1.059 2757.858 2.445817147282802 0.0 -1.0 -1.0
27.0 99.0 Car -1.0 -1.0 -1.0 -1.0 -1.0 -1.0 -1.0 1.73 1.562 4.084 1289.82 0.0 2735.883 -0.6979637599947011 1.0 -1.0 -1.0
27.0 1.0 Car -1.0 -1.0 -1.0 -1.0 -1.0 -1.0 -1.0 1.99 1.639 4.047 1322.389 0.815 2708.212 -0.6969274236157208 0.0 -1.0 -1.0
27.0 0.0 Truck -1.0 -1.0 -1.0 -1.0 -1.0 -1.0 -1.0 1.961 2.19 5.201 1256.014 1.059 2760.024 2.445817147282802 0.0 -1.0 -1.0
28.0 99.0 Car -1.0 -1.0 -1.0 -1.0 -1.0 -1.0 -1.0 1.73 1.562 4.084 1293.244 0.0 2732.973 -0.6954226104872894 1.0 -1.0 -1.0
28.0 1.0 Car -1.0 -1.0 -1.0 -1.0 -1.0 -1.0 -1.0 1.99 1.639 4.047 1326.196 0.815 2705.076 -0.6969274236157208 0.0 -1.0 -1.0
28.0 0.0 Truck -1.0 -1.0 -1.0 -1.0 -1.0 -1.0 -1.0 1.961 2.19 5.201 1253.932 1.109 2761.713 2.463270439802745 0.0 -1.0 -1.0
29.0 99.0 Car -1.0 -1.0 -1.0 -1.0 -1.0 -1.0 -1.0 1.73 1.562 4.084 1296.711 0.0 2730.049 -0.6937453065529853 1.0 -1.0 -1.0
29.0 1.0 Car -1.0 -1.0 -1.0 -1.0 -1.0 -1.0 -1.0 1.99 1.639 4.047 1332.38 0.765 2699.877 -0.7143807161356639 0.0 -1.0 -1.0
29.0 0.0 Truck -1.0 -1.0 -1.0 -1.0 -1.0 -1.0 -1.0 1.961 2.19 5.201 1251.705 1.209 2763.564 2.463270439802745 0.0 -1.0 -1.0
30.0 99.0 Car -1.0 -1.0 -1.0 -1.0 -1.0 -1.0 -1.0 1.73 1.562 4.084 1299.473 0.0 2727.733 -0.6904619241502947 1.0 -1.0 -1.0
30.0 1.0 Car -1.0 -1.0 -1.0 -1.0 -1.0 -1.0 -1.0 1.99 1.639 4.047 1333.222 0.765 2699.276 -0.6969274236157208 0.0 -1.0 -1.0
30.0 0.0 Truck -1.0 -1.0 -1.0 -1.0 -1.0 -1.0 -1.0 1.961 2.19 5.201 1250.013 1.209 2764.938 2.463270439802745 0.0 -1.0 -1.0
31.0 99.0 Car -1.0 -1.0 -1.0 -1.0 -1.0 -1.0 -1.0 1.73 1.562 4.084 1302.938 0.0 2724.823 -0.6915776544012184 1.0 -1.0 -1.0
31.0 1.0 Car -1.0 -1.0 -1.0 -1.0 -1.0 -1.0 -1.0 1.99 1.639 4.047 1337.039 0.765 2696.112 -0.6969274236157208 0.0 -1.0 -1.0
31.0 0.0 Truck -1.0 -1.0 -1.0 -1.0 -1.0 -1.0 -1.0 1.961 2.19 5.201 1247.636 1.259 2766.888 2.463270439802745 0.0 -1.0 -1.0
32.0 99.0 Car -1.0 -1.0 -1.0 -1.0 -1.0 -1.0 -1.0 1.73 1.562 4.084 1306.38 0.0 2721.935 -0.6881458986138139 1.0 -1.0 -1.0
32.0 1.0 Car -1.0 -1.0 -1.0 -1.0 -1.0 -1.0 -1.0 1.99 1.639 4.047 1340.814 0.815 2692.984 -0.6969274236157208 0.0 -1.0 -1.0
32.0 0.0 Truck -1.0 -1.0 -1.0 -1.0 -1.0 -1.0 -1.0 1.961 2.19 5.201 1245.138 1.259 2769.029 2.4283638547628588 0.0 -1.0 -1.0
33.0 99.0 Car -1.0 -1.0 -1.0 -1.0 -1.0 -1.0 -1.0 1.73 1.562 4.084 1309.84 0.0 2719.068 -0.6816748207353315 1.0 -1.0 -1.0
33.0 1.0 Car -1.0 -1.0 -1.0 -1.0 -1.0 -1.0 -1.0 1.99 1.639 4.047 1345.133 0.865 2689.509 -0.6969274236157208 0.0 -1.0 -1.0
34.0 99.0 Car -1.0 -1.0 -1.0 -1.0 -1.0 -1.0 -1.0 1.73 1.562 4.084 1314.089 0.0 2715.578 -0.6835136623507478 1.0 -1.0 -1.0
34.0 1.0 Car -1.0 -1.0 -1.0 -1.0 -1.0 -1.0 -1.0 1.99 1.639 4.047 1348.889 0.915 2686.36 -0.6969274236157208 0.0 -1.0 -1.0
35.0 99.0 Car -1.0 -1.0 -1.0 -1.0 -1.0 -1.0 -1.0 1.73 1.562 4.084 1317.644 0.0 2712.641 -0.6871026438214809 1.0 -1.0 -1.0
35.0 1.0 Car -1.0 -1.0 -1.0 -1.0 -1.0 -1.0 -1.0 1.99 1.639 4.047 1352.567 0.965 2683.204 -0.6969274236157208 0.0 -1.0 -1.0
36.0 99.0 Car -1.0 -1.0 -1.0 -1.0 -1.0 -1.0 -1.0 1.73 1.562 4.084 1321.145 0.0 2709.709 -0.689876309349152 1.0 -1.0 -1.0
36.0 1.0 Car -1.0 -1.0 -1.0 -1.0 -1.0 -1.0 -1.0 1.99 1.639 4.047 1356.031 0.965 2680.227 -0.6969274236157208 0.0 -1.0 -1.0
37.0 99.0 Car -1.0 -1.0 -1.0 -1.0 -1.0 -1.0 -1.0 1.73 1.562 4.084 1324.595 0.0 2706.811 -0.6930737405211251 1.0 -1.0 -1.0
37.0 1.0 Car -1.0 -1.0 -1.0 -1.0 -1.0 -1.0 -1.0 1.99 1.639 4.047 1359.339 0.915 2677.454 -0.6969274236157208 0.0 -1.0 -1.0
38.0 99.0 Car -1.0 -1.0 -1.0 -1.0 -1.0 -1.0 -1.0 1.73 1.562 4.084 1328.028 0.0 2703.926 -0.6968902708750131 1.0 -1.0 -1.0
38.0 1.0 Car -1.0 -1.0 -1.0 -1.0 -1.0 -1.0 -1.0 1.99 1.639 4.047 1362.24 0.865 2675.02 -0.6969274236157208 0.0 -1.0 -1.0
