0.0 99.0 Car -1.0 -1.0 -1.0 -1.0 -1.0 -1.0 -1.0 1.73 1.562 4.084 1003.331 0.0 460.106 -2.2736801472823536 1.0 -1.0 -1.0
0.0 0.0 Car -1.0 -1.0 -1.0 -1.0 -1.0 -1.0 -1.0 2.155 1.908 4.498 1020.497 0.989 478.804 -2.3261748270611533 0.0 -1.0 -1.0
1.0 99.0 Car -1.0 -1.0 -1.0 -1.0 -1.0 -1.0 -1.0 1.73 1.562 4.084 1001.169 0.0 457.536 -2.2571221575884857 1.0 -1.0 -1.0
1.0 0.0 Car -1.0 -1.0 -1.0 -1.0 -1.0 -1.0 -1.0 2.155 1.908 4.498 1018.461 0.987 476.539 -2.3087215345412098 1.0 -1.0 -1.0
2.0 99.0 Car -1.0 -1.0 -1.0 -1.0 -1.0 -1.0 -1.0 1.73 1.562 4.084 998.884 0.0 454.747 -2.2476157406456267 1.0 -1.0 -1.0
2.0 0.0 Car -1.0 -1.0 -1.0 -1.0 -1.0 -1.0 -1.0 2.155 1.908 4.498 1016.163 1.025 473.806 -2.3087215345412098 1.0 -1.0 -1.0
3.0 99.0 Car -1.0 -1.0 -1.0 -1.0 -1.0 -1.0 -1.0 1.73 1.562 4.084 996.489 0.0 451.807 -2.2431165215844526 1.0 -1.0 -1.0
3.0 0.0 Car -1.0 -1.0 -1.0 -1.0 -1.0 -1.0 -1.0 2.155 1.908 4.498 1013.703 1.013 470.987 -2.3115830267166215 1.0 -1.0 -1.0
4.0 99.0 Car -1.0 -1.0 -1.0 -1.0 -1.0 -1.0 -1.0 1.73 1.562 4.084 994.231 0.0 449.039 -2.242270153873967 1.0 -1.0 -1.0
4.0 0.0 Car -1.0 -1.0 -1.0 -1.0 -1.0 -1.0 -1.0 2.155 1.908 4.498 1011.24 1.001 468.167 -2.3144474293589608 1.0 -1.0 -1.0
5.0 99.0 Car -1.0 -1.0 -1.0 -1.0 -1.0 -1.0 -1.0 1.73 1.562 4.084 992.5 0.0 446.89 -2.239912601922612 1.0 -1.0 -1.0
5.0 0.0 Car -1.0 -1.0 -1.0 -1.0 -1.0 -1.0 -1.0 2.155 1.908 4.498 1009.27 0.991 465.909 -2.316739768004615 0.0 -1.0 -1.0
6.0 99.0 Car -1.0 -1.0 -1.0 -1.0 -1.0 -1.0 -1.0 1.73 1.562 4.084 990.017 0.0 443.811 -2.238518456306749 1.0 -1.0 -1.0
6.0 0.0 Car -1.0 -1.0 -1.0 -1.0 -1.0 -1.0 -1.0 2.155 1.908 4.498 1006.32 0.977 462.531 -2.320170356529686 0.0 -1.0 -1.0
7.0 99.0 Car -1.0 -1.0 -1.0 -1.0 -1.0 -1.0 -1.0 1.73 1.562 4.084 988.043 0.0 441.344 -2.2357678673952055 1.0 -1.0 -1.0
7.0 0.0 Car -1.0 -1.0 -1.0 -1.0 -1.0 -1.0 -1.0 2.155 1.908 4.498 1003.863 0.965 459.716 -2.3230286580556943 1.0 -1.0 -1.0
8.0 99.0 Car -1.0 -1.0 -1.0 -1.0 -1.0 -1.0 -1.0 1.73 1.562 4.084 985.896 0.0 438.615 -2.233005769342734 1.0 -1.0 -1.0
8.0 0.0 Car -1.0 -1.0 -1.0 -1.0 -1.0 -1.0 -1.0 2.155 1.908 4.498 1001.158 0.952 456.617 -2.3261748270611533 1.0 -1.0 -1.0
9.0 99.0 Car -1.0 -1.0 -1.0 -1.0 -1.0 -1.0 -1.0 1.73 1.562 4.084 983.954 0.0 436.143 -2.2313944929598457 1.0 -1.0 -1.0
9.0 0.0 Car -1.0 -1.0 -1.0 -1.0 -1.0 -1.0 -1.0 2.155 1.908 4.498 998.853 0.96 453.882 -2.3211844550929133 1.0 -1.0 -1.0
10.0 99.0 Car -1.0 -1.0 -1.0 -1.0 -1.0 -1.0 -1.0 1.73 1.562 4.084 982.041 0.0 433.696 -2.228452486551547 1.0 -1.0 -1.0
10.0 0.0 Car -1.0 -1.0 -1.0 -1.0 -1.0 -1.0 -1.0 2.155 1.908 4.498 996.547 0.969 451.146 -2.3161934548454552 1.0 -1.0 -1.0
11.0 99.0 Car -1.0 -1.0 -1.0 -1.0 -1.0 -1.0 -1.0 1.73 1.562 4.084 980.24 0.0 431.372 -2.2249030092504527 1.0 -1.0 -1.0
11.0 0.0 Car -1.0 -1.0 -1.0 -1.0 -1.0 -1.0 -1.0 2.155 1.908 4.498 994.242 0.977 448.411 -2.3112030928499023 1.0 -1.0 -1.0
12.0 99.0 Car -1.0 -1.0 -1.0 -1.0 -1.0 -1.0 -1.0 1.73 1.562 4.084 978.568 0.0 429.21 -2.2202538650837735 1.0 -1.0 -1.0
12.0 0.0 Car -1.0 -1.0 -1.0 -1.0 -1.0 -1.0 -1.0 2.155 1.908 4.498 991.941 0.986 445.681 -2.306223401628375 1.0 -1.0 -1.0
13.0 99.0 Car -1.0 -1.0 -1.0 -1.0 -1.0 -1.0 -1.0 1.73 1.562 4.084 976.898 0.0 427.06 -2.2299510541907988 1.0 -1.0 -1.0
13.0 0.0 Car -1.0 -1.0 -1.0 -1.0 -1.0 -1.0 -1.0 2.155 1.908 4.498 989.638 0.994 442.948 -2.3012384548013234 1.0 -1.0 -1.0
14.0 99.0 Car -1.0 -1.0 -1.0 -1.0 -1.0 -1.0 -1.0 1.73 1.562 4.084 975.228 0.0 424.98 -2.2515390269651734 1.0 -1.0 -1.0
14.0 0.0 Car -1.0 -1.0 -1.0 -1.0 -1.0 -1.0 -1.0 2.155 1.908 4.498 987.335 1.003 440.216 -2.2962530492307147 1.0 -1.0 -1.0
15.0 99.0 Car -1.0 -1.0 -1.0 -1.0 -1.0 -1.0 -1.0 1.73 1.562 4.084 973.553 0.0 422.981 -2.277335192224741 1.0 -1.0 -1.0
15.0 0.0 Car -1.0 -1.0 -1.0 -1.0 -1.0 -1.0 -1.0 2.155 1.908 4.498 985.032 1.011 437.483 -2.291268242021267 1.0 -1.0 -1.0
16.0 99.0 Car -1.0 -1.0 -1.0 -1.0 -1.0 -1.0 -1.0 1.73 1.562 4.084 971.89 0.0 421.123 -2.31021329423927 1.0 -1.0 -1.0
16.0 0.0 Car -1.0 -1.0 -1.0 -1.0 -1.0 -1.0 -1.0 2.155 1.908 4.498 983.08 0.997 435.19 -2.297653646217894 1.0 -1.0 -1.0
17.0 99.0 Car -1.0 -1.0 -1.0 -1.0 -1.0 -1.0 -1.0 1.73 1.562 4.084 969.957 0.0 419.113 -2.340023149132174 1.0 -1.0 -1.0
17.0 0.0 Car -1.0 -1.0 -1.0 -1.0 -1.0 -1.0 -1.0 2.155 1.908 4.498 980.669 0.98 432.503 -2.3053102401316616 1.0 -1.0 -1.0
18.0 99.0 Car -1.0 -1.0 -1.0 -1.0 -1.0 -1.0 -1.0 1.73 1.562 4.084 968.422 0.0 417.57 -2.3534940952092547 1.0 -1.0 -1.0
18.0 0.0 Car -1.0 -1.0 -1.0 -1.0 -1.0 -1.0 -1.0 2.155 1.908 4.498 978.656 0.965 430.259 -2.3117021843425096 1.0 -1.0 -1.0
19.0 99.0 Car -1.0 -1.0 -1.0 -1.0 -1.0 -1.0 -1.0 1.73 1.562 4.084 967.189 0.0 416.36 -2.363548757216937 1.0 -1.0 -1.0
19.0 0.0 Car -1.0 -1.0 -1.0 -1.0 -1.0 -1.0 -1.0 2.155 1.908 4.498 977.047 0.954 428.467 -2.31680890079788 1.0 -1.0 -1.0
20.0 99.0 Car -1.0 -1.0 -1.0 -1.0 -1.0 -1.0 -1.0 1.73 1.562 4.084 965.426 0.0 414.669 -2.3791795198219603 1.0 -1.0 -1.0
20.0 0.0 Car -1.0 -1.0 -1.0 -1.0 -1.0 -1.0 -1.0 2.155 1.908 4.498 974.634 0.937 425.777 -2.324472430703292 1.0 -1.0 -1.0
21.0 99.0 Car -1.0 -1.0 -1.0 -1.0 -1.0 -1.0 -1.0 1.73 1.562 4.084 963.99 0.0 413.325 -2.3778968649705785 1.0 -1.0 -1.0
21.0 0.0 Car -1.0 -1.0 -1.0 -1.0 -1.0 -1.0 -1.0 2.155 1.908 4.498 972.625 0.923 423.539 -2.330850809494018 1.0 -1.0 -1.0
22.0 99.0 Car -1.0 -1.0 -1.0 -1.0 -1.0 -1.0 -1.0 1.73 1.562 4.084 962.589 0.0 411.96 -2.353772483794833 1.0 -1.0 -1.0
22.0 0.0 Car -1.0 -1.0 -1.0 -1.0 -1.0 -1.0 -1.0 2.155 1.908 4.498 970.612 0.908 421.295 -2.3372428047987257 1.0 -1.0 -1.0
23.0 99.0 Car -1.0 -1.0 -1.0 -1.0 -1.0 -1.0 -1.0 1.73 1.562 4.084 961.219 0.0 410.564 -2.326936953963389 1.0 -1.0 -1.0
23.0 0.0 Car -1.0 -1.0 -1.0 -1.0 -1.0 -1.0 -1.0 2.155 1.908 4.498 968.601 0.894 419.054 -2.3436281195810964 1.0 -1.0 -1.0
24.0 99.0 Car -1.0 -1.0 -1.0 -1.0 -1.0 -1.0 -1.0 1.73 1.562 4.084 959.853 0.0 409.107 -2.3004186268256013 1.0 -1.0 -1.0
24.0 0.0 Car -1.0 -1.0 -1.0 -1.0 -1.0 -1.0 -1.0 2.155 1.908 4.498 967.123 0.896 417.398 -2.3436281195810964 1.0 -1.0 -1.0
25.0 99.0 Car -1.0 -1.0 -1.0 -1.0 -1.0 -1.0 -1.0 1.73 1.562 4.084 958.526 0.0 407.614 -2.279032843612761 1.0 -1.0 -1.0
25.0 0.0 Car -1.0 -1.0 -1.0 -1.0 -1.0 -1.0 -1.0 2.155 1.908 4.498 965.646 0.897 415.743 -2.3436281195810964 1.0 -1.0 -1.0
26.0 99.0 Car -1.0 -1.0 -1.0 -1.0 -1.0 -1.0 -1.0 1.73 1.562 4.084 957.223 0.0 406.099 -2.264632718215428 1.0 -1.0 -1.0
26.0 0.0 Car -1.0 -1.0 -1.0 -1.0 -1.0 -1.0 -1.0 2.155 1.908 4.498 964.17 0.899 414.088 -2.3436281195810964 1.0 -1.0 -1.0
27.0 99.0 Car -1.0 -1.0 -1.0 -1.0 -1.0 -1.0 -1.0 1.73 1.562 4.084 955.963 0.0 404.607 -2.2589294725603857 1.0 -1.0 -1.0
27.0 0.0 Car -1.0 -1.0 -1.0 -1.0 -1.0 -1.0 -1.0 2.155 1.908 4.498 962.692 0.901 412.431 -2.3436281195810964 1.0 -1.0 -1.0
28.0 99.0 Car -1.0 -1.0 -1.0 -1.0 -1.0 -1.0 -1.0 1.73 1.562 4.084 954.725 0.0 403.152 -2.2701176666710814 1.0 -1.0 -1.0
28.0 0.0 Car -1.0 -1.0 -1.0 -1.0 -1.0 -1.0 -1.0 2.155 1.908 4.498 961.212 0.902 410.772 -2.3436281195810964 0.0 -1.0 -1.0
29.0 99.0 Car -1.0 -1.0 -1.0 -1.0 -1.0 -1.0 -1.0 1.73 1.562 4.084 953.563 0.0 401.828 -2.2849593324819026 1.0 -1.0 -1.0
29.0 0.0 Car -1.0 -1.0 -1.0 -1.0 -1.0 -1.0 -1.0 2.155 1.908 4.498 959.735 0.904 409.118 -2.3436281195810964 0.0 -1.0 -1.0
30.0 99.0 Car -1.0 -1.0 -1.0 -1.0 -1.0 -1.0 -1.0 1.73 1.562 4.084 952.586 0.0 400.746 -2.294484587447115 1.0 -1.0 -1.0
30.0 0.0 Car -1.0 -1.0 -1.0 -1.0 -1.0 -1.0 -1.0 2.155 1.908 4.498 958.979 0.905 408.275 -2.3436281195810964 0.0 -1.0 -1.0
31.0 99.0 Car -1.0 -1.0 -1.0 -1.0 -1.0 -1.0 -1.0 1.73 1.562 4.084 951.774 0.0 399.856 -2.2990124923218467 1.0 -1.0 -1.0
31.0 0.0 Car -1.0 -1.0 -1.0 -1.0 -1.0 -1.0 -1.0 2.155 1.908 4.498 958.224 0.907 407.434 -2.3436281195810964 0.0 -1.0 -1.0
32.0 99.0 Car -1.0 -1.0 -1.0 -1.0 -1.0 -1.0 -1.0 1.73 1.562 4.084 950.977 0.0 398.981 -2.2971799196426623 1.0 -1.0 -1.0
32.0 0.0 Car -1.0 -1.0 -1.0 -1.0 -1.0 -1.0 -1.0 2.155 1.908 4.498 957.467 0.908 406.592 -2.3436281195810964 0.0 -1.0 -1.0
33.0 99.0 Car -1.0 -1.0 -1.0 -1.0 -1.0 -1.0 -1.0 1.73 1.562 4.084 950.211 0.0 398.132 -2.2900430845930235 1.0 -1.0 -1.0
33.0 0.0 Car -1.0 -1.0 -1.0 -1.0 -1.0 -1.0 -1.0 2.155 1.908 4.498 956.711 0.91 405.75 -2.3436281195810964 0.0 -1.0 -1.0
34.0 99.0 Car -1.0 -1.0 -1.0 -1.0 -1.0 -1.0 -1.0 1.73 1.562 4.084 949.581 0.0 397.417 -2.282950654068495 1.0 -1.0 -1.0
34.0 0.0 Car -1.0 -1.0 -1.0 -1.0 -1.0 -1.0 -1.0 2.155 1.908 4.498 956.106 0.911 405.076 -2.3436281195810964 0.0 -1.0 -1.0
35.0 99.0 Car -1.0 -1.0 -1.0 -1.0 -1.0 -1.0 -1.0 1.73 1.562 4.084 948.76 0.0 396.476 -2.2755167057471817 1.0 -1.0 -1.0
35.0 0.0 Car -1.0 -1.0 -1.0 -1.0 -1.0 -1.0 -1.0 2.155 1.908 4.498 955.35 0.913 404.234 -2.3436281195810964 0.0 -1.0 -1.0
36.0 99.0 Car -1.0 -1.0 -1.0 -1.0 -1.0 -1.0 -1.0 1.73 1.562 4.084 947.817 0.0 395.38 -2.269253680706142 1.0 -1.0 -1.0
36.0 0.0 Car -1.0 -1.0 -1.0 -1.0 -1.0 -1.0 -1.0 2.155 1.908 4.498 954.536 0.915 403.273 -2.3436281195810964 0.0 -1.0 -1.0
37.0 99.0 Car -1.0 -1.0 -1.0 -1.0 -1.0 -1.0 -1.0 1.73 1.562 4.084 946.82 0.0 394.215 -2.2691797294356895 1.0 -1.0 -1.0
37.0 0.0 Car -1.0 -1.0 -1.0 -1.0 -1.0 -1.0 -1.0 2.155 1.908 4.498 953.721 0.916 402.312 -2.3436281195810964 0.0 -1.0 -1.0
38.0 99.0 Car -1.0 -1.0 -1.0 -1.0 -1.0 -1.0 -1.0 1.73 1.562 4.084 945.784 0.0 393.007 -2.2731504872887114 1.0 -1.0 -1.0
38.0 0.0 Car -1.0 -1.0 -1.0 -1.0 -1.0 -1.0 -1.0 2.155 1.908 4.498 952.908 0.918 401.351 -2.3436281195810964 0.0 -1.0 -1.0
39.0 99.0 Car -1.0 -1.0 -1.0 -1.0 -1.0 -1.0 -1.0 1.73 1.562 4.084 944.761 0.0 391.82 -2.2781493417860417 1.0 -1.0 -1.0
39.0 0.0 Car -1.0 -1.0 -1.0 -1.0 -1.0 -1.0 -1.0 2.155 1.908 4.498 952.095 0.919 400.392 -2.3436281195810964 0.0 -1.0 -1.0
