0.0 99.0 Car -1.0 -1.0 -1.0 -1.0 -1.0 -1.0 -1.0 1.73 1.562 4.084 411.304 0.0 1180.89 -1.9236730945067646 1.0 0 91da635c-b931-4517-89c9-ff90792d
0.0 1.0 Car -1.0 -1.0 -1.0 -1.0 -1.0 -1.0 -1.0 1.708 1.631 4.01 393.357 0.741 1149.173 -1.9903211190968924 0.0 1 0b017756-14bc-4451-949b-2bef62b9
0.0 0.0 Truck -1.0 -1.0 -1.0 -1.0 -1.0 -1.0 -1.0 1.787 2.059 4.535 388.978 0.98 1139.303 -2.00688429368603 0.0 2 ac11ff67-0f9f-4573-b4c9-681c5b00
0.0 2.0 Car -1.0 -1.0 -1.0 -1.0 -1.0 -1.0 -1.0 1.907 1.957 4.727 399.863 0.738 1143.574 -1.9117813027571473 0.0 3 fb2f6e0a-4484-4cd2-bbef-deceac7e
1.0 99.0 Car -1.0 -1.0 -1.0 -1.0 -1.0 -1.0 -1.0 1.73 1.562 4.084 409.743 0.0 1176.677 -1.9178564951953208 1.0 0 91da635c-b931-4517-89c9-ff90792d
1.0 1.0 Car -1.0 -1.0 -1.0 -1.0 -1.0 -1.0 -1.0 1.708 1.631 4.01 392.945 0.766 1148.426 -1.9903211190968924 1.0 1 0b017756-14bc-4451-949b-2bef62b9
1.0 0.0 Truck -1.0 -1.0 -1.0 -1.0 -1.0 -1.0 -1.0 1.787 2.059 4.535 388.28 0.98 1137.846 -2.00688429368603 1.0 2 ac11ff67-0f9f-4573-b4c9-681c5b00
1.0 2.0 Car -1.0 -1.0 -1.0 -1.0 -1.0 -1.0 -1.0 1.907 1.957 4.727 398.996 0.738 1141.132 -1.9117813027571473 1.0 3 fb2f6e0a-4484-4cd2-bbef-deceac7e
2.0 99.0 Car -1.0 -1.0 -1.0 -1.0 -1.0 -1.0 -1.0 1.73 1.562 4.084 408.102 0.0 1172.152 -1.9116215734273323 1.0 4 8f74cf95-642c-4683-abd0-b7f661ba
2.0 1.0 Car -1.0 -1.0 -1.0 -1.0 -1.0 -1.0 -1.0 1.708 1.631 4.01 392.836 0.791 1148.208 -1.9903211190968924 1.0 1 0b017756-14bc-4451-949b-2bef62b9
2.0 0.0 Truck -1.0 -1.0 -1.0 -1.0 -1.0 -1.0 -1.0 1.787 2.059 4.535 387.375 0.98 1135.941 -2.00688429368603 1.0 2 ac11ff67-0f9f-4573-b4c9-681c5b00
2.0 2.0 Car -1.0 -1.0 -1.0 -1.0 -1.0 -1.0 -1.0 1.907 1.957 4.727 398.116 0.738 1138.632 -1.8594214251973187 1.0 3 fb2f6e0a-4484-4cd2-bbef-deceac7e
3.0 99.0 Car -1.0 -1.0 -1.0 -1.0 -1.0 -1.0 -1.0 1.73 1.562 4.084 406.726 0.0 1168.211 -1.9000169610473379 1.0 0 91da635c-b931-4517-89c9-ff90792d
3.0 1.0 Car -1.0 -1.0 -1.0 -1.0 -1.0 -1.0 -1.0 1.708 1.631 4.01 392.641 0.816 1147.242 -1.9903211190968924 1.0 1 0b017756-14bc-4451-949b-2bef62b9
3.0 0.0 Truck -1.0 -1.0 -1.0 -1.0 -1.0 -1.0 -1.0 1.787 2.059 4.535 386.594 1.03 1133.87 -1.9894310011660858 1.0 2 ac11ff67-0f9f-4573-b4c9-681c5b00
3.0 2.0 Car -1.0 -1.0 -1.0 -1.0 -1.0 -1.0 -1.0 1.907 1.957 4.727 397.624 0.738 1136.322 -1.8070615476374885 1.0 3 fb2f6e0a-4484-4cd2-bbef-deceac7e
4.0 99.0 Car -1.0 -1.0 -1.0 -1.0 -1.0 -1.0 -1.0 1.73 1.562 4.084 405.409 0.0 1164.354 -1.895316315667197 1.0 5 da3704b9-a68e-47e7-b28e-2a70dce7
4.0 1.0 Car -1.0 -1.0 -1.0 -1.0 -1.0 -1.0 -1.0 1.708 1.631 4.01 392.081 0.841 1145.988 -1.9903211190968924 1.0 1 0b017756-14bc-4451-949b-2bef62b9
4.0 0.0 Truck -1.0 -1.0 -1.0 -1.0 -1.0 -1.0 -1.0 1.787 2.059 4.535 385.584 1.08 1131.884 -2.0417908787259162 1.0 2 ac11ff67-0f9f-4573-b4c9-681c5b00
4.0 2.0 Car -1.0 -1.0 -1.0 -1.0 -1.0 -1.0 -1.0 1.907 1.957 4.727 397.133 0.738 1134.052 -1.7721549625976023 1.0 6 1d461032-cf3a-48dc-aad2-181704fd
5.0 99.0 Car -1.0 -1.0 -1.0 -1.0 -1.0 -1.0 -1.0 1.73 1.562 4.084 404.278 0.0 1161.05 -1.8889152882635682 1.0 7 79d8b56f-ba80-46da-9881-d10176b2
5.0 1.0 Car -1.0 -1.0 -1.0 -1.0 -1.0 -1.0 -1.0 1.708 1.631 4.01 391.347 0.841 1144.208 -1.9903211190968924 1.0 1 0b017756-14bc-4451-949b-2bef62b9
5.0 0.0 Truck -1.0 -1.0 -1.0 -1.0 -1.0 -1.0 -1.0 1.787 2.059 4.535 384.498 1.13 1129.99 -2.0766974637658024 1.0 8 349bd97f-67bc-4f5d-92cb-8f1fb955
5.0 2.0 Car -1.0 -1.0 -1.0 -1.0 -1.0 -1.0 -1.0 1.907 1.957 4.727 396.794 0.738 1132.149 -1.737248377557716 1.0 6 1d461032-cf3a-48dc-aad2-181704fd
6.0 99.0 Car -1.0 -1.0 -1.0 -1.0 -1.0 -1.0 -1.0 1.73 1.562 4.084 403.115 0.0 1157.518 -1.881305002066729 1.0 7 79d8b56f-ba80-46da-9881-d10176b2
6.0 1.0 Car -1.0 -1.0 -1.0 -1.0 -1.0 -1.0 -1.0 1.708 1.631 4.01 390.512 0.891 1142.201 -1.9903211190968924 1.0 1 0b017756-14bc-4451-949b-2bef62b9
6.0 0.0 Truck -1.0 -1.0 -1.0 -1.0 -1.0 -1.0 -1.0 1.787 2.059 4.535 383.12 1.18 1127.84 -2.146510633845575 1.0 8 349bd97f-67bc-4f5d-92cb-8f1fb955
6.0 2.0 Car -1.0 -1.0 -1.0 -1.0 -1.0 -1.0 -1.0 1.907 1.957 4.727 396.625 0.763 1130.226 -1.667435207477944 1.0 6 1d461032-cf3a-48dc-aad2-181704fd
7.0 99.0 Car -1.0 -1.0 -1.0 -1.0 -1.0 -1.0 -1.0 1.73 1.562 4.084 401.882 0.0 1153.723 -1.8767006266787871 1.0 7 79d8b56f-ba80-46da-9881-d10176b2
7.0 1.0 Car -1.0 -1.0 -1.0 -1.0 -1.0 -1.0 -1.0 1.708 1.631 4.01 389.29 0.941 1139.46 -1.9903211190968924 1.0 2 ac11ff67-0f9f-4573-b4c9-681c5b00
7.0 0.0 Truck -1.0 -1.0 -1.0 -1.0 -1.0 -1.0 -1.0 1.787 2.059 4.535 381.247 1.196 1125.461 -2.2570481531385465 1.0 8 349bd97f-67bc-4f5d-92cb-8f1fb955
7.0 2.0 Car -1.0 -1.0 -1.0 -1.0 -1.0 -1.0 -1.0 1.907 1.957 4.727 396.575 0.788 1128.037 -1.5976220373981713 1.0 6 1d461032-cf3a-48dc-aad2-181704fd
8.0 99.0 Car -1.0 -1.0 -1.0 -1.0 -1.0 -1.0 -1.0 1.73 1.562 4.084 400.841 0.0 1150.404 -1.866940469103275 1.0 3 fb2f6e0a-4484-4cd2-bbef-deceac7e
8.0 1.0 Car -1.0 -1.0 -1.0 -1.0 -1.0 -1.0 -1.0 1.708 1.631 4.01 388.168 0.991 1136.675 -1.9903211190968924 1.0 2 ac11ff67-0f9f-4573-b4c9-681c5b00
8.0 0.0 Truck -1.0 -1.0 -1.0 -1.0 -1.0 -1.0 -1.0 1.787 2.059 4.535 379.248 1.213 1123.44 -2.36758567243152 1.0 9 c119fed8-400d-486a-93a0-6738464a
8.0 2.0 Car -1.0 -1.0 -1.0 -1.0 -1.0 -1.0 -1.0 1.907 1.957 4.727 396.706 0.822 1126.176 -1.5219911031450848 1.0 6 1d461032-cf3a-48dc-aad2-181704fd
9.0 99.0 Car -1.0 -1.0 -1.0 -1.0 -1.0 -1.0 -1.0 1.73 1.562 4.084 399.844 0.0 1147.174 -1.8585641825463042 1.0 3 fb2f6e0a-4484-4cd2-bbef-deceac7e
9.0 1.0 Car -1.0 -1.0 -1.0 -1.0 -1.0 -1.0 -1.0 1.708 1.631 4.01 386.878 0.991 1133.783 -1.9903211190968924 1.0 2 ac11ff67-0f9f-4573-b4c9-681c5b00
9.0 0.0 Truck -1.0 -1.0 -1.0 -1.0 -1.0 -1.0 -1.0 1.787 2.059 4.535 376.903 1.23 1121.526 -2.4781231917244932 1.0 10 fea4c05c-c4ce-499d-8bd9-9070f080
9.0 2.0 Car -1.0 -1.0 -1.0 -1.0 -1.0 -1.0 -1.0 1.907 1.957 4.727 396.978 0.855 1124.331 -1.446360168891998 1.0 6 1d461032-cf3a-48dc-aad2-181704fd
10.0 99.0 Car -1.0 -1.0 -1.0 -1.0 -1.0 -1.0 -1.0 1.73 1.562 4.084 399.02 0.0 1144.399 -1.8481640979935356 1.0 3 fb2f6e0a-4484-4cd2-bbef-deceac7e
10.0 1.0 Car -1.0 -1.0 -1.0 -1.0 -1.0 -1.0 -1.0 1.708 1.631 4.01 385.638 1.041 1131.14 -1.9903211190968924 1.0 8 349bd97f-67bc-4f5d-92cb-8f1fb955
10.0 0.0 Truck -1.0 -1.0 -1.0 -1.0 -1.0 -1.0 -1.0 1.787 2.059 4.535 374.474 1.23 1119.966 -2.5653896543242087 1.0 11 092b05cd-12bd-4b45-ab0c-510c886f
10.0 2.0 Car -1.0 -1.0 -1.0 -1.0 -1.0 -1.0 -1.0 1.907 1.957 4.727 397.341 0.888 1122.8 -1.3707292346389113 1.0 6 1d461032-cf3a-48dc-aad2-181704fd
11.0 99.0 Car -1.0 -1.0 -1.0 -1.0 -1.0 -1.0 -1.0 1.73 1.562 4.084 398.167 0.0 1141.37 -1.825264046912884 1.0 3 fb2f6e0a-4484-4cd2-bbef-deceac7e
11.0 1.0 Car -1.0 -1.0 -1.0 -1.0 -1.0 -1.0 -1.0 1.708 1.631 4.01 384.005 1.141 1128.317 -2.095040874216551 0.0 8 349bd97f-67bc-4f5d-92cb-8f1fb955
11.0 0.0 Truck -1.0 -1.0 -1.0 -1.0 -1.0 -1.0 -1.0 1.787 2.059 4.535 371.671 1.33 1118.579 -2.7050159944837544 0.0 8 349bd97f-67bc-4f5d-92cb-8f1fb955
11.0 2.0 Car -1.0 -1.0 -1.0 -1.0 -1.0 -1.0 -1.0 1.907 1.957 4.727 397.846 0.922 1121.112 -1.2892805362125102 1.0 6 1d461032-cf3a-48dc-aad2-181704fd
12.0 99.0 Car -1.0 -1.0 -1.0 -1.0 -1.0 -1.0 -1.0 1.73 1.562 4.084 397.448 0.0 1138.47 -1.787765644997245 1.0 3 fb2f6e0a-4484-4cd2-bbef-deceac7e
12.0 1.0 Car -1.0 -1.0 -1.0 -1.0 -1.0 -1.0 -1.0 1.708 1.631 4.01 382.188 1.141 1125.617 -2.1997606293362097 0.0 8 349bd97f-67bc-4f5d-92cb-8f1fb955
12.0 0.0 Truck -1.0 -1.0 -1.0 -1.0 -1.0 -1.0 -1.0 1.787 2.059 4.535 368.702 1.43 1117.595 -2.8446423346433 0.0 12 5b467cda-77cd-41ad-9d8a-0a93ce65
12.0 2.0 Car -1.0 -1.0 -1.0 -1.0 -1.0 -1.0 -1.0 1.907 1.957 4.727 398.453 0.955 1119.579 -1.207831837786109 1.0 6 1d461032-cf3a-48dc-aad2-181704fd
13.0 99.0 Car -1.0 -1.0 -1.0 -1.0 -1.0 -1.0 -1.0 1.73 1.562 4.084 396.884 0.0 1135.656 -1.7413679617838018 1.0 6 1d461032-cf3a-48dc-aad2-181704fd
13.0 1.0 Car -1.0 -1.0 -1.0 -1.0 -1.0 -1.0 -1.0 1.708 1.631 4.01 380.066 1.241 1123.072 -2.2870270919359252 0.0 8 349bd97f-67bc-4f5d-92cb-8f1fb955
13.0 0.0 Truck -1.0 -1.0 -1.0 -1.0 -1.0 -1.0 -1.0 1.787 2.059 4.535 365.564 1.53 1117.025 -2.9842686748028466 0.0 8 349bd97f-67bc-4f5d-92cb-8f1fb955
13.0 2.0 Car -1.0 -1.0 -1.0 -1.0 -1.0 -1.0 -1.0 1.907 1.957 4.727 399.156 0.988 1118.16 -1.126383139359708 1.0 13 bfdbd392-4753-485b-96a7-f26ed396
14.0 99.0 Car -1.0 -1.0 -1.0 -1.0 -1.0 -1.0 -1.0 1.73 1.562 4.084 396.444 0.0 1132.627 -1.6686130509637227 1.0 6 1d461032-cf3a-48dc-aad2-181704fd
14.0 1.0 Car -1.0 -1.0 -1.0 -1.0 -1.0 -1.0 -1.0 1.708 1.631 4.01 377.248 1.341 1120.613 -2.479013309655299 0.0 8 349bd97f-67bc-4f5d-92cb-8f1fb955
14.0 0.0 Truck -1.0 -1.0 -1.0 -1.0 -1.0 -1.0 -1.0 1.787 2.059 4.535 361.939 1.65 1116.996 3.1360192355239356 0.0 8 349bd97f-67bc-4f5d-92cb-8f1fb955
14.0 2.0 Car -1.0 -1.0 -1.0 -1.0 -1.0 -1.0 -1.0 1.907 1.957 4.727 400.204 1.038 1116.512 -1.0100278558934206 1.0 13 bfdbd392-4753-485b-96a7-f26ed396
15.0 99.0 Car -1.0 -1.0 -1.0 -1.0 -1.0 -1.0 -1.0 1.73 1.562 4.084 396.287 0.0 1130.055 -1.5793652686150323 1.0 6 1d461032-cf3a-48dc-aad2-181704fd
15.0 1.0 Car -1.0 -1.0 -1.0 -1.0 -1.0 -1.0 -1.0 1.708 1.631 4.01 374.393 1.391 1118.767 -2.601186357294901 0.0 14 5e479fe8-4129-4ae1-a80c-70f19fd6
15.0 0.0 Truck -1.0 -1.0 -1.0 -1.0 -1.0 -1.0 -1.0 1.787 2.059 4.535 358.356 1.63 1117.556 2.9731218386711316 0.0 15 368238a4-0296-4d75-8d86-374ecded
15.0 2.0 Car -1.0 -1.0 -1.0 -1.0 -1.0 -1.0 -1.0 1.907 1.957 4.727 401.36 1.088 1115.102 -0.8936725724271332 1.0 13 bfdbd392-4753-485b-96a7-f26ed396
16.0 99.0 Car -1.0 -1.0 -1.0 -1.0 -1.0 -1.0 -1.0 1.73 1.562 4.084 396.372 0.0 1127.576 -1.4842630279708569 1.0 6 1d461032-cf3a-48dc-aad2-181704fd
16.0 1.0 Car -1.0 -1.0 -1.0 -1.0 -1.0 -1.0 -1.0 1.708 1.631 4.01 371.364 1.441 1117.297 -2.7233594049345027 0.0 8 349bd97f-67bc-4f5d-92cb-8f1fb955
16.0 0.0 Truck -1.0 -1.0 -1.0 -1.0 -1.0 -1.0 -1.0 1.787 2.059 4.535 354.806 1.53 1118.378 2.862584319378157 0.0 16 28d15254-0ef9-48c3-9e06-dc5a25b3
16.0 2.0 Car -1.0 -1.0 -1.0 -1.0 -1.0 -1.0 -1.0 1.907 1.957 4.727 402.713 1.138 1113.793 -0.7773172889608458 1.0 13 bfdbd392-4753-485b-96a7-f26ed396
17.0 99.0 Car -1.0 -1.0 -1.0 -1.0 -1.0 -1.0 -1.0 1.73 1.562 4.084 396.682 0.0 1125.256 -1.3881527389425563 1.0 6 1d461032-cf3a-48dc-aad2-181704fd
17.0 1.0 Car -1.0 -1.0 -1.0 -1.0 -1.0 -1.0 -1.0 1.708 1.631 4.01 368.254 1.391 1116.32 -2.880439037613993 0.0 8 349bd97f-67bc-4f5d-92cb-8f1fb955
17.0 0.0 Truck -1.0 -1.0 -1.0 -1.0 -1.0 -1.0 -1.0 1.787 2.059 4.535 351.118 1.73 1119.55 2.7927711492983835 0.0 17 bd23f1a8-95ec-42ba-82d4-79ca85de
17.0 2.0 Car -1.0 -1.0 -1.0 -1.0 -1.0 -1.0 -1.0 1.907 1.957 4.727 404.193 1.101 1112.686 -0.6696886517545302 1.0 13 bfdbd392-4753-485b-96a7-f26ed396
18.0 99.0 Car -1.0 -1.0 -1.0 -1.0 -1.0 -1.0 -1.0 1.73 1.562 4.084 397.185 0.0 1123.06 -1.2928754778618081 1.0 6 1d461032-cf3a-48dc-aad2-181704fd
18.0 1.0 Car -1.0 -1.0 -1.0 -1.0 -1.0 -1.0 -1.0 1.708 1.631 4.01 365.092 1.591 1116.247 -3.107331840373256 0.0 8 349bd97f-67bc-4f5d-92cb-8f1fb955
18.0 0.0 Truck -1.0 -1.0 -1.0 -1.0 -1.0 -1.0 -1.0 1.787 2.059 4.535 347.165 1.68 1121.013 2.766591210518469 0.0 18 65e60250-38b4-4407-86cf-604e05ba
18.0 2.0 Car -1.0 -1.0 -1.0 -1.0 -1.0 -1.0 -1.0 1.907 1.957 4.727 405.71 1.063 1111.637 -0.6318731846279868 1.0 13 bfdbd392-4753-485b-96a7-f26ed396
19.0 99.0 Car -1.0 -1.0 -1.0 -1.0 -1.0 -1.0 -1.0 1.73 1.562 4.084 397.861 0.0 1121.077 -1.1926737282633952 1.0 6 1d461032-cf3a-48dc-aad2-181704fd
19.0 1.0 Car -1.0 -1.0 -1.0 -1.0 -1.0 -1.0 -1.0 1.708 1.631 4.01 361.627 1.541 1116.685 3.0536804191667275 0.0 15 368238a4-0296-4d75-8d86-374ecded
19.0 0.0 Truck -1.0 -1.0 -1.0 -1.0 -1.0 -1.0 -1.0 1.787 2.059 4.535 342.964 1.63 1122.698 2.740411271738554 0.0 19 8c163dc2-eae9-4b7d-a30a-f8fd7d02
19.0 2.0 Car -1.0 -1.0 -1.0 -1.0 -1.0 -1.0 -1.0 1.907 1.957 4.727 407.197 1.026 1110.809 -0.5591511324615573 1.0 13 bfdbd392-4753-485b-96a7-f26ed396
20.0 99.0 Car -1.0 -1.0 -1.0 -1.0 -1.0 -1.0 -1.0 1.73 1.562 4.084 398.76 0.0 1119.128 -1.082969157284938 1.0 13 bfdbd392-4753-485b-96a7-f26ed396
20.0 1.0 Car -1.0 -1.0 -1.0 -1.0 -1.0 -1.0 -1.0 1.708 1.631 4.01 358.196 1.516 1117.398 2.983867249086954 0.0 15 368238a4-0296-4d75-8d86-374ecded
20.0 0.0 Truck -1.0 -1.0 -1.0 -1.0 -1.0 -1.0 -1.0 1.787 2.059 4.535 338.618 1.73 1124.443 2.740411271738554 0.0 19 8c163dc2-eae9-4b7d-a30a-f8fd7d02
20.0 2.0 Car -1.0 -1.0 -1.0 -1.0 -1.0 -1.0 -1.0 1.907 1.957 4.727 408.562 0.988 1110.104 -0.5329711936816426 1.0 13 bfdbd392-4753-485b-96a7-f26ed396
21.0 99.0 Car -1.0 -1.0 -1.0 -1.0 -1.0 -1.0 -1.0 1.73 1.562 4.084 399.908 0.0 1117.209 -0.9692111863451845 1.0 13 bfdbd392-4753-485b-96a7-f26ed396
21.0 1.0 Car -1.0 -1.0 -1.0 -1.0 -1.0 -1.0 -1.0 1.708 1.631 4.01 354.824 1.491 1118.349 2.914054079007181 0.0 16 28d15254-0ef9-48c3-9e06-dc5a25b3
21.0 0.0 Truck -1.0 -1.0 -1.0 -1.0 -1.0 -1.0 -1.0 1.787 2.059 4.535 334.216 1.73 1126.055 2.740411271738554 0.0 19 8c163dc2-eae9-4b7d-a30a-f8fd7d02
21.0 2.0 Car -1.0 -1.0 -1.0 -1.0 -1.0 -1.0 -1.0 1.907 1.957 4.727 409.897 0.988 1109.434 -0.49370128551177045 1.0 20 9b76cd1e-5d2e-4848-b4e8-16681d8a
22.0 99.0 Car -1.0 -1.0 -1.0 -1.0 -1.0 -1.0 -1.0 1.73 1.562 4.084 401.065 0.0 1115.678 -0.8710637526037587 1.0 13 bfdbd392-4753-485b-96a7-f26ed396
22.0 1.0 Car -1.0 -1.0 -1.0 -1.0 -1.0 -1.0 -1.0 1.708 1.631 4.01 350.381 1.391 1119.451 2.9315073715271245 0.0 17 bd23f1a8-95ec-42ba-82d4-79ca85de
22.0 0.0 Truck -1.0 -1.0 -1.0 -1.0 -1.0 -1.0 -1.0 1.787 2.059 4.535 329.814 1.73 1127.666 2.740411271738554 0.0 19 8c163dc2-eae9-4b7d-a30a-f8fd7d02
22.0 2.0 Car -1.0 -1.0 -1.0 -1.0 -1.0 -1.0 -1.0 1.907 1.957 4.727 411.035 0.988 1108.881 -0.4544313773418982 1.0 13 bfdbd392-4753-485b-96a7-f26ed396
23.0 99.0 Car -1.0 -1.0 -1.0 -1.0 -1.0 -1.0 -1.0 1.73 1.562 4.084 402.474 0.0 1114.149 -0.7719011238687283 1.0 13 bfdbd392-4753-485b-96a7-f26ed396
23.0 2.0 Car -1.0 -1.0 -1.0 -1.0 -1.0 -1.0 -1.0 1.907 1.957 4.727 412.296 0.988 1108.324 -0.415161469172026 1.0 13 bfdbd392-4753-485b-96a7-f26ed396
24.0 99.0 Car -1.0 -1.0 -1.0 -1.0 -1.0 -1.0 -1.0 1.73 1.562 4.084 404.114 0.0 1112.676 -0.6744763821955198 1.0 13 bfdbd392-4753-485b-96a7-f26ed396
24.0 2.0 Car -1.0 -1.0 -1.0 -1.0 -1.0 -1.0 -1.0 1.907 1.957 4.727 413.638 0.988 1107.792 -0.37589156100215376 1.0 21 5e73e2b0-3c82-4124-a405-fecff46c
25.0 99.0 Car -1.0 -1.0 -1.0 -1.0 -1.0 -1.0 -1.0 1.73 1.562 4.084 405.594 0.0 1111.559 -0.6014422133731575 1.0 13 bfdbd392-4753-485b-96a7-f26ed396
25.0 2.0 Car -1.0 -1.0 -1.0 -1.0 -1.0 -1.0 -1.0 1.907 1.957 4.727 414.858 0.988 1107.239 -0.37589156100215376 1.0 21 5e73e2b0-3c82-4124-a405-fecff46c
26.0 99.0 Car -1.0 -1.0 -1.0 -1.0 -1.0 -1.0 -1.0 1.73 1.562 4.084 407.235 0.0 1110.495 -0.5370366045463585 1.0 13 bfdbd392-4753-485b-96a7-f26ed396
26.0 2.0 Car -1.0 -1.0 -1.0 -1.0 -1.0 -1.0 -1.0 1.907 1.957 4.727 416.431 0.988 1106.546 -0.37589156100215376 0.0 22 dab7c5c2-8558-483c-9c8c-31815fbf
27.0 99.0 Car -1.0 -1.0 -1.0 -1.0 -1.0 -1.0 -1.0 1.73 1.562 4.084 408.529 0.0 1109.754 -0.493837886383832 1.0 20 9b76cd1e-5d2e-4848-b4e8-16681d8a
27.0 2.0 Car -1.0 -1.0 -1.0 -1.0 -1.0 -1.0 -1.0 1.907 1.957 4.727 417.777 0.988 1105.942 -0.37589156100215376 0.0 22 dab7c5c2-8558-483c-9c8c-31815fbf
28.0 99.0 Car -1.0 -1.0 -1.0 -1.0 -1.0 -1.0 -1.0 1.73 1.562 4.084 409.736 0.0 1109.123 -0.4584488768767962 1.0 20 9b76cd1e-5d2e-4848-b4e8-16681d8a
28.0 2.0 Car -1.0 -1.0 -1.0 -1.0 -1.0 -1.0 -1.0 1.907 1.957 4.727 419.123 0.988 1105.339 -0.37589156100215376 0.0 22 dab7c5c2-8558-483c-9c8c-31815fbf
29.0 99.0 Car -1.0 -1.0 -1.0 -1.0 -1.0 -1.0 -1.0 1.73 1.562 4.084 410.665 0.0 1108.672 -0.44274057289703705 1.0 13 bfdbd392-4753-485b-96a7-f26ed396
29.0 2.0 Car -1.0 -1.0 -1.0 -1.0 -1.0 -1.0 -1.0 1.907 1.957 4.727 420.201 0.988 1104.947 -0.3409849759622672 0.0 22 dab7c5c2-8558-483c-9c8c-31815fbf
30.0 99.0 Car -1.0 -1.0 -1.0 -1.0 -1.0 -1.0 -1.0 1.73 1.562 4.084 411.779 0.0 1108.142 -0.4359778893697074 1.0 13 bfdbd392-4753-485b-96a7-f26ed396
30.0 2.0 Car -1.0 -1.0 -1.0 -1.0 -1.0 -1.0 -1.0 1.907 1.957 4.727 421.476 0.988 1104.531 -0.3060783909223806 0.0 23 1ba067c9-a69c-4cd1-bc3c-8bdc9dae
31.0 99.0 Car -1.0 -1.0 -1.0 -1.0 -1.0 -1.0 -1.0 1.73 1.562 4.084 412.849 0.0 1107.64 -0.4334299089556041 1.0 13 bfdbd392-4753-485b-96a7-f26ed396
31.0 2.0 Car -1.0 -1.0 -1.0 -1.0 -1.0 -1.0 -1.0 1.907 1.957 4.727 422.729 0.988 1104.393 -0.16645205076283398 0.0 23 1ba067c9-a69c-4cd1-bc3c-8bdc9dae
32.0 99.0 Car -1.0 -1.0 -1.0 -1.0 -1.0 -1.0 -1.0 1.73 1.562 4.084 413.902 0.0 1107.148 -0.4328566789675836 1.0 21 5e73e2b0-3c82-4124-a405-fecff46c
32.0 2.0 Car -1.0 -1.0 -1.0 -1.0 -1.0 -1.0 -1.0 1.907 1.957 4.727 423.942 0.972 1104.199 -0.10827440902968966 0.0 23 1ba067c9-a69c-4cd1-bc3c-8bdc9dae
33.0 99.0 Car -1.0 -1.0 -1.0 -1.0 -1.0 -1.0 -1.0 1.73 1.562 4.084 414.964 0.0 1106.652 -0.43133808722590744 1.0 21 5e73e2b0-3c82-4124-a405-fecff46c
33.0 2.0 Car -1.0 -1.0 -1.0 -1.0 -1.0 -1.0 -1.0 1.907 1.957 4.727 425.177 0.955 1104.334 0.05462298782311481 0.0 23 1ba067c9-a69c-4cd1-bc3c-8bdc9dae
34.0 99.0 Car -1.0 -1.0 -1.0 -1.0 -1.0 -1.0 -1.0 1.73 1.562 4.084 415.985 0.0 1106.182 -0.4225251232949738 1.0 21 5e73e2b0-3c82-4124-a405-fecff46c
34.0 2.0 Car -1.0 -1.0 -1.0 -1.0 -1.0 -1.0 -1.0 1.907 1.957 4.727 426.23 0.938 1104.619 0.21752038467591905 0.0 23 1ba067c9-a69c-4cd1-bc3c-8bdc9dae
35.0 99.0 Car -1.0 -1.0 -1.0 -1.0 -1.0 -1.0 -1.0 1.73 1.562 4.084 417.022 0.0 1105.722 -0.39482527022099456 1.0 22 dab7c5c2-8558-483c-9c8c-31815fbf
35.0 2.0 Car -1.0 -1.0 -1.0 -1.0 -1.0 -1.0 -1.0 1.907 1.957 4.727 427.101 1.022 1105.125 0.3978710740486666 0.0 23 1ba067c9-a69c-4cd1-bc3c-8bdc9dae
36.0 99.0 Car -1.0 -1.0 -1.0 -1.0 -1.0 -1.0 -1.0 1.73 1.562 4.084 418.165 0.0 1105.272 -0.34517861162128655 1.0 22 dab7c5c2-8558-483c-9c8c-31815fbf
36.0 2.0 Car -1.0 -1.0 -1.0 -1.0 -1.0 -1.0 -1.0 1.907 1.957 4.727 427.868 1.105 1105.779 0.5782217634214143 0.0 23 1ba067c9-a69c-4cd1-bc3c-8bdc9dae
37.0 99.0 Car -1.0 -1.0 -1.0 -1.0 -1.0 -1.0 -1.0 1.73 1.562 4.084 419.527 0.0 1104.831 -0.27257573956746156 1.0 23 1ba067c9-a69c-4cd1-bc3c-8bdc9dae
37.0 2.0 Car -1.0 -1.0 -1.0 -1.0 -1.0 -1.0 -1.0 1.907 1.957 4.727 428.504 1.188 1106.56 0.758572452794162 0.0 23 1ba067c9-a69c-4cd1-bc3c-8bdc9dae
