0.0 99.0 Car -1.0 -1.0 -1.0 -1.0 -1.0 -1.0 -1.0 1.73 1.562 4.084 1010.742 0.0 719.271 0.8456287392127546 1.0 -1.0 -1.0
0.0 1.0 Construction -1.0 -1.0 -1.0 -1.0 -1.0 -1.0 -1.0 2.387 3.285 7.534 984.739 1.721 690.36 0.8400444218583334 0.0 -1.0 -1.0
0.0 0.0 Car -1.0 -1.0 -1.0 -1.0 -1.0 -1.0 -1.0 2.036 1.853 4.651 999.752 0.846 706.909 0.8412486993040127 0.0 -1.0 -1.0
1.0 99.0 Car -1.0 -1.0 -1.0 -1.0 -1.0 -1.0 -1.0 1.73 1.562 4.084 1013.461 0.0 722.263 0.8328005634331631 1.0 -1.0 -1.0
1.0 1.0 Construction -1.0 -1.0 -1.0 -1.0 -1.0 -1.0 -1.0 2.387 3.285 7.534 987.49 1.774 693.346 0.8400444218583334 1.0 -1.0 -1.0
1.0 0.0 Car -1.0 -1.0 -1.0 -1.0 -1.0 -1.0 -1.0 2.036 1.853 4.651 1002.936 0.886 710.467 0.8482312707707076 1.0 -1.0 -1.0
2.0 99.0 Car -1.0 -1.0 -1.0 -1.0 -1.0 -1.0 -1.0 1.73 1.562 4.084 1016.082 0.0 725.097 0.8261645855870859 1.0 -1.0 -1.0
2.0 1.0 Construction -1.0 -1.0 -1.0 -1.0 -1.0 -1.0 -1.0 2.387 3.285 7.534 991.07 1.728 697.294 0.8400444218583334 1.0 -1.0 -1.0
2.0 0.0 Car -1.0 -1.0 -1.0 -1.0 -1.0 -1.0 -1.0 2.036 1.853 4.651 1006.12 0.926 714.025 0.855214484833182 1.0 -1.0 -1.0
3.0 99.0 Car -1.0 -1.0 -1.0 -1.0 -1.0 -1.0 -1.0 1.73 1.562 4.084 1018.594 0.0 727.776 0.8242692752907917 1.0 -1.0 -1.0
3.0 1.0 Construction -1.0 -1.0 -1.0 -1.0 -1.0 -1.0 -1.0 2.387 3.285 7.534 994.649 1.681 701.243 0.8400444218583334 1.0 -1.0 -1.0
3.0 0.0 Car -1.0 -1.0 -1.0 -1.0 -1.0 -1.0 -1.0 2.036 1.853 4.651 1009.119 0.967 717.411 0.8447437637799337 1.0 -1.0 -1.0
4.0 99.0 Car -1.0 -1.0 -1.0 -1.0 -1.0 -1.0 -1.0 1.73 1.562 4.084 1021.023 0.0 730.364 0.82833555577496 1.0 -1.0 -1.0
4.0 1.0 Construction -1.0 -1.0 -1.0 -1.0 -1.0 -1.0 -1.0 2.387 3.285 7.534 998.302 1.664 705.233 0.8487664785917794 1.0 -1.0 -1.0
4.0 0.0 Car -1.0 -1.0 -1.0 -1.0 -1.0 -1.0 -1.0 2.036 1.853 4.651 1012.021 0.907 720.684 0.8604413347684281 1.0 -1.0 -1.0
5.0 99.0 Car -1.0 -1.0 -1.0 -1.0 -1.0 -1.0 -1.0 1.73 1.562 4.084 1023.309 0.0 732.833 0.8418773400843798 1.0 -1.0 -1.0
5.0 1.0 Construction -1.0 -1.0 -1.0 -1.0 -1.0 -1.0 -1.0 2.387 3.285 7.534 1001.96 1.648 709.227 0.8574976357755388 1.0 -1.0 -1.0
5.0 0.0 Car -1.0 -1.0 -1.0 -1.0 -1.0 -1.0 -1.0 2.036 1.853 4.651 1014.926 1.047 723.961 0.8761552843438991 1.0 -1.0 -1.0
6.0 99.0 Car -1.0 -1.0 -1.0 -1.0 -1.0 -1.0 -1.0 1.73 1.562 4.084 1025.663 0.0 735.466 0.8611758247206652 1.0 -1.0 -1.0
6.0 1.0 Construction -1.0 -1.0 -1.0 -1.0 -1.0 -1.0 -1.0 2.387 3.285 7.534 1004.807 1.692 712.452 0.8574976790164689 1.0 -1.0 -1.0
6.0 0.0 Car -1.0 -1.0 -1.0 -1.0 -1.0 -1.0 -1.0 2.036 1.853 4.651 1017.761 1.018 727.238 0.8697626444329829 1.0 -1.0 -1.0
7.0 99.0 Car -1.0 -1.0 -1.0 -1.0 -1.0 -1.0 -1.0 1.73 1.562 4.084 1027.508 0.0 737.616 0.8788883316117067 1.0 -1.0 -1.0
7.0 1.0 Construction -1.0 -1.0 -1.0 -1.0 -1.0 -1.0 -1.0 2.387 3.285 7.534 1007.136 1.729 715.09 0.8574977143782768 1.0 -1.0 -1.0
7.0 0.0 Car -1.0 -1.0 -1.0 -1.0 -1.0 -1.0 -1.0 2.036 1.853 4.651 1019.84 0.994 729.633 0.8645348358490472 1.0 -1.0 -1.0
8.0 99.0 Car -1.0 -1.0 -1.0 -1.0 -1.0 -1.0 -1.0 1.73 1.562 4.084 1029.621 0.0 740.16 0.8921097311329607 1.0 -1.0 -1.0
8.0 1.0 Construction -1.0 -1.0 -1.0 -1.0 -1.0 -1.0 -1.0 2.387 3.285 7.534 1009.652 1.725 718.003 0.8574977143782768 1.0 -1.0 -1.0
8.0 0.0 Car -1.0 -1.0 -1.0 -1.0 -1.0 -1.0 -1.0 2.036 1.853 4.651 1022.159 0.967 732.306 0.8587019918239559 1.0 -1.0 -1.0
9.0 99.0 Car -1.0 -1.0 -1.0 -1.0 -1.0 -1.0 -1.0 1.73 1.562 4.084 1031.786 0.0 742.818 0.8957407429608282 1.0 -1.0 -1.0
9.0 1.0 Construction -1.0 -1.0 -1.0 -1.0 -1.0 -1.0 -1.0 2.387 3.285 7.534 1012.155 1.721 720.9 0.8574977143782768 1.0 -1.0 -1.0
9.0 0.0 Car -1.0 -1.0 -1.0 -1.0 -1.0 -1.0 -1.0 2.036 1.853 4.651 1024.357 0.924 734.932 0.8645155056454987 1.0 -1.0 -1.0
10.0 99.0 Car -1.0 -1.0 -1.0 -1.0 -1.0 -1.0 -1.0 1.73 1.562 4.084 1033.971 0.0 745.501 0.8928158399983244 1.0 -1.0 -1.0
10.0 1.0 Construction -1.0 -1.0 -1.0 -1.0 -1.0 -1.0 -1.0 2.387 3.285 7.534 1014.66 1.716 723.801 0.8574977143782768 1.0 -1.0 -1.0
10.0 0.0 Car -1.0 -1.0 -1.0 -1.0 -1.0 -1.0 -1.0 2.036 1.853 4.651 1026.526 0.956 737.524 0.8703350686422776 1.0 -1.0 -1.0
11.0 99.0 Car -1.0 -1.0 -1.0 -1.0 -1.0 -1.0 -1.0 1.73 1.562 4.084 1036.163 0.0 748.14 0.8748543251022086 1.0 -1.0 -1.0
11.0 1.0 Construction -1.0 -1.0 -1.0 -1.0 -1.0 -1.0 -1.0 2.387 3.285 7.534 1016.543 1.744 725.999 0.8574977143782768 1.0 -1.0 -1.0
11.0 0.0 Car -1.0 -1.0 -1.0 -1.0 -1.0 -1.0 -1.0 2.036 1.853 4.651 1028.696 0.988 740.116 0.8761552843438991 1.0 -1.0 -1.0
12.0 99.0 Car -1.0 -1.0 -1.0 -1.0 -1.0 -1.0 -1.0 1.73 1.562 4.084 1038.505 0.0 750.844 0.854395374839678 1.0 -1.0 -1.0
12.0 1.0 Construction -1.0 -1.0 -1.0 -1.0 -1.0 -1.0 -1.0 2.387 3.285 7.534 1018.428 1.772 728.199 0.8574977143782768 1.0 -1.0 -1.0
12.0 0.0 Car -1.0 -1.0 -1.0 -1.0 -1.0 -1.0 -1.0 2.036 1.853 4.651 1030.857 0.962 742.714 0.8674338463553047 1.0 -1.0 -1.0
13.0 99.0 Car -1.0 -1.0 -1.0 -1.0 -1.0 -1.0 -1.0 1.73 1.562 4.084 1040.992 0.0 753.631 0.8400870037972333 1.0 -1.0 -1.0
13.0 1.0 Construction -1.0 -1.0 -1.0 -1.0 -1.0 -1.0 -1.0 2.387 3.285 7.534 1020.315 1.8 730.402 0.8574977143782768 1.0 -1.0 -1.0
13.0 0.0 Car -1.0 -1.0 -1.0 -1.0 -1.0 -1.0 -1.0 2.036 1.853 4.651 1033.02 0.935 745.315 0.8587019918239559 1.0 -1.0 -1.0
14.0 99.0 Car -1.0 -1.0 -1.0 -1.0 -1.0 -1.0 -1.0 1.73 1.562 4.084 1043.591 0.0 756.449 0.8317808745230459 1.0 -1.0 -1.0
14.0 1.0 Construction -1.0 -1.0 -1.0 -1.0 -1.0 -1.0 -1.0 2.387 3.285 7.534 1022.208 1.785 732.692 0.866224317041856 1.0 -1.0 -1.0
14.0 0.0 Car -1.0 -1.0 -1.0 -1.0 -1.0 -1.0 -1.0 2.036 1.853 4.651 1035.205 0.908 747.79 0.8530768760445235 1.0 -1.0 -1.0
15.0 99.0 Car -1.0 -1.0 -1.0 -1.0 -1.0 -1.0 -1.0 1.73 1.562 4.084 1046.175 0.0 759.254 0.8363884749311763 1.0 -1.0 -1.0
15.0 1.0 Construction -1.0 -1.0 -1.0 -1.0 -1.0 -1.0 -1.0 2.387 3.285 7.534 1024.101 1.769 734.981 0.87495100689822 1.0 -1.0 -1.0
15.0 0.0 Car -1.0 -1.0 -1.0 -1.0 -1.0 -1.0 -1.0 2.036 1.853 4.651 1037.37 0.882 750.284 0.8474517040611448 1.0 -1.0 -1.0
16.0 99.0 Car -1.0 -1.0 -1.0 -1.0 -1.0 -1.0 -1.0 1.73 1.562 4.084 1048.981 0.0 762.349 0.8504576094693461 1.0 -1.0 -1.0
16.0 1.0 Construction -1.0 -1.0 -1.0 -1.0 -1.0 -1.0 -1.0 2.387 3.285 7.534 1026.139 1.727 737.402 0.865778963987317 1.0 -1.0 -1.0
16.0 0.0 Car -1.0 -1.0 -1.0 -1.0 -1.0 -1.0 -1.0 2.036 1.853 4.651 1039.757 0.853 753.034 0.8412486993040126 1.0 -1.0 -1.0
17.0 99.0 Car -1.0 -1.0 -1.0 -1.0 -1.0 -1.0 -1.0 1.73 1.562 4.084 1051.467 0.0 765.186 0.8680484867886188 1.0 -1.0 -1.0
17.0 1.0 Construction -1.0 -1.0 -1.0 -1.0 -1.0 -1.0 -1.0 2.387 3.285 7.534 1027.979 1.69 739.588 0.8574977143782768 1.0 -1.0 -1.0
17.0 0.0 Car -1.0 -1.0 -1.0 -1.0 -1.0 -1.0 -1.0 2.036 1.853 4.651 1041.931 0.858 755.478 0.8499537504900314 1.0 -1.0 -1.0
18.0 99.0 Car -1.0 -1.0 -1.0 -1.0 -1.0 -1.0 -1.0 1.73 1.562 4.084 1053.894 0.0 768.039 0.8835080269970212 1.0 -1.0 -1.0
18.0 1.0 Construction -1.0 -1.0 -1.0 -1.0 -1.0 -1.0 -1.0 2.387 3.285 7.534 1029.878 1.725 741.689 0.85168011314016 1.0 -1.0 -1.0
18.0 0.0 Car -1.0 -1.0 -1.0 -1.0 -1.0 -1.0 -1.0 2.036 1.853 4.651 1044.113 0.864 757.931 0.8586873505035899 1.0 -1.0 -1.0
19.0 99.0 Car -1.0 -1.0 -1.0 -1.0 -1.0 -1.0 -1.0 1.73 1.562 4.084 1056.188 0.0 770.825 0.8943475037328041 1.0 -1.0 -1.0
19.0 1.0 Construction -1.0 -1.0 -1.0 -1.0 -1.0 -1.0 -1.0 2.387 3.285 7.534 1031.779 1.759 743.793 0.8458560061323591 1.0 -1.0 -1.0
19.0 0.0 Car -1.0 -1.0 -1.0 -1.0 -1.0 -1.0 -1.0 2.036 1.853 4.651 1046.297 0.87 760.386 0.8674307172213064 1.0 -1.0 -1.0
20.0 99.0 Car -1.0 -1.0 -1.0 -1.0 -1.0 -1.0 -1.0 1.73 1.562 4.084 1058.361 0.0 773.496 0.8984301341410319 1.0 -1.0 -1.0
20.0 1.0 Construction -1.0 -1.0 -1.0 -1.0 -1.0 -1.0 -1.0 2.387 3.285 7.534 1033.677 1.794 745.891 0.8400444218583334 1.0 -1.0 -1.0
20.0 0.0 Car -1.0 -1.0 -1.0 -1.0 -1.0 -1.0 -1.0 2.036 1.853 4.651 1048.518 0.875 762.884 0.8761552843438991 1.0 -1.0 -1.0
21.0 99.0 Car -1.0 -1.0 -1.0 -1.0 -1.0 -1.0 -1.0 1.73 1.562 4.084 1060.56 0.0 776.212 0.9036423857279152 1.0 -1.0 -1.0
21.0 1.0 Construction -1.0 -1.0 -1.0 -1.0 -1.0 -1.0 -1.0 2.387 3.285 7.534 1036.393 1.697 748.76 0.8269488663205518 1.0 -1.0 -1.0
21.0 0.0 Car -1.0 -1.0 -1.0 -1.0 -1.0 -1.0 -1.0 2.036 1.853 4.651 1050.777 0.886 765.443 0.8645201047687575 1.0 -1.0 -1.0
22.0 99.0 Car -1.0 -1.0 -1.0 -1.0 -1.0 -1.0 -1.0 1.73 1.562 4.084 1062.834 0.0 779.048 0.9013387536260519 1.0 -1.0 -1.0
22.0 1.0 Construction -1.0 -1.0 -1.0 -1.0 -1.0 -1.0 -1.0 2.387 3.285 7.534 1039.11 1.6 751.629 0.8138524471790782 1.0 -1.0 -1.0
22.0 0.0 Car -1.0 -1.0 -1.0 -1.0 -1.0 -1.0 -1.0 2.036 1.853 4.651 1053.037 0.896 768.003 0.8528841578963439 1.0 -1.0 -1.0
23.0 99.0 Car -1.0 -1.0 -1.0 -1.0 -1.0 -1.0 -1.0 1.73 1.562 4.084 1065.232 0.0 781.964 0.8846480597626359 1.0 -1.0 -1.0
23.0 1.0 Construction -1.0 -1.0 -1.0 -1.0 -1.0 -1.0 -1.0 2.387 3.285 7.534 1041.494 1.612 754.327 0.8269555435426691 1.0 -1.0 -1.0
23.0 0.0 Car -1.0 -1.0 -1.0 -1.0 -1.0 -1.0 -1.0 2.036 1.853 4.651 1055.359 0.907 770.634 0.8412486993040126 1.0 -1.0 -1.0
24.0 99.0 Car -1.0 -1.0 -1.0 -1.0 -1.0 -1.0 -1.0 1.73 1.562 4.084 1067.709 0.0 784.885 0.869113974151132 1.0 -1.0 -1.0
24.0 1.0 Construction -1.0 -1.0 -1.0 -1.0 -1.0 -1.0 -1.0 2.387 3.285 7.534 1043.875 1.624 757.021 0.8400444218583334 1.0 -1.0 -1.0
24.0 0.0 Car -1.0 -1.0 -1.0 -1.0 -1.0 -1.0 -1.0 2.036 1.853 4.651 1057.644 0.936 773.298 0.8470685940872088 1.0 -1.0 -1.0
25.0 99.0 Car -1.0 -1.0 -1.0 -1.0 -1.0 -1.0 -1.0 1.73 1.562 4.084 1070.306 0.0 787.859 0.8584807000560987 1.0 -1.0 -1.0
25.0 1.0 Construction -1.0 -1.0 -1.0 -1.0 -1.0 -1.0 -1.0 2.387 3.285 7.534 1046.366 1.69 759.769 0.8423958755966251 1.0 -1.0 -1.0
25.0 0.0 Car -1.0 -1.0 -1.0 -1.0 -1.0 -1.0 -1.0 2.036 1.853 4.651 1059.961 0.965 775.998 0.8528885470837898 1.0 -1.0 -1.0
26.0 99.0 Car -1.0 -1.0 -1.0 -1.0 -1.0 -1.0 -1.0 1.73 1.562 4.084 1073.071 0.0 790.999 0.8499613323717476 1.0 -1.0 -1.0
26.0 1.0 Construction -1.0 -1.0 -1.0 -1.0 -1.0 -1.0 -1.0 2.387 3.285 7.534 1048.855 1.756 762.514 0.8447446997838043 1.0 -1.0 -1.0
26.0 0.0 Car -1.0 -1.0 -1.0 -1.0 -1.0 -1.0 -1.0 2.036 1.853 4.651 1062.275 0.994 778.695 0.8587019918239559 1.0 -1.0 -1.0
27.0 99.0 Car -1.0 -1.0 -1.0 -1.0 -1.0 -1.0 -1.0 1.73 1.562 4.084 1076.014 0.0 794.267 0.8444396691555478 1.0 -1.0 -1.0
27.0 1.0 Construction -1.0 -1.0 -1.0 -1.0 -1.0 -1.0 -1.0 2.387 3.285 7.534 1051.445 1.766 765.5 0.8581834665449796 0.0 -1.0 -1.0
27.0 0.0 Car -1.0 -1.0 -1.0 -1.0 -1.0 -1.0 -1.0 2.036 1.853 4.651 1064.711 0.977 781.534 0.8587019918239559 0.0 -1.0 -1.0
28.0 99.0 Car -1.0 -1.0 -1.0 -1.0 -1.0 -1.0 -1.0 1.73 1.562 4.084 1079.015 0.0 797.6 0.8451064875706742 1.0 -1.0 -1.0
28.0 1.0 Construction -1.0 -1.0 -1.0 -1.0 -1.0 -1.0 -1.0 2.387 3.285 7.534 1054.035 1.775 768.485 0.871622905804011 0.0 -1.0 -1.0
28.0 0.0 Car -1.0 -1.0 -1.0 -1.0 -1.0 -1.0 -1.0 2.036 1.853 4.651 1067.208 0.959 784.444 0.8587019918239559 0.0 -1.0 -1.0
29.0 99.0 Car -1.0 -1.0 -1.0 -1.0 -1.0 -1.0 -1.0 1.73 1.562 4.084 1082.558 0.0 801.563 0.8607679128857745 1.0 -1.0 -1.0
29.0 1.0 Construction -1.0 -1.0 -1.0 -1.0 -1.0 -1.0 -1.0 2.387 3.285 7.534 1058.007 1.776 773.492 0.919156779112383 0.0 -1.0 -1.0
29.0 0.0 Car -1.0 -1.0 -1.0 -1.0 -1.0 -1.0 -1.0 2.036 1.853 4.651 1070.21 0.939 787.941 0.8587019918239559 0.0 -1.0 -1.0
30.0 99.0 Car -1.0 -1.0 -1.0 -1.0 -1.0 -1.0 -1.0 1.73 1.562 4.084 1085.326 0.0 804.777 0.8736039738249997 1.0 -1.0 -1.0
30.0 1.0 Construction -1.0 -1.0 -1.0 -1.0 -1.0 -1.0 -1.0 2.387 3.285 7.534 1061.132 1.777 777.804 0.9587667175647229 0.0 -1.0 -1.0
30.0 0.0 Car -1.0 -1.0 -1.0 -1.0 -1.0 -1.0 -1.0 2.036 1.853 4.651 1072.747 0.961 790.897 0.8587019918239559 0.0 -1.0 -1.0
31.0 99.0 Car -1.0 -1.0 -1.0 -1.0 -1.0 -1.0 -1.0 1.73 1.562 4.084 1088.029 0.0 807.982 0.8821789844981233 1.0 -1.0 -1.0
31.0 1.0 Construction -1.0 -1.0 -1.0 -1.0 -1.0 -1.0 -1.0 2.387 3.285 7.534 1064.084 1.778 782.237 0.9983790306092141 0.0 -1.0 -1.0
31.0 0.0 Car -1.0 -1.0 -1.0 -1.0 -1.0 -1.0 -1.0 2.036 1.853 4.651 1075.284 0.984 793.852 0.8587019918239559 0.0 -1.0 -1.0
32.0 99.0 Car -1.0 -1.0 -1.0 -1.0 -1.0 -1.0 -1.0 1.73 1.562 4.084 1090.709 0.0 811.214 0.8882303336857387 1.0 -1.0 -1.0
32.0 1.0 Construction -1.0 -1.0 -1.0 -1.0 -1.0 -1.0 -1.0 2.387 3.285 7.534 1067.359 1.858 787.472 1.0170862524837392 0.0 -1.0 -1.0
32.0 0.0 Car -1.0 -1.0 -1.0 -1.0 -1.0 -1.0 -1.0 2.036 1.853 4.651 1078.004 0.966 796.972 0.8587019918239559 0.0 -1.0 -1.0
33.0 99.0 Car -1.0 -1.0 -1.0 -1.0 -1.0 -1.0 -1.0 1.73 1.562 4.084 1092.756 0.0 813.672 0.8866846758687431 1.0 -1.0 -1.0
33.0 1.0 Construction -1.0 -1.0 -1.0 -1.0 -1.0 -1.0 -1.0 2.387 3.285 7.534 1069.754 1.842 791.508 1.0145773470577666 0.0 -1.0 -1.0
33.0 0.0 Car -1.0 -1.0 -1.0 -1.0 -1.0 -1.0 -1.0 2.036 1.853 4.651 1080.176 0.952 799.464 0.8587019918239559 0.0 -1.0 -1.0
34.0 99.0 Car -1.0 -1.0 -1.0 -1.0 -1.0 -1.0 -1.0 1.73 1.562 4.084 1095.112 0.0 816.495 0.8815849659682768 1.0 -1.0 -1.0
34.0 1.0 Construction -1.0 -1.0 -1.0 -1.0 -1.0 -1.0 -1.0 2.387 3.285 7.534 1073.04 1.687 796.675 0.9855196045841834 0.0 -1.0 -1.0
34.0 0.0 Car -1.0 -1.0 -1.0 -1.0 -1.0 -1.0 -1.0 2.036 1.853 4.651 1082.89 0.935 802.576 0.8587019918239559 0.0 -1.0 -1.0
35.0 99.0 Car -1.0 -1.0 -1.0 -1.0 -1.0 -1.0 -1.0 1.73 1.562 4.084 1097.408 0.0 819.164 0.8654225995430864 1.0 -1.0 -1.0
35.0 1.0 Construction -1.0 -1.0 -1.0 -1.0 -1.0 -1.0 -1.0 2.387 3.285 7.534 1076.824 1.733 802.138 0.9389633025607089 0.0 -1.0 -1.0
35.0 0.0 Car -1.0 -1.0 -1.0 -1.0 -1.0 -1.0 -1.0 2.036 1.853 4.651 1085.586 0.917 805.71 0.8587019918239559 0.0 -1.0 -1.0
36.0 99.0 Car -1.0 -1.0 -1.0 -1.0 -1.0 -1.0 -1.0 1.73 1.562 4.084 1099.586 0.0 821.644 0.8528855599706454 1.0 -1.0 -1.0
36.0 1.0 Construction -1.0 -1.0 -1.0 -1.0 -1.0 -1.0 -1.0 2.387 3.285 7.534 1081.135 1.678 807.762 0.8924042994181633 0.0 -1.0 -1.0
36.0 0.0 Car -1.0 -1.0 -1.0 -1.0 -1.0 -1.0 -1.0 2.036 1.853 4.651 1088.282 0.9 808.844 0.8587019918239559 0.0 -1.0 -1.0
37.0 99.0 Car -1.0 -1.0 -1.0 -1.0 -1.0 -1.0 -1.0 1.73 1.562 4.084 1101.602 0.0 823.884 0.8398933084049436 1.0 -1.0 -1.0
37.0 1.0 Construction -1.0 -1.0 -1.0 -1.0 -1.0 -1.0 -1.0 2.387 3.285 7.534 1085.924 1.643 813.686 0.8982132760373062 0.0 -1.0 -1.0
37.0 0.0 Car -1.0 -1.0 -1.0 -1.0 -1.0 -1.0 -1.0 2.036 1.853 4.651 1090.923 0.901 811.889 0.8587019918239559 0.0 -1.0 -1.0
38.0 99.0 Car -1.0 -1.0 -1.0 -1.0 -1.0 -1.0 -1.0 1.73 1.562 4.084 1103.531 0.0 825.981 0.8312482586255364 1.0 -1.0 -1.0
38.0 1.0 Construction -1.0 -1.0 -1.0 -1.0 -1.0 -1.0 -1.0 2.387 3.285 7.534 1090.978 1.632 819.657 0.8778561671805349 0.0 -1.0 -1.0
38.0 0.0 Car -1.0 -1.0 -1.0 -1.0 -1.0 -1.0 -1.0 2.036 1.853 4.651 1093.403 0.903 814.749 0.8587019918239559 0.0 -1.0 -1.0
