0.0 99.0 Car -1.0 -1.0 -1.0 -1.0 -1.0 -1.0 -1.0 1.73 1.562 4.084 1818.54 0.0 871.074 -3.1062544164253043 1.0 -1.0 -1.0
0.0 3.0 Car -1.0 -1.0 -1.0 -1.0 -1.0 -1.0 -1.0 2.012 1.886 4.576 1844.977 1.132 870.771 -3.1225685645770125 0.0 -1.0 -1.0
0.0 2.0 Car -1.0 -1.0 -1.0 -1.0 -1.0 -1.0 -1.0 1.95 1.523 5.177 1697.069 0.925 861.417 0.042603487315335586 0.0 -1.0 -1.0
1.0 99.0 Car -1.0 -1.0 -1.0 -1.0 -1.0 -1.0 -1.0 1.73 1.562 4.084 1814.857 0.0 870.988 -3.1062327836640713 1.0 -1.0 -1.0
1.0 3.0 Car -1.0 -1.0 -1.0 -1.0 -1.0 -1.0 -1.0 2.012 1.886 4.576 1840.292 1.143 870.651 -3.1225685645770125 1.0 -1.0 -1.0
1.0 2.0 Car -1.0 -1.0 -1.0 -1.0 -1.0 -1.0 -1.0 1.95 1.523 5.177 1701.787 0.948 861.676 0.05424747778542516 1.0 -1.0 -1.0
2.0 99.0 Car -1.0 -1.0 -1.0 -1.0 -1.0 -1.0 -1.0 1.73 1.562 4.084 1811.281 0.0 870.896 -3.1063414217238905 1.0 -1.0 -1.0
2.0 3.0 Car -1.0 -1.0 -1.0 -1.0 -1.0 -1.0 -1.0 2.012 1.886 4.576 1835.896 1.154 870.536 -3.1225685645770125 1.0 -1.0 -1.0
2.0 2.0 Car -1.0 -1.0 -1.0 -1.0 -1.0 -1.0 -1.0 1.95 1.523 5.177 1706.5 0.97 861.935 0.06587897285597745 1.0 -1.0 -1.0
3.0 99.0 Car -1.0 -1.0 -1.0 -1.0 -1.0 -1.0 -1.0 1.73 1.562 4.084 1807.772 0.0 870.804 -3.106236260045208 1.0 -1.0 -1.0
3.0 3.0 Car -1.0 -1.0 -1.0 -1.0 -1.0 -1.0 -1.0 2.012 1.886 4.576 1831.499 1.165 870.421 -3.1225685645770125 1.0 -1.0 -1.0
3.0 2.0 Car -1.0 -1.0 -1.0 -1.0 -1.0 -1.0 -1.0 1.95 1.523 5.177 1711.214 0.992 862.194 0.07751007235522223 1.0 -1.0 -1.0
4.0 99.0 Car -1.0 -1.0 -1.0 -1.0 -1.0 -1.0 -1.0 1.73 1.562 4.084 1804.287 0.0 870.71 -3.1087106304671392 1.0 -1.0 -1.0
4.0 3.0 Car -1.0 -1.0 -1.0 -1.0 -1.0 -1.0 -1.0 2.012 1.886 4.576 1827.271 1.143 870.31 -3.1225685645770125 1.0 -1.0 -1.0
4.0 2.0 Car -1.0 -1.0 -1.0 -1.0 -1.0 -1.0 -1.0 1.95 1.523 5.177 1716.527 1.015 862.629 0.08623664005660213 1.0 -1.0 -1.0
5.0 99.0 Car -1.0 -1.0 -1.0 -1.0 -1.0 -1.0 -1.0 1.73 1.562 4.084 1800.66 0.0 870.627 -3.11051371441247 1.0 -1.0 -1.0
5.0 3.0 Car -1.0 -1.0 -1.0 -1.0 -1.0 -1.0 -1.0 2.012 1.886 4.576 1822.995 1.121 870.197 -3.1225685645770125 1.0 -1.0 -1.0
5.0 2.0 Car -1.0 -1.0 -1.0 -1.0 -1.0 -1.0 -1.0 1.95 1.523 5.177 1721.84 1.037 863.064 0.09496336487516555 1.0 -1.0 -1.0
6.0 99.0 Car -1.0 -1.0 -1.0 -1.0 -1.0 -1.0 -1.0 1.73 1.562 4.084 1797.029 0.0 870.552 -3.112275951609065 1.0 -1.0 -1.0
6.0 3.0 Car -1.0 -1.0 -1.0 -1.0 -1.0 -1.0 -1.0 2.012 1.886 4.576 1818.714 1.099 870.085 -3.1225685645770125 1.0 -1.0 -1.0
6.0 2.0 Car -1.0 -1.0 -1.0 -1.0 -1.0 -1.0 -1.0 1.95 1.523 5.177 1727.405 1.034 863.559 0.09496336487516555 1.0 -1.0 -1.0
7.0 99.0 Car -1.0 -1.0 -1.0 -1.0 -1.0 -1.0 -1.0 1.73 1.562 4.084 1793.393 0.0 870.476 -3.1125842191890247 1.0 -1.0 -1.0
7.0 3.0 Car -1.0 -1.0 -1.0 -1.0 -1.0 -1.0 -1.0 2.012 1.886 4.576 1814.621 1.094 870.034 -3.1225685645770125 1.0 -1.0 -1.0
7.0 2.0 Car -1.0 -1.0 -1.0 -1.0 -1.0 -1.0 -1.0 1.95 1.523 5.177 1732.963 1.031 864.053 0.09496336487516555 0.0 -1.0 -1.0
8.0 99.0 Car -1.0 -1.0 -1.0 -1.0 -1.0 -1.0 -1.0 1.73 1.562 4.084 1789.677 0.0 870.409 -3.1114395541019033 1.0 -1.0 -1.0
8.0 3.0 Car -1.0 -1.0 -1.0 -1.0 -1.0 -1.0 -1.0 2.012 1.886 4.576 1810.528 1.088 869.982 -3.1225685645770125 1.0 -1.0 -1.0
8.0 2.0 Car -1.0 -1.0 -1.0 -1.0 -1.0 -1.0 -1.0 1.95 1.523 5.177 1738.907 1.004 864.458 0.09496336487516555 0.0 -1.0 -1.0
9.0 99.0 Car -1.0 -1.0 -1.0 -1.0 -1.0 -1.0 -1.0 1.73 1.562 4.084 1785.976 0.0 870.352 -3.111670640356987 1.0 -1.0 -1.0
9.0 3.0 Car -1.0 -1.0 -1.0 -1.0 -1.0 -1.0 -1.0 2.012 1.886 4.576 1806.508 1.083 869.933 -3.1225685645770125 1.0 -1.0 -1.0
9.0 2.0 Car -1.0 -1.0 -1.0 -1.0 -1.0 -1.0 -1.0 1.95 1.523 5.177 1744.852 0.976 864.864 0.09496336487516555 0.0 -1.0 -1.0
10.0 99.0 Car -1.0 -1.0 -1.0 -1.0 -1.0 -1.0 -1.0 1.73 1.562 4.084 1782.211 0.0 870.298 -3.1111974411369347 1.0 -1.0 -1.0
10.0 3.0 Car -1.0 -1.0 -1.0 -1.0 -1.0 -1.0 -1.0 2.012 1.886 4.576 1802.539 1.078 869.884 -3.1225685645770125 1.0 -1.0 -1.0
10.0 2.0 Car -1.0 -1.0 -1.0 -1.0 -1.0 -1.0 -1.0 1.95 1.523 5.177 1750.976 0.924 865.198 0.08624632866122584 0.0 -1.0 -1.0
11.0 99.0 Car -1.0 -1.0 -1.0 -1.0 -1.0 -1.0 -1.0 1.73 1.562 4.084 1778.482 0.0 870.22 -3.1094090297143735 1.0 -1.0 -1.0
11.0 3.0 Car -1.0 -1.0 -1.0 -1.0 -1.0 -1.0 -1.0 2.012 1.886 4.576 1798.562 1.072 869.835 -3.1225685645770125 1.0 -1.0 -1.0
11.0 2.0 Car -1.0 -1.0 -1.0 -1.0 -1.0 -1.0 -1.0 1.95 1.523 5.177 1757.113 0.871 865.532 0.07751007235522223 0.0 -1.0 -1.0
12.0 99.0 Car -1.0 -1.0 -1.0 -1.0 -1.0 -1.0 -1.0 1.73 1.562 4.084 1774.608 0.0 870.137 -3.1090037334577456 1.0 -1.0 -1.0
12.0 3.0 Car -1.0 -1.0 -1.0 -1.0 -1.0 -1.0 -1.0 2.012 1.886 4.576 1794.487 1.053 869.808 -3.1247526235504757 1.0 -1.0 -1.0
12.0 2.0 Car -1.0 -1.0 -1.0 -1.0 -1.0 -1.0 -1.0 1.95 1.523 5.177 1763.311 0.846 865.895 0.051315843215711254 0.0 -1.0 -1.0
13.0 99.0 Car -1.0 -1.0 -1.0 -1.0 -1.0 -1.0 -1.0 1.73 1.562 4.084 1770.794 0.0 870.041 -3.1073262374296733 1.0 -1.0 -1.0
13.0 3.0 Car -1.0 -1.0 -1.0 -1.0 -1.0 -1.0 -1.0 2.012 1.886 4.576 1790.417 1.034 869.782 -3.1269342994808693 1.0 -1.0 -1.0
13.0 2.0 Car -1.0 -1.0 -1.0 -1.0 -1.0 -1.0 -1.0 1.95 1.523 5.177 1769.51 0.821 866.095 0.025150194795392263 0.0 -1.0 -1.0
14.0 99.0 Car -1.0 -1.0 -1.0 -1.0 -1.0 -1.0 -1.0 1.73 1.562 4.084 1767.158 0.0 869.937 -3.1063132732330647 1.0 -1.0 -1.0
14.0 3.0 Car -1.0 -1.0 -1.0 -1.0 -1.0 -1.0 -1.0 2.012 1.886 4.576 1786.661 1.015 869.76 -3.12911601905674 1.0 -1.0 -1.0
14.0 2.0 Car -1.0 -1.0 -1.0 -1.0 -1.0 -1.0 -1.0 1.95 1.523 5.177 1775.903 0.846 866.299 0.033876832326491746 0.0 -1.0 -1.0
15.0 99.0 Car -1.0 -1.0 -1.0 -1.0 -1.0 -1.0 -1.0 1.73 1.562 4.084 1763.611 0.0 869.831 -3.105521815268667 1.0 -1.0 -1.0
15.0 3.0 Car -1.0 -1.0 -1.0 -1.0 -1.0 -1.0 -1.0 2.012 1.886 4.576 1782.905 0.996 869.737 -3.1312977342680632 1.0 -1.0 -1.0
15.0 2.0 Car -1.0 -1.0 -1.0 -1.0 -1.0 -1.0 -1.0 1.95 1.523 5.177 1782.082 0.971 866.499 0.007696902275448946 0.0 -1.0 -1.0
16.0 99.0 Car -1.0 -1.0 -1.0 -1.0 -1.0 -1.0 -1.0 1.73 1.562 4.084 1760.059 0.0 869.732 -3.1053219030497115 1.0 -1.0 -1.0
16.0 3.0 Car -1.0 -1.0 -1.0 -1.0 -1.0 -1.0 -1.0 2.012 1.886 4.576 1779.242 0.977 869.625 -3.124749560881082 1.0 -1.0 -1.0
16.0 2.0 Car -1.0 -1.0 -1.0 -1.0 -1.0 -1.0 -1.0 1.95 1.523 5.177 1788.178 1.021 866.743 0.02515174675873122 0.0 -1.0 -1.0
17.0 99.0 Car -1.0 -1.0 -1.0 -1.0 -1.0 -1.0 -1.0 1.73 1.562 4.084 1756.618 0.0 869.637 -3.1055330161086574 1.0 -1.0 -1.0
17.0 3.0 Car -1.0 -1.0 -1.0 -1.0 -1.0 -1.0 -1.0 2.012 1.886 4.576 1775.579 0.958 869.513 -3.1182025519301457 1.0 -1.0 -1.0
17.0 2.0 Car -1.0 -1.0 -1.0 -1.0 -1.0 -1.0 -1.0 1.95 1.523 5.177 1794.273 1.071 866.987 0.042603487315335586 0.0 -1.0 -1.0
18.0 99.0 Car -1.0 -1.0 -1.0 -1.0 -1.0 -1.0 -1.0 1.73 1.562 4.084 1753.14 0.0 869.544 -3.1059834109806297 1.0 -1.0 -1.0
18.0 3.0 Car -1.0 -1.0 -1.0 -1.0 -1.0 -1.0 -1.0 2.012 1.886 4.576 1771.826 0.939 869.399 -3.1116628174335994 1.0 -1.0 -1.0
18.0 2.0 Car -1.0 -1.0 -1.0 -1.0 -1.0 -1.0 -1.0 1.95 1.523 5.177 1800.285 1.146 867.244 0.025150194795392263 0.0 -1.0 -1.0
19.0 99.0 Car -1.0 -1.0 -1.0 -1.0 -1.0 -1.0 -1.0 1.73 1.562 4.084 1749.611 0.0 869.432 -3.104646170724923 1.0 -1.0 -1.0
19.0 3.0 Car -1.0 -1.0 -1.0 -1.0 -1.0 -1.0 -1.0 2.012 1.886 4.576 1768.068 0.92 869.285 -3.1051152720570694 1.0 -1.0 -1.0
20.0 99.0 Car -1.0 -1.0 -1.0 -1.0 -1.0 -1.0 -1.0 1.73 1.562 4.084 1746.115 0.0 869.327 -3.1057595848895634 1.0 -1.0 -1.0
20.0 3.0 Car -1.0 -1.0 -1.0 -1.0 -1.0 -1.0 -1.0 2.012 1.886 4.576 1764.602 0.932 869.189 -3.1069868104307083 1.0 -1.0 -1.0
21.0 99.0 Car -1.0 -1.0 -1.0 -1.0 -1.0 -1.0 -1.0 1.73 1.562 4.084 1742.666 0.0 869.24 -3.1075093113274863 1.0 -1.0 -1.0
21.0 3.0 Car -1.0 -1.0 -1.0 -1.0 -1.0 -1.0 -1.0 2.012 1.886 4.576 1761.136 0.944 869.094 -3.108858431172628 1.0 -1.0 -1.0
22.0 99.0 Car -1.0 -1.0 -1.0 -1.0 -1.0 -1.0 -1.0 1.73 1.562 4.084 1739.254 0.0 869.152 -3.108266062443542 1.0 -1.0 -1.0
22.0 3.0 Car -1.0 -1.0 -1.0 -1.0 -1.0 -1.0 -1.0 2.012 1.886 4.576 1757.732 0.956 869.0 -3.1107298984100247 1.0 -1.0 -1.0
22.0 0.0 Car -1.0 -1.0 -1.0 -1.0 -1.0 -1.0 -1.0 1.981 1.565 4.705 1643.879 1.434 859.802 0.030909780978805257 0.0 -1.0 -1.0
23.0 99.0 Car -1.0 -1.0 -1.0 -1.0 -1.0 -1.0 -1.0 1.73 1.562 4.084 1735.918 0.0 869.055 -3.1054712493071728 1.0 -1.0 -1.0
23.0 3.0 Car -1.0 -1.0 -1.0 -1.0 -1.0 -1.0 -1.0 2.012 1.886 4.576 1754.336 0.968 868.907 -3.112597430690021 1.0 -1.0 -1.0
23.0 0.0 Car -1.0 -1.0 -1.0 -1.0 -1.0 -1.0 -1.0 1.981 1.565 4.705 1649.539 1.387 859.974 0.030909780978805257 1.0 -1.0 -1.0
24.0 99.0 Car -1.0 -1.0 -1.0 -1.0 -1.0 -1.0 -1.0 1.73 1.562 4.084 1732.595 0.0 868.952 -3.1042692853471427 1.0 -1.0 -1.0
24.0 3.0 Car -1.0 -1.0 -1.0 -1.0 -1.0 -1.0 -1.0 2.012 1.886 4.576 1750.961 0.981 868.796 -3.104295235824883 1.0 -1.0 -1.0
24.0 1.0 Car -1.0 -1.0 -1.0 -1.0 -1.0 -1.0 -1.0 2.133 1.835 4.631 1697.822 0.936 828.949 1.046778672302522 0.0 -1.0 -1.0
24.0 0.0 Car -1.0 -1.0 -1.0 -1.0 -1.0 -1.0 -1.0 1.981 1.565 4.705 1655.204 1.239 860.148 0.030909780978805257 1.0 -1.0 -1.0
25.0 99.0 Car -1.0 -1.0 -1.0 -1.0 -1.0 -1.0 -1.0 1.73 1.562 4.084 1729.389 0.0 868.847 -3.092408221918828 1.0 -1.0 -1.0
25.0 3.0 Car -1.0 -1.0 -1.0 -1.0 -1.0 -1.0 -1.0 2.012 1.886 4.576 1747.582 0.993 868.684 -3.0959830972953593 1.0 -1.0 -1.0
25.0 1.0 Car -1.0 -1.0 -1.0 -1.0 -1.0 -1.0 -1.0 2.133 1.835 4.631 1699.53 0.93 831.98 1.05595979015941 1.0 -1.0 -1.0
25.0 0.0 Car -1.0 -1.0 -1.0 -1.0 -1.0 -1.0 -1.0 1.981 1.565 4.705 1660.787 1.142 860.316 0.018451834043670567 1.0 -1.0 -1.0
26.0 99.0 Car -1.0 -1.0 -1.0 -1.0 -1.0 -1.0 -1.0 1.73 1.562 4.084 1726.182 0.0 868.684 -3.0742744450854653 1.0 -1.0 -1.0
26.0 3.0 Car -1.0 -1.0 -1.0 -1.0 -1.0 -1.0 -1.0 2.012 1.886 4.576 1744.199 1.005 868.573 -3.087661979537126 1.0 -1.0 -1.0
26.0 1.0 Car -1.0 -1.0 -1.0 -1.0 -1.0 -1.0 -1.0 2.133 1.835 4.631 1701.181 0.924 834.829 1.047697533444276 1.0 -1.0 -1.0
26.0 0.0 Car -1.0 -1.0 -1.0 -1.0 -1.0 -1.0 -1.0 1.981 1.565 4.705 1665.958 1.122 860.51 0.005980429349814909 1.0 -1.0 -1.0
27.0 99.0 Car -1.0 -1.0 -1.0 -1.0 -1.0 -1.0 -1.0 1.73 1.562 4.084 1723.567 0.0 868.515 -3.0616140997405985 1.0 -1.0 -1.0
27.0 3.0 Car -1.0 -1.0 -1.0 -1.0 -1.0 -1.0 -1.0 2.012 1.886 4.576 1741.366 1.015 868.475 -3.093369186381477 1.0 -1.0 -1.0
27.0 1.0 Car -1.0 -1.0 -1.0 -1.0 -1.0 -1.0 -1.0 2.133 1.835 4.631 1702.149 0.939 836.468 1.0550504429010323 1.0 -1.0 -1.0
27.0 0.0 Car -1.0 -1.0 -1.0 -1.0 -1.0 -1.0 -1.0 1.981 1.565 4.705 1670.212 1.106 860.608 -0.003996804061081383 1.0 -1.0 -1.0
28.0 99.0 Car -1.0 -1.0 -1.0 -1.0 -1.0 -1.0 -1.0 1.73 1.562 4.084 1720.327 0.0 868.262 -3.048449126010206 1.0 -1.0 -1.0
28.0 3.0 Car -1.0 -1.0 -1.0 -1.0 -1.0 -1.0 -1.0 2.012 1.886 4.576 1737.828 1.027 868.353 -3.1004957320107605 0.0 -1.0 -1.0
28.0 1.0 Car -1.0 -1.0 -1.0 -1.0 -1.0 -1.0 -1.0 2.133 1.835 4.631 1703.358 0.958 838.515 1.0642319648224652 0.0 -1.0 -1.0
28.0 0.0 Car -1.0 -1.0 -1.0 -1.0 -1.0 -1.0 -1.0 1.981 1.565 4.705 1674.729 1.023 860.557 0.007639438112122088 0.0 -1.0 -1.0
29.0 99.0 Car -1.0 -1.0 -1.0 -1.0 -1.0 -1.0 -1.0 1.73 1.562 4.084 1717.099 0.0 867.978 -3.043686987408738 1.0 -1.0 -1.0
29.0 3.0 Car -1.0 -1.0 -1.0 -1.0 -1.0 -1.0 -1.0 2.012 1.886 4.576 1734.295 1.039 868.164 -3.0892041723385804 0.0 -1.0 -1.0
29.0 1.0 Car -1.0 -1.0 -1.0 -1.0 -1.0 -1.0 -1.0 2.133 1.835 4.631 1704.069 0.991 839.668 1.0671406509925623 0.0 -1.0 -1.0
29.0 0.0 Car -1.0 -1.0 -1.0 -1.0 -1.0 -1.0 -1.0 1.981 1.565 4.705 1680.265 0.939 860.584 0.019274539714603023 0.0 -1.0 -1.0
30.0 99.0 Car -1.0 -1.0 -1.0 -1.0 -1.0 -1.0 -1.0 1.73 1.562 4.084 1713.904 0.0 867.679 -3.0520397795412486 1.0 -1.0 -1.0
30.0 3.0 Car -1.0 -1.0 -1.0 -1.0 -1.0 -1.0 -1.0 2.012 1.886 4.576 1730.762 1.051 867.976 -3.0779124771283786 0.0 -1.0 -1.0
30.0 1.0 Car -1.0 -1.0 -1.0 -1.0 -1.0 -1.0 -1.0 2.133 1.835 4.631 1704.781 1.023 840.822 1.0700493720770183 0.0 -1.0 -1.0
30.0 0.0 Car -1.0 -1.0 -1.0 -1.0 -1.0 -1.0 -1.0 1.981 1.565 4.705 1684.896 0.856 860.561 0.030909780978805257 0.0 -1.0 -1.0
31.0 99.0 Car -1.0 -1.0 -1.0 -1.0 -1.0 -1.0 -1.0 1.73 1.562 4.084 1710.734 0.0 867.466 -3.0747326931758314 1.0 -1.0 -1.0
31.0 3.0 Car -1.0 -1.0 -1.0 -1.0 -1.0 -1.0 -1.0 2.012 1.886 4.576 1727.215 1.064 867.713 -3.0695360271346153 0.0 -1.0 -1.0
31.0 1.0 Car -1.0 -1.0 -1.0 -1.0 -1.0 -1.0 -1.0 2.133 1.835 4.631 1705.389 1.055 842.086 1.0816852573424087 0.0 -1.0 -1.0
31.0 0.0 Car -1.0 -1.0 -1.0 -1.0 -1.0 -1.0 -1.0 1.981 1.565 4.705 1689.261 0.806 860.677 0.022187985191703726 0.0 -1.0 -1.0
32.0 99.0 Car -1.0 -1.0 -1.0 -1.0 -1.0 -1.0 -1.0 1.73 1.562 4.084 1707.488 0.0 867.315 -3.094712632267693 1.0 -1.0 -1.0
32.0 3.0 Car -1.0 -1.0 -1.0 -1.0 -1.0 -1.0 -1.0 2.012 1.886 4.576 1723.664 1.076 867.451 -3.0611502603110536 0.0 -1.0 -1.0
32.0 1.0 Car -1.0 -1.0 -1.0 -1.0 -1.0 -1.0 -1.0 2.133 1.835 4.631 1705.795 0.962 843.059 1.106337255360138 0.0 -1.0 -1.0
32.0 0.0 Car -1.0 -1.0 -1.0 -1.0 -1.0 -1.0 -1.0 1.981 1.565 4.705 1693.63 0.756 860.793 0.013456488458861937 0.0 -1.0 -1.0
33.0 99.0 Car -1.0 -1.0 -1.0 -1.0 -1.0 -1.0 -1.0 1.73 1.562 4.084 1704.251 0.0 867.196 -3.100901691777316 1.0 -1.0 -1.0
33.0 3.0 Car -1.0 -1.0 -1.0 -1.0 -1.0 -1.0 -1.0 2.012 1.886 4.576 1720.109 1.088 867.188 -3.052755394497239 0.0 -1.0 -1.0
33.0 1.0 Car -1.0 -1.0 -1.0 -1.0 -1.0 -1.0 -1.0 2.133 1.835 4.631 1706.493 0.869 844.319 1.1310349397934647 0.0 -1.0 -1.0
33.0 0.0 Car -1.0 -1.0 -1.0 -1.0 -1.0 -1.0 -1.0 1.981 1.565 4.705 1697.598 0.781 860.841 0.031528012911729464 0.0 -1.0 -1.0
34.0 99.0 Car -1.0 -1.0 -1.0 -1.0 -1.0 -1.0 -1.0 1.73 1.562 4.084 1701.262 0.0 867.127 -3.1132715395855364 1.0 -1.0 -1.0
34.0 3.0 Car -1.0 -1.0 -1.0 -1.0 -1.0 -1.0 -1.0 2.012 1.886 4.576 1716.887 1.059 866.933 -3.0771573229552045 0.0 -1.0 -1.0
34.0 1.0 Car -1.0 -1.0 -1.0 -1.0 -1.0 -1.0 -1.0 2.133 1.835 4.631 1707.022 1.003 845.511 1.1689517199421242 0.0 -1.0 -1.0
34.0 0.0 Car -1.0 -1.0 -1.0 -1.0 -1.0 -1.0 -1.0 1.981 1.565 4.705 1700.962 0.803 861.012 0.047784196496517106 0.0 -1.0 -1.0
35.0 99.0 Car -1.0 -1.0 -1.0 -1.0 -1.0 -1.0 -1.0 1.73 1.562 4.084 1697.975 0.0 867.085 -3.12302451377252 1.0 -1.0 -1.0
35.0 3.0 Car -1.0 -1.0 -1.0 -1.0 -1.0 -1.0 -1.0 2.012 1.886 4.576 1713.308 1.027 866.743 -3.1042251589160257 0.0 -1.0 -1.0
35.0 1.0 Car -1.0 -1.0 -1.0 -1.0 -1.0 -1.0 -1.0 2.133 1.835 4.631 1707.397 1.07 846.494 1.1864050124620682 0.0 -1.0 -1.0
35.0 0.0 Car -1.0 -1.0 -1.0 -1.0 -1.0 -1.0 -1.0 1.981 1.565 4.705 1704.695 0.828 861.203 0.06581636601869258 0.0 -1.0 -1.0
36.0 99.0 Car -1.0 -1.0 -1.0 -1.0 -1.0 -1.0 -1.0 1.73 1.562 4.084 1694.587 0.0 867.081 -3.1302173461961957 1.0 -1.0 -1.0
36.0 3.0 Car -1.0 -1.0 -1.0 -1.0 -1.0 -1.0 -1.0 2.012 1.886 4.576 1709.821 0.995 866.622 -3.1221343870478155 0.0 -1.0 -1.0
36.0 1.0 Car -1.0 -1.0 -1.0 -1.0 -1.0 -1.0 -1.0 2.133 1.835 4.631 1707.726 1.112 847.501 1.1864050124620682 0.0 -1.0 -1.0
36.0 0.0 Car -1.0 -1.0 -1.0 -1.0 -1.0 -1.0 -1.0 1.981 1.565 4.705 1708.043 0.853 861.476 0.1618678217679692 0.0 -1.0 -1.0
37.0 99.0 Car -1.0 -1.0 -1.0 -1.0 -1.0 -1.0 -1.0 1.73 1.562 4.084 1691.274 0.0 867.113 -3.1365477398875905 1.0 -1.0 -1.0
37.0 3.0 Car -1.0 -1.0 -1.0 -1.0 -1.0 -1.0 -1.0 2.012 1.886 4.576 1706.338 0.963 866.501 -3.1400218570969556 0.0 -1.0 -1.0
37.0 1.0 Car -1.0 -1.0 -1.0 -1.0 -1.0 -1.0 -1.0 2.133 1.835 4.631 1708.095 1.053 848.489 1.2038583049820117 0.0 -1.0 -1.0
37.0 0.0 Car -1.0 -1.0 -1.0 -1.0 -1.0 -1.0 -1.0 1.981 1.565 4.705 1711.345 0.878 862.068 0.2578025837380684 0.0 -1.0 -1.0
38.0 99.0 Car -1.0 -1.0 -1.0 -1.0 -1.0 -1.0 -1.0 1.73 1.562 4.084 1688.046 0.0 867.15 3.1381423791033978 1.0 -1.0 -1.0
38.0 3.0 Car -1.0 -1.0 -1.0 -1.0 -1.0 -1.0 -1.0 2.012 1.886 4.576 1702.726 0.919 866.544 -3.1400218570969556 0.0 -1.0 -1.0
38.0 1.0 Car -1.0 -1.0 -1.0 -1.0 -1.0 -1.0 -1.0 2.133 1.835 4.631 1708.48 1.003 849.446 1.2823550473016305 0.0 -1.0 -1.0
38.0 0.0 Car -1.0 -1.0 -1.0 -1.0 -1.0 -1.0 -1.0 1.981 1.565 4.705 1714.482 0.903 863.037 0.362474478835366 0.0 -1.0 -1.0
39.0 99.0 Car -1.0 -1.0 -1.0 -1.0 -1.0 -1.0 -1.0 1.73 1.562 4.084 1684.71 0.0 867.215 3.125402980582596 1.0 -1.0 -1.0
39.0 3.0 Car -1.0 -1.0 -1.0 -1.0 -1.0 -1.0 -1.0 2.012 1.886 4.576 1699.111 0.924 866.587 3.134432000343647 0.0 -1.0 -1.0
39.0 1.0 Car -1.0 -1.0 -1.0 -1.0 -1.0 -1.0 -1.0 2.133 1.835 4.631 1708.79 0.953 850.431 1.360937937661502 0.0 -1.0 -1.0
39.0 0.0 Car -1.0 -1.0 -1.0 -1.0 -1.0 -1.0 -1.0 1.981 1.565 4.705 1717.3 0.978 864.392 0.46724209397738825 0.0 -1.0 -1.0
