0.0 99.0 Car -1.0 -1.0 -1.0 -1.0 -1.0 -1.0 -1.0 1.73 1.562 4.084 696.482 0.0 1677.524 -2.054447604119026 1.0 -1.0 -1.0
0.0 3.0 Truck -1.0 -1.0 -1.0 -1.0 -1.0 -1.0 -1.0 3.392 3.841 8.739 719.955 2.863 1713.282 1.059502122355099 0.0 -1.0 -1.0
0.0 2.0 Car -1.0 -1.0 -1.0 -1.0 -1.0 -1.0 -1.0 1.985 1.734 4.93 702.224 0.94 1688.187 -2.0494686449219 0.0 -1.0 -1.0
1.0 99.0 Car -1.0 -1.0 -1.0 -1.0 -1.0 -1.0 -1.0 1.73 1.562 4.084 694.86 0.0 1674.554 -2.064562514625143 1.0 -1.0 -1.0
1.0 0.0 Car -1.0 -1.0 -1.0 -1.0 -1.0 -1.0 -1.0 2.244 2.313 5.718 669.645 1.369 1630.341 -2.0960880718558514 0.0 -1.0 -1.0
1.0 3.0 Truck -1.0 -1.0 -1.0 -1.0 -1.0 -1.0 -1.0 3.392 3.841 8.739 720.768 2.863 1714.59 1.0536809538944703 1.0 -1.0 -1.0
1.0 2.0 Car -1.0 -1.0 -1.0 -1.0 -1.0 -1.0 -1.0 1.985 1.734 4.93 700.591 0.957 1685.112 -2.0494686449219 1.0 -1.0 -1.0
2.0 99.0 Car -1.0 -1.0 -1.0 -1.0 -1.0 -1.0 -1.0 1.73 1.562 4.084 693.248 0.0 1671.685 -2.075001192873756 1.0 -1.0 -1.0
2.0 0.0 Car -1.0 -1.0 -1.0 -1.0 -1.0 -1.0 -1.0 2.244 2.313 5.718 669.386 1.328 1630.025 -2.0902661039471995 1.0 -1.0 -1.0
2.0 3.0 Truck -1.0 -1.0 -1.0 -1.0 -1.0 -1.0 -1.0 3.392 3.841 8.739 721.581 2.863 1715.898 1.0478599831771818 1.0 -1.0 -1.0
2.0 2.0 Car -1.0 -1.0 -1.0 -1.0 -1.0 -1.0 -1.0 1.985 1.734 4.93 698.959 0.973 1682.036 -2.0494686449219 1.0 -1.0 -1.0
3.0 99.0 Car -1.0 -1.0 -1.0 -1.0 -1.0 -1.0 -1.0 1.73 1.562 4.084 691.617 0.0 1668.839 -2.0849910362043746 1.0 -1.0 -1.0
3.0 0.0 Car -1.0 -1.0 -1.0 -1.0 -1.0 -1.0 -1.0 2.244 2.313 5.718 669.128 1.286 1629.709 -2.0844503136680608 1.0 -1.0 -1.0
3.0 3.0 Truck -1.0 -1.0 -1.0 -1.0 -1.0 -1.0 -1.0 3.392 3.841 8.739 722.392 2.863 1717.205 1.0420451890312967 0.0 -1.0 -1.0
3.0 2.0 Car -1.0 -1.0 -1.0 -1.0 -1.0 -1.0 -1.0 1.985 1.734 4.93 697.328 0.99 1678.964 -2.0494686449219 1.0 -1.0 -1.0
4.0 99.0 Car -1.0 -1.0 -1.0 -1.0 -1.0 -1.0 -1.0 1.73 1.562 4.084 689.972 0.0 1666.046 -2.0934964475341498 1.0 -1.0 -1.0
4.0 0.0 Car -1.0 -1.0 -1.0 -1.0 -1.0 -1.0 -1.0 2.244 2.313 5.718 668.869 1.244 1629.393 -2.0786349538452153 1.0 -1.0 -1.0
4.0 3.0 Truck -1.0 -1.0 -1.0 -1.0 -1.0 -1.0 -1.0 3.392 3.841 8.739 723.204 2.863 1718.511 1.0362308252679764 0.0 -1.0 -1.0
4.0 2.0 Car -1.0 -1.0 -1.0 -1.0 -1.0 -1.0 -1.0 1.985 1.734 4.93 695.688 0.966 1675.998 -2.0494686449219 1.0 -1.0 -1.0
5.0 99.0 Car -1.0 -1.0 -1.0 -1.0 -1.0 -1.0 -1.0 1.73 1.562 4.084 688.305 0.0 1663.252 -2.098834340312857 1.0 -1.0 -1.0
5.0 0.0 Car -1.0 -1.0 -1.0 -1.0 -1.0 -1.0 -1.0 2.244 2.313 5.718 668.611 1.203 1629.077 -2.072812927766796 1.0 -1.0 -1.0
5.0 3.0 Truck -1.0 -1.0 -1.0 -1.0 -1.0 -1.0 -1.0 3.392 3.841 8.739 723.948 2.863 1719.703 1.0304097963908818 0.0 -1.0 -1.0
5.0 2.0 Car -1.0 -1.0 -1.0 -1.0 -1.0 -1.0 -1.0 1.985 1.734 4.93 694.047 0.943 1673.029 -2.0494686449219 1.0 -1.0 -1.0
6.0 99.0 Car -1.0 -1.0 -1.0 -1.0 -1.0 -1.0 -1.0 1.73 1.562 4.084 686.654 0.0 1660.471 -2.091998060203147 1.0 -1.0 -1.0
6.0 0.0 Car -1.0 -1.0 -1.0 -1.0 -1.0 -1.0 -1.0 2.244 2.313 5.718 668.352 1.161 1628.761 -2.066997672649535 1.0 -1.0 -1.0
6.0 3.0 Truck -1.0 -1.0 -1.0 -1.0 -1.0 -1.0 -1.0 3.392 3.841 8.739 724.69 2.863 1720.893 1.0245955373152127 0.0 -1.0 -1.0
6.0 2.0 Car -1.0 -1.0 -1.0 -1.0 -1.0 -1.0 -1.0 1.985 1.734 4.93 692.408 0.92 1670.063 -2.0494686449219 1.0 -1.0 -1.0
7.0 99.0 Car -1.0 -1.0 -1.0 -1.0 -1.0 -1.0 -1.0 1.73 1.562 4.084 685.08 0.0 1657.765 -2.0849596165891033 1.0 -1.0 -1.0
7.0 0.0 Car -1.0 -1.0 -1.0 -1.0 -1.0 -1.0 -1.0 2.244 2.313 5.718 668.094 1.119 1628.445 -2.0611814868159652 1.0 -1.0 -1.0
7.0 3.0 Truck -1.0 -1.0 -1.0 -1.0 -1.0 -1.0 -1.0 3.392 3.841 8.739 725.365 2.863 1721.977 1.0245955373152127 0.0 -1.0 -1.0
7.0 2.0 Car -1.0 -1.0 -1.0 -1.0 -1.0 -1.0 -1.0 1.985 1.734 4.93 690.851 0.924 1667.253 -2.0538324568653024 1.0 -1.0 -1.0
8.0 99.0 Car -1.0 -1.0 -1.0 -1.0 -1.0 -1.0 -1.0 1.73 1.562 4.084 683.571 0.0 1655.141 -2.080116366562805 1.0 -1.0 -1.0
8.0 0.0 Car -1.0 -1.0 -1.0 -1.0 -1.0 -1.0 -1.0 2.244 2.313 5.718 667.862 1.128 1627.962 -2.064089722113525 1.0 -1.0 -1.0
8.0 3.0 Truck -1.0 -1.0 -1.0 -1.0 -1.0 -1.0 -1.0 3.392 3.841 8.739 726.039 2.863 1723.06 1.0245955373152127 0.0 -1.0 -1.0
8.0 2.0 Car -1.0 -1.0 -1.0 -1.0 -1.0 -1.0 -1.0 1.985 1.734 4.93 689.295 0.929 1664.443 -2.0581955705038237 1.0 -1.0 -1.0
9.0 99.0 Car -1.0 -1.0 -1.0 -1.0 -1.0 -1.0 -1.0 1.73 1.562 4.084 682.152 0.0 1652.666 -2.079479006937431 1.0 -1.0 -1.0
9.0 0.0 Car -1.0 -1.0 -1.0 -1.0 -1.0 -1.0 -1.0 2.244 2.313 5.718 667.63 1.136 1627.478 -2.0669979050473497 1.0 -1.0 -1.0
9.0 3.0 Truck -1.0 -1.0 -1.0 -1.0 -1.0 -1.0 -1.0 3.392 3.841 8.739 726.713 2.863 1724.143 1.0245955373152127 0.0 -1.0 -1.0
9.0 2.0 Car -1.0 -1.0 -1.0 -1.0 -1.0 -1.0 -1.0 1.985 1.734 4.93 687.74 0.933 1661.709 -2.062558605583046 1.0 -1.0 -1.0
10.0 99.0 Car -1.0 -1.0 -1.0 -1.0 -1.0 -1.0 -1.0 1.73 1.562 4.084 680.778 0.0 1650.244 -2.0760109554920616 1.0 -1.0 -1.0
10.0 0.0 Car -1.0 -1.0 -1.0 -1.0 -1.0 -1.0 -1.0 2.244 2.313 5.718 667.399 1.144 1626.995 -2.0699062857997284 1.0 -1.0 -1.0
10.0 3.0 Truck -1.0 -1.0 -1.0 -1.0 -1.0 -1.0 -1.0 3.392 3.841 8.739 727.387 2.863 1725.227 1.0245955373152127 0.0 -1.0 -1.0
10.0 2.0 Car -1.0 -1.0 -1.0 -1.0 -1.0 -1.0 -1.0 1.985 1.734 4.93 686.185 0.937 1658.975 -2.0669219374418435 1.0 -1.0 -1.0
11.0 99.0 Car -1.0 -1.0 -1.0 -1.0 -1.0 -1.0 -1.0 1.73 1.562 4.084 679.446 0.0 1647.866 -2.066956730808558 1.0 -1.0 -1.0
11.0 0.0 Car -1.0 -1.0 -1.0 -1.0 -1.0 -1.0 -1.0 2.244 2.313 5.718 667.028 1.153 1626.31 -2.072814684006686 1.0 -1.0 -1.0
11.0 3.0 Truck -1.0 -1.0 -1.0 -1.0 -1.0 -1.0 -1.0 3.392 3.841 8.739 728.061 2.863 1726.31 1.0245955373152127 0.0 -1.0 -1.0
11.0 2.0 Car -1.0 -1.0 -1.0 -1.0 -1.0 -1.0 -1.0 1.985 1.734 4.93 684.777 0.941 1656.49 -2.062559831631536 1.0 -1.0 -1.0
12.0 99.0 Car -1.0 -1.0 -1.0 -1.0 -1.0 -1.0 -1.0 1.73 1.562 4.084 678.173 0.0 1645.536 -2.0599222841457694 1.0 -1.0 -1.0
12.0 0.0 Car -1.0 -1.0 -1.0 -1.0 -1.0 -1.0 -1.0 2.244 2.313 5.718 666.656 1.161 1625.625 -2.075723029849909 1.0 -1.0 -1.0
12.0 3.0 Truck -1.0 -1.0 -1.0 -1.0 -1.0 -1.0 -1.0 3.392 3.841 8.739 728.735 2.863 1727.394 1.0245955373152127 0.0 -1.0 -1.0
12.0 2.0 Car -1.0 -1.0 -1.0 -1.0 -1.0 -1.0 -1.0 1.985 1.734 4.93 683.37 0.945 1654.004 -2.0581978043579814 1.0 -1.0 -1.0
13.0 99.0 Car -1.0 -1.0 -1.0 -1.0 -1.0 -1.0 -1.0 1.73 1.562 4.084 676.947 0.0 1643.275 -2.058943609740696 1.0 -1.0 -1.0
13.0 0.0 Car -1.0 -1.0 -1.0 -1.0 -1.0 -1.0 -1.0 2.244 2.313 5.718 666.229 1.169 1624.838 -2.078634779335908 1.0 -1.0 -1.0
13.0 3.0 Truck -1.0 -1.0 -1.0 -1.0 -1.0 -1.0 -1.0 3.392 3.841 8.739 729.457 2.863 1728.731 1.0245955373152127 0.0 -1.0 -1.0
13.0 2.0 Car -1.0 -1.0 -1.0 -1.0 -1.0 -1.0 -1.0 1.985 1.734 4.93 682.124 0.949 1651.679 -2.0538306721954545 1.0 -1.0 -1.0
14.0 99.0 Car -1.0 -1.0 -1.0 -1.0 -1.0 -1.0 -1.0 1.73 1.562 4.084 675.804 0.0 1641.179 -2.06218448109748 1.0 -1.0 -1.0
14.0 0.0 Car -1.0 -1.0 -1.0 -1.0 -1.0 -1.0 -1.0 2.244 2.313 5.718 665.752 1.153 1623.991 -2.078634779335908 1.0 -1.0 -1.0
14.0 3.0 Truck -1.0 -1.0 -1.0 -1.0 -1.0 -1.0 -1.0 3.392 3.841 8.739 730.179 2.863 1730.067 1.0245955373152127 0.0 -1.0 -1.0
14.0 2.0 Car -1.0 -1.0 -1.0 -1.0 -1.0 -1.0 -1.0 1.985 1.734 4.93 680.879 0.953 1649.356 -2.0494686449219 1.0 -1.0 -1.0
15.0 99.0 Car -1.0 -1.0 -1.0 -1.0 -1.0 -1.0 -1.0 1.73 1.562 4.084 674.711 0.0 1639.175 -2.066273442560587 1.0 -1.0 -1.0
15.0 0.0 Car -1.0 -1.0 -1.0 -1.0 -1.0 -1.0 -1.0 2.244 2.313 5.718 665.275 1.136 1623.144 -2.078634779335908 1.0 -1.0 -1.0
15.0 2.0 Car -1.0 -1.0 -1.0 -1.0 -1.0 -1.0 -1.0 1.985 1.734 4.93 679.666 0.907 1647.104 -2.0516503626788243 1.0 -1.0 -1.0
16.0 99.0 Car -1.0 -1.0 -1.0 -1.0 -1.0 -1.0 -1.0 1.73 1.562 4.084 673.715 0.0 1637.389 -2.072282582276741 1.0 -1.0 -1.0
16.0 0.0 Car -1.0 -1.0 -1.0 -1.0 -1.0 -1.0 -1.0 2.244 2.313 5.718 664.741 1.119 1622.196 -2.078634779335908 1.0 -1.0 -1.0
16.0 2.0 Car -1.0 -1.0 -1.0 -1.0 -1.0 -1.0 -1.0 1.985 1.734 4.93 678.532 0.912 1645.002 -2.053831958231936 1.0 -1.0 -1.0
17.0 99.0 Car -1.0 -1.0 -1.0 -1.0 -1.0 -1.0 -1.0 1.73 1.562 4.084 672.726 0.0 1635.634 -2.074843909700356 1.0 -1.0 -1.0
17.0 0.0 Car -1.0 -1.0 -1.0 -1.0 -1.0 -1.0 -1.0 2.244 2.313 5.718 664.221 1.103 1621.271 -2.0786347793359092 1.0 -1.0 -1.0
17.0 2.0 Car -1.0 -1.0 -1.0 -1.0 -1.0 -1.0 -1.0 1.985 1.734 4.93 677.429 0.916 1642.96 -2.056013758912876 1.0 -1.0 -1.0
18.0 99.0 Car -1.0 -1.0 -1.0 -1.0 -1.0 -1.0 -1.0 1.73 1.562 4.084 671.824 0.0 1634.042 -2.077299836336247 1.0 -1.0 -1.0
18.0 0.0 Car -1.0 -1.0 -1.0 -1.0 -1.0 -1.0 -1.0 2.244 2.313 5.718 663.7 1.086 1620.345 -2.0786347793359092 1.0 -1.0 -1.0
18.0 2.0 Car -1.0 -1.0 -1.0 -1.0 -1.0 -1.0 -1.0 1.985 1.734 4.93 676.452 0.87 1641.158 -2.0581952933640824 1.0 -1.0 -1.0
19.0 99.0 Car -1.0 -1.0 -1.0 -1.0 -1.0 -1.0 -1.0 1.73 1.562 4.084 670.985 0.0 1632.566 -2.0776877004036396 1.0 -1.0 -1.0
19.0 0.0 Car -1.0 -1.0 -1.0 -1.0 -1.0 -1.0 -1.0 2.244 2.313 5.718 663.178 1.069 1619.419 -2.0786347793359092 1.0 -1.0 -1.0
19.0 2.0 Car -1.0 -1.0 -1.0 -1.0 -1.0 -1.0 -1.0 1.985 1.734 4.93 675.571 0.899 1639.534 -2.0603793635443957 1.0 -1.0 -1.0
20.0 99.0 Car -1.0 -1.0 -1.0 -1.0 -1.0 -1.0 -1.0 1.73 1.562 4.084 670.159 0.0 1631.116 -2.0775900243888783 1.0 -1.0 -1.0
20.0 0.0 Car -1.0 -1.0 -1.0 -1.0 -1.0 -1.0 -1.0 2.244 2.313 5.718 662.764 1.053 1618.725 -2.0786347793359092 1.0 -1.0 -1.0
20.0 2.0 Car -1.0 -1.0 -1.0 -1.0 -1.0 -1.0 -1.0 1.985 1.734 4.93 674.69 0.928 1637.912 -2.062561186047446 1.0 -1.0 -1.0
21.0 99.0 Car -1.0 -1.0 -1.0 -1.0 -1.0 -1.0 -1.0 1.73 1.562 4.084 669.34 0.0 1629.665 -2.075078404967482 1.0 -1.0 -1.0
21.0 0.0 Car -1.0 -1.0 -1.0 -1.0 -1.0 -1.0 -1.0 2.244 2.313 5.718 662.35 1.036 1618.031 -2.0786347793359092 1.0 -1.0 -1.0
21.0 2.0 Car -1.0 -1.0 -1.0 -1.0 -1.0 -1.0 -1.0 1.985 1.734 4.93 673.882 0.882 1636.424 -2.0647428165159334 1.0 -1.0 -1.0
22.0 99.0 Car -1.0 -1.0 -1.0 -1.0 -1.0 -1.0 -1.0 1.73 1.562 4.084 668.599 0.0 1628.347 -2.0744241114872506 1.0 -1.0 -1.0
22.0 0.0 Car -1.0 -1.0 -1.0 -1.0 -1.0 -1.0 -1.0 2.244 2.313 5.718 662.105 1.019 1617.641 -2.0786347793359092 1.0 -1.0 -1.0
22.0 2.0 Car -1.0 -1.0 -1.0 -1.0 -1.0 -1.0 -1.0 1.985 1.734 4.93 673.075 0.886 1634.938 -2.0669219374418435 1.0 -1.0 -1.0
23.0 99.0 Car -1.0 -1.0 -1.0 -1.0 -1.0 -1.0 -1.0 1.73 1.562 4.084 668.038 0.0 1627.369 -2.075179508163162 1.0 -1.0 -1.0
23.0 0.0 Car -1.0 -1.0 -1.0 -1.0 -1.0 -1.0 -1.0 2.244 2.313 5.718 661.86 1.003 1617.25 -2.0786347793359092 1.0 -1.0 -1.0
23.0 2.0 Car -1.0 -1.0 -1.0 -1.0 -1.0 -1.0 -1.0 1.985 1.734 4.93 672.396 0.837 1633.686 -2.069089051836248 1.0 -1.0 -1.0
24.0 99.0 Car -1.0 -1.0 -1.0 -1.0 -1.0 -1.0 -1.0 1.73 1.562 4.084 667.586 0.0 1626.578 -2.0748255082175864 1.0 -1.0 -1.0
24.0 0.0 Car -1.0 -1.0 -1.0 -1.0 -1.0 -1.0 -1.0 2.244 2.313 5.718 661.676 0.986 1616.969 -2.0786347793359092 1.0 -1.0 -1.0
24.0 1.0 Car -1.0 -1.0 -1.0 -1.0 -1.0 -1.0 -1.0 2.001 1.754 4.938 669.402 0.928 1598.702 2.436785010613355 0.0 -1.0 -1.0
24.0 2.0 Car -1.0 -1.0 -1.0 -1.0 -1.0 -1.0 -1.0 1.985 1.734 4.93 671.717 0.889 1632.434 -2.071256127212761 1.0 -1.0 -1.0
25.0 99.0 Car -1.0 -1.0 -1.0 -1.0 -1.0 -1.0 -1.0 1.73 1.562 4.084 667.227 0.0 1625.959 -2.0747266458221754 1.0 -1.0 -1.0
25.0 0.0 Car -1.0 -1.0 -1.0 -1.0 -1.0 -1.0 -1.0 2.244 2.313 5.718 661.491 0.969 1616.687 -2.0786347793359092 1.0 -1.0 -1.0
25.0 1.0 Car -1.0 -1.0 -1.0 -1.0 -1.0 -1.0 -1.0 2.001 1.754 4.938 667.417 0.928 1600.546 2.436785010613355 1.0 -1.0 -1.0
25.0 2.0 Car -1.0 -1.0 -1.0 -1.0 -1.0 -1.0 -1.0 1.985 1.734 4.93 671.158 0.89 1631.463 -2.073429263368438 1.0 -1.0 -1.0
26.0 99.0 Car -1.0 -1.0 -1.0 -1.0 -1.0 -1.0 -1.0 1.73 1.562 4.084 666.917 0.0 1625.42 -2.0757329542687097 1.0 -1.0 -1.0
26.0 0.0 Car -1.0 -1.0 -1.0 -1.0 -1.0 -1.0 -1.0 2.244 2.313 5.718 661.307 0.953 1616.406 -2.0786347793359092 1.0 -1.0 -1.0
26.0 1.0 Car -1.0 -1.0 -1.0 -1.0 -1.0 -1.0 -1.0 2.001 1.754 4.938 665.443 0.928 1602.381 2.436785010613355 1.0 -1.0 -1.0
26.0 2.0 Car -1.0 -1.0 -1.0 -1.0 -1.0 -1.0 -1.0 1.985 1.734 4.93 670.797 0.891 1630.852 -2.0755904730552466 1.0 -1.0 -1.0
27.0 99.0 Car -1.0 -1.0 -1.0 -1.0 -1.0 -1.0 -1.0 1.73 1.562 4.084 666.685 0.0 1625.02 -2.0753207545318113 1.0 -1.0 -1.0
27.0 0.0 Car -1.0 -1.0 -1.0 -1.0 -1.0 -1.0 -1.0 2.244 2.313 5.718 661.123 0.936 1616.125 -2.0786347793359092 1.0 -1.0 -1.0
27.0 1.0 Car -1.0 -1.0 -1.0 -1.0 -1.0 -1.0 -1.0 2.001 1.754 4.938 663.277 0.928 1604.29 2.436785010613355 1.0 -1.0 -1.0
27.0 2.0 Car -1.0 -1.0 -1.0 -1.0 -1.0 -1.0 -1.0 1.985 1.734 4.93 670.461 0.892 1630.283 -2.077757522419832 1.0 -1.0 -1.0
28.0 99.0 Car -1.0 -1.0 -1.0 -1.0 -1.0 -1.0 -1.0 1.73 1.562 4.084 666.515 0.0 1624.738 -2.0766613397680698 1.0 -1.0 -1.0
28.0 0.0 Car -1.0 -1.0 -1.0 -1.0 -1.0 -1.0 -1.0 2.244 2.313 5.718 660.746 0.919 1615.498 -2.0786347793359092 0.0 -1.0 -1.0
28.0 1.0 Car -1.0 -1.0 -1.0 -1.0 -1.0 -1.0 -1.0 2.001 1.754 4.938 660.85 0.928 1606.421 2.436785010613355 0.0 -1.0 -1.0
28.0 2.0 Car -1.0 -1.0 -1.0 -1.0 -1.0 -1.0 -1.0 1.985 1.734 4.93 670.163 0.893 1629.759 -2.0799270949414095 0.0 -1.0 -1.0
29.0 99.0 Car -1.0 -1.0 -1.0 -1.0 -1.0 -1.0 -1.0 1.73 1.562 4.084 666.434 0.0 1624.616 -2.077140213562616 1.0 -1.0 -1.0
29.0 0.0 Car -1.0 -1.0 -1.0 -1.0 -1.0 -1.0 -1.0 2.244 2.313 5.718 660.369 0.903 1614.871 -2.0786347793359092 0.0 -1.0 -1.0
29.0 1.0 Car -1.0 -1.0 -1.0 -1.0 -1.0 -1.0 -1.0 2.001 1.754 4.938 658.345 0.928 1608.619 2.436785010613355 0.0 -1.0 -1.0
29.0 2.0 Car -1.0 -1.0 -1.0 -1.0 -1.0 -1.0 -1.0 1.985 1.734 4.93 669.939 0.894 1629.369 -2.0820966414510576 0.0 -1.0 -1.0
30.0 99.0 Car -1.0 -1.0 -1.0 -1.0 -1.0 -1.0 -1.0 1.73 1.562 4.084 666.424 0.0 1624.619 -2.0773599433811833 1.0 -1.0 -1.0
30.0 0.0 Car -1.0 -1.0 -1.0 -1.0 -1.0 -1.0 -1.0 2.244 2.313 5.718 660.082 0.919 1614.289 -2.003028648953578 0.0 -1.0 -1.0
30.0 1.0 Car -1.0 -1.0 -1.0 -1.0 -1.0 -1.0 -1.0 2.001 1.754 4.938 655.791 0.928 1610.858 2.436785010613355 0.0 -1.0 -1.0
30.0 2.0 Car -1.0 -1.0 -1.0 -1.0 -1.0 -1.0 -1.0 1.985 1.734 4.93 669.716 0.895 1628.979 -2.084263859893174 0.0 -1.0 -1.0
31.0 99.0 Car -1.0 -1.0 -1.0 -1.0 -1.0 -1.0 -1.0 1.73 1.562 4.084 666.42 0.0 1624.629 -2.077502927232943 1.0 -1.0 -1.0
31.0 0.0 Car -1.0 -1.0 -1.0 -1.0 -1.0 -1.0 -1.0 2.244 2.313 5.718 659.839 0.936 1613.687 -1.9273444771242372 0.0 -1.0 -1.0
31.0 1.0 Car -1.0 -1.0 -1.0 -1.0 -1.0 -1.0 -1.0 2.001 1.754 4.938 653.235 0.928 1613.099 2.436785010613355 0.0 -1.0 -1.0
31.0 2.0 Car -1.0 -1.0 -1.0 -1.0 -1.0 -1.0 -1.0 1.985 1.734 4.93 669.621 0.896 1628.815 -2.0864333153610746 0.0 -1.0 -1.0
32.0 99.0 Car -1.0 -1.0 -1.0 -1.0 -1.0 -1.0 -1.0 1.73 1.562 4.084 666.414 0.0 1624.632 -2.077493009244985 1.0 -1.0 -1.0
32.0 0.0 Car -1.0 -1.0 -1.0 -1.0 -1.0 -1.0 -1.0 2.244 2.313 5.718 659.642 0.953 1613.069 -1.8517419765766499 0.0 -1.0 -1.0
32.0 1.0 Car -1.0 -1.0 -1.0 -1.0 -1.0 -1.0 -1.0 2.001 1.754 4.938 650.397 0.928 1615.58 2.436785010613355 0.0 -1.0 -1.0
32.0 2.0 Car -1.0 -1.0 -1.0 -1.0 -1.0 -1.0 -1.0 1.985 1.734 4.93 669.525 0.897 1628.651 -2.08860042975548 0.0 -1.0 -1.0
33.0 99.0 Car -1.0 -1.0 -1.0 -1.0 -1.0 -1.0 -1.0 1.73 1.562 4.084 666.398 0.0 1624.613 -2.0774888298733987 1.0 -1.0 -1.0
33.0 0.0 Car -1.0 -1.0 -1.0 -1.0 -1.0 -1.0 -1.0 2.244 2.313 5.718 659.555 1.023 1612.372 -1.7945054340563509 0.0 -1.0 -1.0
33.0 1.0 Car -1.0 -1.0 -1.0 -1.0 -1.0 -1.0 -1.0 2.001 1.754 4.938 647.431 1.007 1618.137 2.436785010613355 0.0 -1.0 -1.0
33.0 2.0 Car -1.0 -1.0 -1.0 -1.0 -1.0 -1.0 -1.0 1.985 1.734 4.93 669.526 0.898 1628.646 -2.0907675528205267 0.0 -1.0 -1.0
34.0 99.0 Car -1.0 -1.0 -1.0 -1.0 -1.0 -1.0 -1.0 1.73 1.562 4.084 666.267 0.0 1624.383 -2.0800226501532055 1.0 -1.0 -1.0
34.0 0.0 Car -1.0 -1.0 -1.0 -1.0 -1.0 -1.0 -1.0 2.244 2.313 5.718 659.45 1.093 1611.361 -1.7372072897390558 0.0 -1.0 -1.0
34.0 1.0 Car -1.0 -1.0 -1.0 -1.0 -1.0 -1.0 -1.0 2.001 1.754 4.938 644.463 1.085 1620.696 2.436785010613355 0.0 -1.0 -1.0
34.0 2.0 Car -1.0 -1.0 -1.0 -1.0 -1.0 -1.0 -1.0 1.985 1.734 4.93 669.527 0.899 1628.641 -2.0929370082884287 0.0 -1.0 -1.0
35.0 99.0 Car -1.0 -1.0 -1.0 -1.0 -1.0 -1.0 -1.0 1.73 1.562 4.084 665.89 0.0 1623.732 -2.0951153327842293 1.0 -1.0 -1.0
35.0 0.0 Car -1.0 -1.0 -1.0 -1.0 -1.0 -1.0 -1.0 2.244 2.313 5.718 659.307 1.117 1609.683 -1.5805037041414238 0.0 -1.0 -1.0
35.0 1.0 Car -1.0 -1.0 -1.0 -1.0 -1.0 -1.0 -1.0 2.001 1.754 4.938 641.2 1.172 1623.511 2.436785010613355 0.0 -1.0 -1.0
35.0 2.0 Car -1.0 -1.0 -1.0 -1.0 -1.0 -1.0 -1.0 1.985 1.734 4.93 669.398 0.9 1628.407 -2.095322367091882 0.0 -1.0 -1.0
36.0 99.0 Car -1.0 -1.0 -1.0 -1.0 -1.0 -1.0 -1.0 1.73 1.562 4.084 665.325 0.0 1622.797 -2.1214008381401412 1.0 -1.0 -1.0
36.0 0.0 Car -1.0 -1.0 -1.0 -1.0 -1.0 -1.0 -1.0 2.244 2.313 5.718 659.442 1.138 1607.555 -1.4379853651980297 0.0 -1.0 -1.0
36.0 1.0 Car -1.0 -1.0 -1.0 -1.0 -1.0 -1.0 -1.0 2.001 1.754 4.938 638.231 1.251 1626.071 2.436785010613355 0.0 -1.0 -1.0
36.0 2.0 Car -1.0 -1.0 -1.0 -1.0 -1.0 -1.0 -1.0 1.985 1.734 4.93 669.182 0.901 1628.027 -2.097491796547856 0.0 -1.0 -1.0
37.0 99.0 Car -1.0 -1.0 -1.0 -1.0 -1.0 -1.0 -1.0 1.73 1.562 4.084 664.556 0.0 1621.609 -2.1572603801561274 1.0 -1.0 -1.0
37.0 0.0 Car -1.0 -1.0 -1.0 -1.0 -1.0 -1.0 -1.0 2.244 2.313 5.718 660.187 1.183 1605.098 -1.2856088695654324 0.0 -1.0 -1.0
37.0 1.0 Car -1.0 -1.0 -1.0 -1.0 -1.0 -1.0 -1.0 2.001 1.754 4.938 635.263 1.329 1628.63 2.436785010613355 0.0 -1.0 -1.0
37.0 2.0 Car -1.0 -1.0 -1.0 -1.0 -1.0 -1.0 -1.0 1.985 1.734 4.93 668.868 0.902 1627.469 -2.099661382075397 0.0 -1.0 -1.0
38.0 99.0 Car -1.0 -1.0 -1.0 -1.0 -1.0 -1.0 -1.0 1.73 1.562 4.084 663.643 0.0 1620.305 -2.188238423582887 1.0 -1.0 -1.0
38.0 0.0 Car -1.0 -1.0 -1.0 -1.0 -1.0 -1.0 -1.0 2.244 2.313 5.718 661.461 1.229 1602.345 -1.1334041021252743 0.0 -1.0 -1.0
38.0 1.0 Car -1.0 -1.0 -1.0 -1.0 -1.0 -1.0 -1.0 2.001 1.754 4.938 632.298 1.408 1631.187 2.436785010613355 0.0 -1.0 -1.0
38.0 2.0 Car -1.0 -1.0 -1.0 -1.0 -1.0 -1.0 -1.0 1.985 1.734 4.93 668.416 0.953 1626.678 -2.1018285224817292 0.0 -1.0 -1.0
39.0 99.0 Car -1.0 -1.0 -1.0 -1.0 -1.0 -1.0 -1.0 1.73 1.562 4.084 662.828 0.0 1619.209 -2.205734553112373 1.0 -1.0 -1.0
39.0 0.0 Car -1.0 -1.0 -1.0 -1.0 -1.0 -1.0 -1.0 2.244 2.313 5.718 663.11 1.269 1599.806 -0.9965306430994288 0.0 -1.0 -1.0
39.0 1.0 Car -1.0 -1.0 -1.0 -1.0 -1.0 -1.0 -1.0 2.001 1.754 4.938 629.632 1.478 1633.487 2.436785010613355 0.0 -1.0 -1.0
39.0 2.0 Car -1.0 -1.0 -1.0 -1.0 -1.0 -1.0 -1.0 1.985 1.734 4.93 668.01 0.954 1625.967 -2.1018285224817292 0.0 -1.0 -1.0
