0.0 99.0 Car -1.0 -1.0 -1.0 -1.0 -1.0 -1.0 -1.0 1.73 1.562 4.084 537.798 0.0 761.083 2.4883232537518283 1.0 -1.0 -1.0
0.0 3.0 Car -1.0 -1.0 -1.0 -1.0 -1.0 -1.0 -1.0 2.614 2.57 7.508 477.421 1.717 800.214 -0.4788834399895103 0.0 -1.0 -1.0
0.0 2.0 Car -1.0 -1.0 -1.0 -1.0 -1.0 -1.0 -1.0 2.09 2.0 4.986 561.303 1.243 747.929 -2.989626835620769 0.0 -1.0 -1.0
1.0 99.0 Car -1.0 -1.0 -1.0 -1.0 -1.0 -1.0 -1.0 1.73 1.562 4.084 535.342 0.0 762.989 2.4911024713550933 1.0 -1.0 -1.0
1.0 3.0 Car -1.0 -1.0 -1.0 -1.0 -1.0 -1.0 -1.0 2.614 2.57 7.508 482.829 1.607 797.066 -0.5661499025892259 1.0 -1.0 -1.0
1.0 2.0 Car -1.0 -1.0 -1.0 -1.0 -1.0 -1.0 -1.0 2.09 2.0 4.986 559.296 1.493 747.928 -3.1292531757803155 1.0 -1.0 -1.0
2.0 99.0 Car -1.0 -1.0 -1.0 -1.0 -1.0 -1.0 -1.0 1.73 1.562 4.084 532.627 0.0 765.072 2.490950285237496 1.0 -1.0 -1.0
2.0 3.0 Car -1.0 -1.0 -1.0 -1.0 -1.0 -1.0 -1.0 2.614 2.57 7.508 487.569 1.392 793.718 -0.6126920159757407 1.0 -1.0 -1.0
2.0 2.0 Car -1.0 -1.0 -1.0 -1.0 -1.0 -1.0 -1.0 2.09 2.0 4.986 556.516 1.743 748.499 2.8921327436001216 1.0 -1.0 -1.0
3.0 99.0 Car -1.0 -1.0 -1.0 -1.0 -1.0 -1.0 -1.0 1.73 1.562 4.084 529.994 0.0 767.133 2.489710724926526 1.0 -1.0 -1.0
3.0 3.0 Car -1.0 -1.0 -1.0 -1.0 -1.0 -1.0 -1.0 2.614 2.57 7.508 492.191 1.402 790.217 -0.6592341293622558 1.0 -1.0 -1.0
3.0 2.0 Car -1.0 -1.0 -1.0 -1.0 -1.0 -1.0 -1.0 2.09 2.0 4.986 553.546 1.393 750.031 2.804866281000405 1.0 -1.0 -1.0
4.0 99.0 Car -1.0 -1.0 -1.0 -1.0 -1.0 -1.0 -1.0 1.73 1.562 4.084 527.295 0.0 769.221 2.485711006006196 1.0 -1.0 -1.0
4.0 3.0 Car -1.0 -1.0 -1.0 -1.0 -1.0 -1.0 -1.0 2.614 2.57 7.508 496.743 1.412 786.625 -0.6708696577088844 1.0 -1.0 -1.0
4.0 2.0 Car -1.0 -1.0 -1.0 -1.0 -1.0 -1.0 -1.0 2.09 2.0 4.986 550.027 1.043 751.636 2.595426770761085 1.0 -1.0 -1.0
5.0 99.0 Car -1.0 -1.0 -1.0 -1.0 -1.0 -1.0 -1.0 1.73 1.562 4.084 524.437 0.0 771.427 2.483761745145956 1.0 -1.0 -1.0
5.0 3.0 Car -1.0 -1.0 -1.0 -1.0 -1.0 -1.0 -1.0 2.614 2.57 7.508 500.481 1.248 783.605 -0.6883229502288275 1.0 -1.0 -1.0
5.0 2.0 Car -1.0 -1.0 -1.0 -1.0 -1.0 -1.0 -1.0 2.09 2.0 4.986 546.311 1.193 754.042 2.5605201857211988 1.0 -1.0 -1.0
6.0 99.0 Car -1.0 -1.0 -1.0 -1.0 -1.0 -1.0 -1.0 1.73 1.562 4.084 521.417 0.0 773.778 2.4820168050326026 1.0 -1.0 -1.0
6.0 3.0 Car -1.0 -1.0 -1.0 -1.0 -1.0 -1.0 -1.0 2.614 2.57 7.508 504.141 1.383 780.651 -0.7057762427487706 1.0 -1.0 -1.0
6.0 2.0 Car -1.0 -1.0 -1.0 -1.0 -1.0 -1.0 -1.0 2.09 2.0 4.986 542.656 1.343 756.51 2.5430668932012552 1.0 -1.0 -1.0
7.0 99.0 Car -1.0 -1.0 -1.0 -1.0 -1.0 -1.0 -1.0 1.73 1.562 4.084 518.407 0.0 776.138 2.4754012248321033 1.0 -1.0 -1.0
7.0 3.0 Car -1.0 -1.0 -1.0 -1.0 -1.0 -1.0 -1.0 2.614 2.57 7.508 507.182 1.312 777.972 -0.7145028890087421 1.0 -1.0 -1.0
7.0 2.0 Car -1.0 -1.0 -1.0 -1.0 -1.0 -1.0 -1.0 2.09 2.0 4.986 539.022 1.193 759.13 2.5256136006813117 1.0 -1.0 -1.0
8.0 99.0 Car -1.0 -1.0 -1.0 -1.0 -1.0 -1.0 -1.0 1.73 1.562 4.084 515.377 0.0 778.557 2.4638295793285923 1.0 -1.0 -1.0
8.0 3.0 Car -1.0 -1.0 -1.0 -1.0 -1.0 -1.0 -1.0 2.614 2.57 7.508 509.955 1.242 775.645 -0.6883229502288275 1.0 -1.0 -1.0
8.0 2.0 Car -1.0 -1.0 -1.0 -1.0 -1.0 -1.0 -1.0 2.09 2.0 4.986 535.368 0.953 761.692 2.5197958365079973 1.0 -1.0 -1.0
9.0 99.0 Car -1.0 -1.0 -1.0 -1.0 -1.0 -1.0 -1.0 1.73 1.562 4.084 512.464 0.0 780.941 2.456760684292441 1.0 -1.0 -1.0
9.0 3.0 Car -1.0 -1.0 -1.0 -1.0 -1.0 -1.0 -1.0 2.614 2.57 7.508 512.261 1.171 773.731 -0.7057762427487706 0.0 -1.0 -1.0
9.0 2.0 Car -1.0 -1.0 -1.0 -1.0 -1.0 -1.0 -1.0 2.09 2.0 4.986 532.296 0.713 764.005 2.513978072334683 1.0 -1.0 -1.0
10.0 99.0 Car -1.0 -1.0 -1.0 -1.0 -1.0 -1.0 -1.0 1.73 1.562 4.084 509.575 0.0 783.341 2.453667382042353 1.0 -1.0 -1.0
10.0 3.0 Car -1.0 -1.0 -1.0 -1.0 -1.0 -1.0 -1.0 2.614 2.57 7.508 514.122 1.213 772.273 -0.6708696577088844 0.0 -1.0 -1.0
10.0 2.0 Car -1.0 -1.0 -1.0 -1.0 -1.0 -1.0 -1.0 2.09 2.0 4.986 528.975 0.849 766.413 2.5081603081613686 1.0 -1.0 -1.0
11.0 99.0 Car -1.0 -1.0 -1.0 -1.0 -1.0 -1.0 -1.0 1.73 1.562 4.084 506.735 0.0 785.691 2.457935036046514 1.0 -1.0 -1.0
11.0 3.0 Car -1.0 -1.0 -1.0 -1.0 -1.0 -1.0 -1.0 2.614 2.57 7.508 516.033 1.255 770.882 -0.6359630726689983 0.0 -1.0 -1.0
11.0 2.0 Car -1.0 -1.0 -1.0 -1.0 -1.0 -1.0 -1.0 2.09 2.0 4.986 525.733 0.934 768.783 2.5081603081613686 1.0 -1.0 -1.0
12.0 99.0 Car -1.0 -1.0 -1.0 -1.0 -1.0 -1.0 -1.0 1.73 1.562 4.084 504.497 0.0 787.525 2.463252131778587 1.0 -1.0 -1.0
12.0 3.0 Car -1.0 -1.0 -1.0 -1.0 -1.0 -1.0 -1.0 2.614 2.57 7.508 517.351 1.197 770.071 -0.5486966100692823 0.0 -1.0 -1.0
12.0 2.0 Car -1.0 -1.0 -1.0 -1.0 -1.0 -1.0 -1.0 2.09 2.0 4.986 522.933 0.819 770.829 2.4907070156414255 0.0 -1.0 -1.0
13.0 99.0 Car -1.0 -1.0 -1.0 -1.0 -1.0 -1.0 -1.0 1.73 1.562 4.084 501.703 0.0 789.802 2.4720695073806818 1.0 -1.0 -1.0
13.0 3.0 Car -1.0 -1.0 -1.0 -1.0 -1.0 -1.0 -1.0 2.614 2.57 7.508 518.924 1.239 769.274 -0.46143014746956634 0.0 -1.0 -1.0
13.0 2.0 Car -1.0 -1.0 -1.0 -1.0 -1.0 -1.0 -1.0 2.09 2.0 4.986 519.653 0.929 773.465 2.4558004306015384 0.0 -1.0 -1.0
14.0 99.0 Car -1.0 -1.0 -1.0 -1.0 -1.0 -1.0 -1.0 1.73 1.562 4.084 498.456 0.0 792.403 2.480973826665036 1.0 -1.0 -1.0
14.0 3.0 Car -1.0 -1.0 -1.0 -1.0 -1.0 -1.0 -1.0 2.614 2.57 7.508 520.562 1.281 768.616 -0.3741636848698509 0.0 -1.0 -1.0
14.0 2.0 Car -1.0 -1.0 -1.0 -1.0 -1.0 -1.0 -1.0 2.09 2.0 4.986 515.689 1.039 776.672 2.4558004306015384 0.0 -1.0 -1.0
15.0 99.0 Car -1.0 -1.0 -1.0 -1.0 -1.0 -1.0 -1.0 1.73 1.562 4.084 495.559 0.0 794.65 2.5088299653495043 1.0 -1.0 -1.0
15.0 3.0 Car -1.0 -1.0 -1.0 -1.0 -1.0 -1.0 -1.0 2.614 2.57 7.508 521.222 1.259 768.311 -0.3654370386098793 0.0 -1.0 -1.0
15.0 2.0 Car -1.0 -1.0 -1.0 -1.0 -1.0 -1.0 -1.0 2.09 2.0 4.986 512.141 1.049 779.576 2.4558004306015384 1.0 -1.0 -1.0
16.0 99.0 Car -1.0 -1.0 -1.0 -1.0 -1.0 -1.0 -1.0 1.73 1.562 4.084 492.774 0.0 796.632 2.554289003073938 1.0 -1.0 -1.0
16.0 3.0 Car -1.0 -1.0 -1.0 -1.0 -1.0 -1.0 -1.0 2.614 2.57 7.508 521.883 1.237 768.007 -0.35671039234990753 0.0 -1.0 -1.0
16.0 2.0 Car -1.0 -1.0 -1.0 -1.0 -1.0 -1.0 -1.0 2.09 2.0 4.986 508.69 1.009 782.488 2.4383471380815953 1.0 -1.0 -1.0
17.0 99.0 Car -1.0 -1.0 -1.0 -1.0 -1.0 -1.0 -1.0 1.73 1.562 4.084 489.897 0.0 798.488 2.598984101814288 1.0 -1.0 -1.0
17.0 0.0 Car -1.0 -1.0 -1.0 -1.0 -1.0 -1.0 -1.0 2.285 2.0 5.504 441.736 1.543 816.191 -0.3753156021591959 0.0 -1.0 -1.0
17.0 3.0 Car -1.0 -1.0 -1.0 -1.0 -1.0 -1.0 -1.0 2.614 2.57 7.508 522.974 1.194 768.096 -0.17054193880384536 0.0 -1.0 -1.0
17.0 2.0 Car -1.0 -1.0 -1.0 -1.0 -1.0 -1.0 -1.0 2.09 2.0 4.986 505.377 0.969 785.35 2.4383471380815953 1.0 -1.0 -1.0
18.0 99.0 Car -1.0 -1.0 -1.0 -1.0 -1.0 -1.0 -1.0 1.73 1.562 4.084 486.94 0.0 800.243 2.634751755367148 1.0 -1.0 -1.0
18.0 0.0 Car -1.0 -1.0 -1.0 -1.0 -1.0 -1.0 -1.0 2.285 2.0 5.504 446.675 1.502 814.253 -0.3753156021591959 1.0 -1.0 -1.0
18.0 3.0 Car -1.0 -1.0 -1.0 -1.0 -1.0 -1.0 -1.0 2.614 2.57 7.508 524.983 1.252 768.215 0.01562651474221655 0.0 -1.0 -1.0
18.0 2.0 Car -1.0 -1.0 -1.0 -1.0 -1.0 -1.0 -1.0 2.09 2.0 4.986 502.02 0.93 788.16 2.4383471380815953 1.0 -1.0 -1.0
19.0 99.0 Car -1.0 -1.0 -1.0 -1.0 -1.0 -1.0 -1.0 1.73 1.562 4.084 483.932 0.0 801.891 2.669054942556261 1.0 -1.0 -1.0
19.0 0.0 Car -1.0 -1.0 -1.0 -1.0 -1.0 -1.0 -1.0 2.285 2.0 5.504 451.613 1.362 812.315 -0.3840422484191677 0.0 -1.0 -1.0
19.0 3.0 Car -1.0 -1.0 -1.0 -1.0 -1.0 -1.0 -1.0 2.614 2.57 7.508 527.007 1.26 768.871 0.25415484584810866 0.0 -1.0 -1.0
19.0 2.0 Car -1.0 -1.0 -1.0 -1.0 -1.0 -1.0 -1.0 2.09 2.0 4.986 498.693 0.719 791.071 2.4329172248531687 1.0 -1.0 -1.0
20.0 99.0 Car -1.0 -1.0 -1.0 -1.0 -1.0 -1.0 -1.0 1.73 1.562 4.084 480.774 0.0 803.499 2.7001332328585814 1.0 -1.0 -1.0
20.0 0.0 Car -1.0 -1.0 -1.0 -1.0 -1.0 -1.0 -1.0 2.285 2.0 5.504 456.499 1.172 810.248 -0.42767547971902586 0.0 -1.0 -1.0
20.0 3.0 Car -1.0 -1.0 -1.0 -1.0 -1.0 -1.0 -1.0 2.614 2.57 7.508 528.715 1.268 769.159 0.28906143088799535 0.0 -1.0 -1.0
20.0 2.0 Car -1.0 -1.0 -1.0 -1.0 -1.0 -1.0 -1.0 2.09 2.0 4.986 495.205 0.751 793.784 2.497300481704515 1.0 -1.0 -1.0
21.0 99.0 Car -1.0 -1.0 -1.0 -1.0 -1.0 -1.0 -1.0 1.73 1.562 4.084 477.612 0.0 805.009 2.7246174894756567 1.0 -1.0 -1.0
21.0 0.0 Car -1.0 -1.0 -1.0 -1.0 -1.0 -1.0 -1.0 2.285 2.0 5.504 461.43 1.127 808.01 -0.4451287722389692 0.0 -1.0 -1.0
21.0 2.0 Car -1.0 -1.0 -1.0 -1.0 -1.0 -1.0 -1.0 2.09 2.0 4.986 491.77 0.736 796.222 2.5267771535159746 1.0 -1.0 -1.0
22.0 99.0 Car -1.0 -1.0 -1.0 -1.0 -1.0 -1.0 -1.0 1.73 1.562 4.084 474.402 0.0 806.453 2.7421645424194248 1.0 -1.0 -1.0
22.0 0.0 Car -1.0 -1.0 -1.0 -1.0 -1.0 -1.0 -1.0 2.285 2.0 5.504 466.216 1.002 805.643 -0.4451287722389692 0.0 -1.0 -1.0
22.0 2.0 Car -1.0 -1.0 -1.0 -1.0 -1.0 -1.0 -1.0 2.09 2.0 4.986 488.412 0.847 798.561 2.553344943240777 1.0 -1.0 -1.0
23.0 99.0 Car -1.0 -1.0 -1.0 -1.0 -1.0 -1.0 -1.0 1.73 1.562 4.084 471.209 0.0 807.821 2.753105821691484 1.0 -1.0 -1.0
23.0 0.0 Car -1.0 -1.0 -1.0 -1.0 -1.0 -1.0 -1.0 2.285 2.0 5.504 470.928 1.04 803.269 -0.4625820647589123 0.0 -1.0 -1.0
23.0 2.0 Car -1.0 -1.0 -1.0 -1.0 -1.0 -1.0 -1.0 2.09 2.0 4.986 484.953 0.857 800.749 2.6148193180054666 1.0 -1.0 -1.0
24.0 99.0 Car -1.0 -1.0 -1.0 -1.0 -1.0 -1.0 -1.0 1.73 1.562 4.084 467.971 0.0 809.182 2.7583387693219077 1.0 -1.0 -1.0
24.0 0.0 Car -1.0 -1.0 -1.0 -1.0 -1.0 -1.0 -1.0 2.285 2.0 5.504 475.57 1.077 800.761 -0.4974886497987984 0.0 -1.0 -1.0
24.0 2.0 Car -1.0 -1.0 -1.0 -1.0 -1.0 -1.0 -1.0 2.09 2.0 4.986 481.388 0.92 802.696 2.6579677356242155 1.0 -1.0 -1.0
25.0 99.0 Car -1.0 -1.0 -1.0 -1.0 -1.0 -1.0 -1.0 1.73 1.562 4.084 464.156 0.0 810.735 2.7584108502913938 1.0 -1.0 -1.0
25.0 1.0 Car -1.0 -1.0 -1.0 -1.0 -1.0 -1.0 -1.0 1.855 1.55 4.782 418.419 1.015 825.997 -0.37306412746274353 0.0 -1.0 -1.0
25.0 0.0 Car -1.0 -1.0 -1.0 -1.0 -1.0 -1.0 -1.0 2.285 2.0 5.504 480.783 1.014 797.642 -0.5149419423187416 0.0 -1.0 -1.0
25.0 2.0 Car -1.0 -1.0 -1.0 -1.0 -1.0 -1.0 -1.0 2.09 2.0 4.986 477.268 0.85 804.684 2.701116153242964 1.0 -1.0 -1.0
26.0 99.0 Car -1.0 -1.0 -1.0 -1.0 -1.0 -1.0 -1.0 1.73 1.562 4.084 461.093 0.0 812.006 2.7576742645595917 1.0 -1.0 -1.0
26.0 1.0 Car -1.0 -1.0 -1.0 -1.0 -1.0 -1.0 -1.0 1.855 1.55 4.782 421.646 0.967 824.678 -0.3788818916360579 1.0 -1.0 -1.0
26.0 0.0 Car -1.0 -1.0 -1.0 -1.0 -1.0 -1.0 -1.0 2.285 2.0 5.504 485.306 0.801 794.894 -0.5498485273586277 0.0 -1.0 -1.0
26.0 2.0 Car -1.0 -1.0 -1.0 -1.0 -1.0 -1.0 -1.0 2.09 2.0 4.986 473.749 0.78 806.3 2.744264570861713 1.0 -1.0 -1.0
27.0 99.0 Car -1.0 -1.0 -1.0 -1.0 -1.0 -1.0 -1.0 1.73 1.562 4.084 458.153 0.0 813.229 2.7563617317242097 1.0 -1.0 -1.0
27.0 1.0 Car -1.0 -1.0 -1.0 -1.0 -1.0 -1.0 -1.0 1.855 1.55 4.782 424.873 0.918 823.359 -0.38469965580937243 0.0 -1.0 -1.0
27.0 0.0 Car -1.0 -1.0 -1.0 -1.0 -1.0 -1.0 -1.0 2.285 2.0 5.504 489.71 0.688 791.952 -0.6022084049184571 0.0 -1.0 -1.0
27.0 2.0 Car -1.0 -1.0 -1.0 -1.0 -1.0 -1.0 -1.0 2.09 2.0 4.986 470.292 0.709 807.713 2.752506403440575 0.0 -1.0 -1.0
28.0 99.0 Car -1.0 -1.0 -1.0 -1.0 -1.0 -1.0 -1.0 1.73 1.562 4.084 455.424 0.0 814.372 2.755929308401001 1.0 -1.0 -1.0
28.0 1.0 Car -1.0 -1.0 -1.0 -1.0 -1.0 -1.0 -1.0 1.855 1.55 4.782 428.1 0.87 822.04 -0.3905174199826869 0.0 -1.0 -1.0
28.0 0.0 Car -1.0 -1.0 -1.0 -1.0 -1.0 -1.0 -1.0 2.285 2.0 5.504 494.04 0.525 788.97 -0.6022084049184571 0.0 -1.0 -1.0
28.0 2.0 Car -1.0 -1.0 -1.0 -1.0 -1.0 -1.0 -1.0 2.09 2.0 4.986 467.206 0.747 809.073 2.7510519623972467 0.0 -1.0 -1.0
29.0 99.0 Car -1.0 -1.0 -1.0 -1.0 -1.0 -1.0 -1.0 1.73 1.562 4.084 452.716 0.0 815.493 2.7584706753142254 1.0 -1.0 -1.0
29.0 1.0 Car -1.0 -1.0 -1.0 -1.0 -1.0 -1.0 -1.0 1.855 1.55 4.782 431.31 0.838 820.716 -0.4079707125026302 0.0 -1.0 -1.0
29.0 0.0 Car -1.0 -1.0 -1.0 -1.0 -1.0 -1.0 -1.0 2.285 2.0 5.504 498.202 0.463 786.012 -0.6196616974384002 0.0 -1.0 -1.0
29.0 2.0 Car -1.0 -1.0 -1.0 -1.0 -1.0 -1.0 -1.0 2.09 2.0 4.986 464.38 0.785 810.258 2.732144228833975 0.0 -1.0 -1.0
30.0 99.0 Car -1.0 -1.0 -1.0 -1.0 -1.0 -1.0 -1.0 1.73 1.562 4.084 450.621 0.0 816.364 2.755586503013816 1.0 -1.0 -1.0
30.0 1.0 Car -1.0 -1.0 -1.0 -1.0 -1.0 -1.0 -1.0 1.855 1.55 4.782 433.832 0.806 819.618 -0.4079707125026302 0.0 -1.0 -1.0
30.0 0.0 Car -1.0 -1.0 -1.0 -1.0 -1.0 -1.0 -1.0 2.285 2.0 5.504 501.492 0.55 783.534 -0.6545682824782864 0.0 -1.0 -1.0
30.0 2.0 Car -1.0 -1.0 -1.0 -1.0 -1.0 -1.0 -1.0 2.09 2.0 4.986 462.173 0.823 811.216 2.7655963728305326 0.0 -1.0 -1.0
31.0 99.0 Car -1.0 -1.0 -1.0 -1.0 -1.0 -1.0 -1.0 1.73 1.562 4.084 448.083 0.0 817.419 2.753946740505431 1.0 -1.0 -1.0
31.0 1.0 Car -1.0 -1.0 -1.0 -1.0 -1.0 -1.0 -1.0 1.855 1.55 4.782 436.897 0.774 818.285 -0.3905174199826869 0.0 -1.0 -1.0
31.0 2.0 Car -1.0 -1.0 -1.0 -1.0 -1.0 -1.0 -1.0 2.09 2.0 4.986 459.585 0.861 812.243 2.7815952243071473 0.0 -1.0 -1.0
32.0 99.0 Car -1.0 -1.0 -1.0 -1.0 -1.0 -1.0 -1.0 1.73 1.562 4.084 445.601 0.0 818.472 2.7492054046702408 1.0 -1.0 -1.0
32.0 1.0 Car -1.0 -1.0 -1.0 -1.0 -1.0 -1.0 -1.0 1.855 1.55 4.782 439.987 0.742 817.013 -0.3905174199826869 0.0 -1.0 -1.0
32.0 2.0 Car -1.0 -1.0 -1.0 -1.0 -1.0 -1.0 -1.0 2.09 2.0 4.986 457.25 0.869 813.205 2.7626874907438754 0.0 -1.0 -1.0
33.0 99.0 Car -1.0 -1.0 -1.0 -1.0 -1.0 -1.0 -1.0 1.73 1.562 4.084 443.153 0.0 819.513 2.7459609074100664 1.0 -1.0 -1.0
33.0 1.0 Car -1.0 -1.0 -1.0 -1.0 -1.0 -1.0 -1.0 1.855 1.55 4.782 442.726 0.742 815.885 -0.3905174199826869 0.0 -1.0 -1.0
33.0 2.0 Car -1.0 -1.0 -1.0 -1.0 -1.0 -1.0 -1.0 2.09 2.0 4.986 455.108 0.878 814.093 2.7612330497005466 0.0 -1.0 -1.0
34.0 99.0 Car -1.0 -1.0 -1.0 -1.0 -1.0 -1.0 -1.0 1.73 1.562 4.084 440.871 0.0 820.518 2.7254438026815815 1.0 -1.0 -1.0
34.0 1.0 Car -1.0 -1.0 -1.0 -1.0 -1.0 -1.0 -1.0 1.855 1.55 4.782 445.686 0.692 814.631 -0.3905174199826869 0.0 -1.0 -1.0
34.0 2.0 Car -1.0 -1.0 -1.0 -1.0 -1.0 -1.0 -1.0 2.09 2.0 4.986 453.254 0.887 814.873 2.7597786086572182 0.0 -1.0 -1.0
35.0 99.0 Car -1.0 -1.0 -1.0 -1.0 -1.0 -1.0 -1.0 1.73 1.562 4.084 439.011 0.0 821.404 2.687878839378687 1.0 -1.0 -1.0
35.0 1.0 Car -1.0 -1.0 -1.0 -1.0 -1.0 -1.0 -1.0 1.855 1.55 4.782 448.19 0.642 813.565 -0.3905174199826869 0.0 -1.0 -1.0
35.0 2.0 Car -1.0 -1.0 -1.0 -1.0 -1.0 -1.0 -1.0 2.09 2.0 4.986 451.85 0.895 815.515 2.75832416761389 0.0 -1.0 -1.0
36.0 99.0 Car -1.0 -1.0 -1.0 -1.0 -1.0 -1.0 -1.0 1.73 1.562 4.084 437.051 0.0 822.447 2.635111968145147 1.0 -1.0 -1.0
36.0 1.0 Car -1.0 -1.0 -1.0 -1.0 -1.0 -1.0 -1.0 1.855 1.55 4.782 450.785 0.742 812.461 -0.3905174199826869 0.0 -1.0 -1.0
36.0 2.0 Car -1.0 -1.0 -1.0 -1.0 -1.0 -1.0 -1.0 2.09 2.0 4.986 450.701 0.903 816.005 2.774323019090504 0.0 -1.0 -1.0
37.0 99.0 Car -1.0 -1.0 -1.0 -1.0 -1.0 -1.0 -1.0 1.73 1.562 4.084 435.154 0.0 823.588 2.582407440800025 1.0 -1.0 -1.0
37.0 1.0 Car -1.0 -1.0 -1.0 -1.0 -1.0 -1.0 -1.0 1.855 1.55 4.782 453.075 0.692 811.482 -0.3905174199826869 0.0 -1.0 -1.0
37.0 2.0 Car -1.0 -1.0 -1.0 -1.0 -1.0 -1.0 -1.0 2.09 2.0 4.986 449.871 0.911 816.372 2.772868578047176 0.0 -1.0 -1.0
38.0 99.0 Car -1.0 -1.0 -1.0 -1.0 -1.0 -1.0 -1.0 1.73 1.562 4.084 433.27 0.0 824.85 2.547657006152931 1.0 -1.0 -1.0
38.0 1.0 Car -1.0 -1.0 -1.0 -1.0 -1.0 -1.0 -1.0 1.855 1.55 4.782 455.378 0.692 810.534 -0.3905174199826869 0.0 -1.0 -1.0
38.0 2.0 Car -1.0 -1.0 -1.0 -1.0 -1.0 -1.0 -1.0 2.09 2.0 4.986 449.214 0.919 816.629 2.771414137003847 0.0 -1.0 -1.0
