0.0 99.0 Car -1.0 -1.0 -1.0 -1.0 -1.0 -1.0 -1.0 1.73 1.562 4.084 617.161 0.0 1818.083 3.1105476242524683 1.0 -1.0 -1.0
0.0 0.0 Bus -1.0 -1.0 -1.0 -1.0 -1.0 -1.0 -1.0 2.593 3.159 12.231 633.751 1.335 1813.413 2.973726886041254 0.0 -1.0 -1.0
1.0 99.0 Car -1.0 -1.0 -1.0 -1.0 -1.0 -1.0 -1.0 1.73 1.562 4.084 617.029 0.0 1818.086 3.116964138971856 1.0 -1.0 -1.0
1.0 0.0 Bus -1.0 -1.0 -1.0 -1.0 -1.0 -1.0 -1.0 2.593 3.159 12.231 630.955 1.533 1814.405 2.8806426592682226 0.0 -1.0 -1.0
2.0 99.0 Car -1.0 -1.0 -1.0 -1.0 -1.0 -1.0 -1.0 1.73 1.562 4.084 617.037 0.0 1818.085 3.1181782968417893 1.0 -1.0 -1.0
2.0 0.0 Bus -1.0 -1.0 -1.0 -1.0 -1.0 -1.0 -1.0 2.593 3.159 12.231 629.253 1.582 1814.983 2.8311916637950496 1.0 -1.0 -1.0
3.0 99.0 Car -1.0 -1.0 -1.0 -1.0 -1.0 -1.0 -1.0 1.73 1.562 4.084 617.051 0.0 1818.085 3.1215378241140574 1.0 -1.0 -1.0
3.0 0.0 Bus -1.0 -1.0 -1.0 -1.0 -1.0 -1.0 -1.0 2.593 3.159 12.231 627.9 1.631 1815.534 2.79919396084182 1.0 -1.0 -1.0
4.0 99.0 Car -1.0 -1.0 -1.0 -1.0 -1.0 -1.0 -1.0 1.73 1.562 4.084 617.008 0.0 1818.085 3.1290422068990136 1.0 -1.0 -1.0
4.0 0.0 Bus -1.0 -1.0 -1.0 -1.0 -1.0 -1.0 -1.0 2.593 3.159 12.231 627.096 1.646 1815.911 2.793376196668506 1.0 -1.0 -1.0
5.0 99.0 Car -1.0 -1.0 -1.0 -1.0 -1.0 -1.0 -1.0 1.73 1.562 4.084 616.72 0.0 1818.087 -3.1373004461345837 1.0 -1.0 -1.0
5.0 0.0 Bus -1.0 -1.0 -1.0 -1.0 -1.0 -1.0 -1.0 2.593 3.159 12.231 626.647 1.662 1816.159 2.7875584324951914 1.0 -1.0 -1.0
6.0 99.0 Car -1.0 -1.0 -1.0 -1.0 -1.0 -1.0 -1.0 1.73 1.562 4.084 615.992 0.0 1818.075 -3.112122856384706 1.0 -1.0 -1.0
6.0 0.0 Bus -1.0 -1.0 -1.0 -1.0 -1.0 -1.0 -1.0 2.593 3.159 12.231 626.198 1.677 1816.407 2.781740668321877 1.0 -1.0 -1.0
7.0 99.0 Car -1.0 -1.0 -1.0 -1.0 -1.0 -1.0 -1.0 1.73 1.562 4.084 614.794 0.0 1818.021 -3.0678246847381447 1.0 -1.0 -1.0
7.0 0.0 Bus -1.0 -1.0 -1.0 -1.0 -1.0 -1.0 -1.0 2.593 3.159 12.231 625.803 1.643 1816.513 2.77883178623522 1.0 -1.0 -1.0
8.0 99.0 Car -1.0 -1.0 -1.0 -1.0 -1.0 -1.0 -1.0 1.73 1.562 4.084 613.304 0.0 1817.86 -2.971589908817239 1.0 -1.0 -1.0
8.0 0.0 Bus -1.0 -1.0 -1.0 -1.0 -1.0 -1.0 -1.0 2.593 3.159 12.231 625.251 1.608 1816.68 2.7759229041485627 1.0 -1.0 -1.0
9.0 99.0 Car -1.0 -1.0 -1.0 -1.0 -1.0 -1.0 -1.0 1.73 1.562 4.084 611.839 0.0 1817.522 -2.8331635252862313 1.0 -1.0 -1.0
9.0 0.0 Bus -1.0 -1.0 -1.0 -1.0 -1.0 -1.0 -1.0 2.593 3.159 12.231 624.541 1.608 1816.904 2.7730140220619055 1.0 -1.0 -1.0
10.0 99.0 Car -1.0 -1.0 -1.0 -1.0 -1.0 -1.0 -1.0 1.73 1.562 4.084 610.728 0.0 1817.1 -2.6983344708080272 1.0 -1.0 -1.0
10.0 0.0 Bus -1.0 -1.0 -1.0 -1.0 -1.0 -1.0 -1.0 2.593 3.159 12.231 623.831 1.608 1817.129 2.7701051399752483 1.0 -1.0 -1.0
11.0 99.0 Car -1.0 -1.0 -1.0 -1.0 -1.0 -1.0 -1.0 1.73 1.562 4.084 609.4 0.0 1816.328 -2.5066908543950683 1.0 -1.0 -1.0
11.0 0.0 Bus -1.0 -1.0 -1.0 -1.0 -1.0 -1.0 -1.0 2.593 3.159 12.231 622.887 1.608 1817.449 2.793376196668506 1.0 -1.0 -1.0
12.0 99.0 Car -1.0 -1.0 -1.0 -1.0 -1.0 -1.0 -1.0 1.73 1.562 4.084 608.135 0.0 1815.188 -2.289499213604187 1.0 -1.0 -1.0
12.0 0.0 Bus -1.0 -1.0 -1.0 -1.0 -1.0 -1.0 -1.0 2.593 3.159 12.231 621.784 1.608 1817.826 2.8166472533617637 1.0 -1.0 -1.0
13.0 99.0 Car -1.0 -1.0 -1.0 -1.0 -1.0 -1.0 -1.0 1.73 1.562 4.084 607.036 0.0 1813.691 -2.1113484936070916 1.0 -1.0 -1.0
13.0 0.0 Bus -1.0 -1.0 -1.0 -1.0 -1.0 -1.0 -1.0 2.593 3.159 12.231 620.712 1.646 1818.154 2.8515538384016503 1.0 -1.0 -1.0
14.0 99.0 Car -1.0 -1.0 -1.0 -1.0 -1.0 -1.0 -1.0 1.73 1.562 4.084 606.076 0.0 1811.953 -2.03167187566706 1.0 -1.0 -1.0
14.0 0.0 Bus -1.0 -1.0 -1.0 -1.0 -1.0 -1.0 -1.0 2.593 3.159 12.231 619.75 1.685 1818.41 2.886460423441537 1.0 -1.0 -1.0
15.0 99.0 Car -1.0 -1.0 -1.0 -1.0 -1.0 -1.0 -1.0 1.73 1.562 4.084 605.141 0.0 1810.029 -1.9957241395323124 1.0 -1.0 -1.0
15.0 0.0 Bus -1.0 -1.0 -1.0 -1.0 -1.0 -1.0 -1.0 2.593 3.159 12.231 618.78 1.723 1818.633 2.9213670084814236 1.0 -1.0 -1.0
16.0 99.0 Car -1.0 -1.0 -1.0 -1.0 -1.0 -1.0 -1.0 1.73 1.562 4.084 604.278 0.0 1808.13 -1.9788038330039963 1.0 -1.0 -1.0
16.0 0.0 Bus -1.0 -1.0 -1.0 -1.0 -1.0 -1.0 -1.0 2.593 3.159 12.231 617.677 1.762 1818.686 2.973726886041254 1.0 -1.0 -1.0
17.0 99.0 Car -1.0 -1.0 -1.0 -1.0 -1.0 -1.0 -1.0 1.73 1.562 4.084 603.561 0.0 1806.491 -1.9725035262086879 1.0 -1.0 -1.0
17.0 0.0 Bus -1.0 -1.0 -1.0 -1.0 -1.0 -1.0 -1.0 2.593 3.159 12.231 616.573 1.8 1818.68 3.0260867636010835 1.0 -1.0 -1.0
18.0 99.0 Car -1.0 -1.0 -1.0 -1.0 -1.0 -1.0 -1.0 1.73 1.562 4.084 602.797 0.0 1804.745 -1.975945275799329 1.0 -1.0 -1.0
18.0 0.0 Bus -1.0 -1.0 -1.0 -1.0 -1.0 -1.0 -1.0 2.593 3.159 12.231 615.47 1.839 1818.617 3.0784466411609133 1.0 -1.0 -1.0
19.0 99.0 Car -1.0 -1.0 -1.0 -1.0 -1.0 -1.0 -1.0 1.73 1.562 4.084 601.95 0.0 1802.833 -1.9848999830874676 1.0 -1.0 -1.0
19.0 0.0 Bus -1.0 -1.0 -1.0 -1.0 -1.0 -1.0 -1.0 2.593 3.159 12.231 614.382 1.952 1818.502 -3.100018910899013 1.0 -1.0 -1.0
20.0 99.0 Car -1.0 -1.0 -1.0 -1.0 -1.0 -1.0 -1.0 1.73 1.562 4.084 600.909 0.0 1800.535 -2.0022615114960725 1.0 -1.0 -1.0
20.0 0.0 Bus -1.0 -1.0 -1.0 -1.0 -1.0 -1.0 -1.0 2.593 3.159 12.231 613.312 2.065 1818.273 -2.9952991557793536 1.0 -1.0 -1.0
21.0 99.0 Car -1.0 -1.0 -1.0 -1.0 -1.0 -1.0 -1.0 1.73 1.562 4.084 599.735 0.0 1798.134 -2.0392939973348514 1.0 -1.0 -1.0
21.0 0.0 Bus -1.0 -1.0 -1.0 -1.0 -1.0 -1.0 -1.0 2.593 3.159 12.231 611.856 2.179 1817.608 -2.864399461879778 1.0 -1.0 -1.0
22.0 99.0 Car -1.0 -1.0 -1.0 -1.0 -1.0 -1.0 -1.0 1.73 1.562 4.084 598.426 0.0 1795.653 -2.0667688932490194 1.0 -1.0 -1.0
22.0 0.0 Bus -1.0 -1.0 -1.0 -1.0 -1.0 -1.0 -1.0 2.593 3.159 12.231 610.182 2.292 1816.646 -2.7334997679802036 1.0 -1.0 -1.0
23.0 99.0 Car -1.0 -1.0 -1.0 -1.0 -1.0 -1.0 -1.0 1.73 1.562 4.084 597.003 0.0 1793.086 -2.085681642685508 1.0 -1.0 -1.0
23.0 0.0 Bus -1.0 -1.0 -1.0 -1.0 -1.0 -1.0 -1.0 2.593 3.159 12.231 608.942 2.406 1815.637 -2.5938734278206588 1.0 -1.0 -1.0
24.0 99.0 Car -1.0 -1.0 -1.0 -1.0 -1.0 -1.0 -1.0 1.73 1.562 4.084 595.491 0.0 1790.494 -2.1066066889166155 1.0 -1.0 -1.0
24.0 0.0 Bus -1.0 -1.0 -1.0 -1.0 -1.0 -1.0 -1.0 2.593 3.159 12.231 607.854 2.519 1814.466 -2.4542470876611135 1.0 -1.0 -1.0
25.0 99.0 Car -1.0 -1.0 -1.0 -1.0 -1.0 -1.0 -1.0 1.73 1.562 4.084 593.919 0.0 1787.946 -2.133568146066253 1.0 -1.0 -1.0
25.0 0.0 Bus -1.0 -1.0 -1.0 -1.0 -1.0 -1.0 -1.0 2.593 3.159 12.231 606.832 2.582 1813.041 -2.3408006862814834 1.0 -1.0 -1.0
26.0 99.0 Car -1.0 -1.0 -1.0 -1.0 -1.0 -1.0 -1.0 1.73 1.562 4.084 592.309 0.0 1785.475 -2.1634713329837836 1.0 -1.0 -1.0
26.0 0.0 Bus -1.0 -1.0 -1.0 -1.0 -1.0 -1.0 -1.0 2.593 3.159 12.231 605.977 2.646 1811.511 -2.2273542849018537 1.0 -1.0 -1.0
27.0 99.0 Car -1.0 -1.0 -1.0 -1.0 -1.0 -1.0 -1.0 1.73 1.562 4.084 590.691 0.0 1783.151 -2.191622042952658 1.0 -1.0 -1.0
27.0 0.0 Bus -1.0 -1.0 -1.0 -1.0 -1.0 -1.0 -1.0 2.593 3.159 12.231 605.278 2.722 1810.05 -2.151723350648766 1.0 -1.0 -1.0
28.0 99.0 Car -1.0 -1.0 -1.0 -1.0 -1.0 -1.0 -1.0 1.73 1.562 4.084 589.078 0.0 1780.966 -2.217591573625273 1.0 -1.0 -1.0
28.0 0.0 Bus -1.0 -1.0 -1.0 -1.0 -1.0 -1.0 -1.0 2.593 3.159 12.231 604.692 2.798 1808.542 -2.0760924163956798 0.0 -1.0 -1.0
29.0 99.0 Car -1.0 -1.0 -1.0 -1.0 -1.0 -1.0 -1.0 1.73 1.562 4.084 587.504 0.0 1778.971 -2.2463123342578077 1.0 -1.0 -1.0
29.0 0.0 Bus -1.0 -1.0 -1.0 -1.0 -1.0 -1.0 -1.0 2.593 3.159 12.231 604.221 2.874 1806.993 -2.0004614821425926 0.0 -1.0 -1.0
30.0 99.0 Car -1.0 -1.0 -1.0 -1.0 -1.0 -1.0 -1.0 1.73 1.562 4.084 586.042 0.0 1777.213 -2.2741781472196174 1.0 -1.0 -1.0
30.0 0.0 Bus -1.0 -1.0 -1.0 -1.0 -1.0 -1.0 -1.0 2.593 3.159 12.231 602.504 2.95 1803.832 -2.0179147746625365 0.0 -1.0 -1.0
31.0 99.0 Car -1.0 -1.0 -1.0 -1.0 -1.0 -1.0 -1.0 1.73 1.562 4.084 584.661 0.0 1775.643 -2.3001881368704042 1.0 -1.0 -1.0
31.0 0.0 Bus -1.0 -1.0 -1.0 -1.0 -1.0 -1.0 -1.0 2.593 3.159 12.231 601.856 2.925 1801.775 -1.9960981590126068 0.0 -1.0 -1.0
32.0 99.0 Car -1.0 -1.0 -1.0 -1.0 -1.0 -1.0 -1.0 1.73 1.562 4.084 583.395 0.0 1774.279 -2.323501162879988 1.0 -1.0 -1.0
32.0 0.0 Bus -1.0 -1.0 -1.0 -1.0 -1.0 -1.0 -1.0 2.593 3.159 12.231 600.643 2.826 1799.431 -2.009188128402564 0.0 -1.0 -1.0
33.0 99.0 Car -1.0 -1.0 -1.0 -1.0 -1.0 -1.0 -1.0 1.73 1.562 4.084 582.29 0.0 1773.138 -2.3485874191606144 1.0 -1.0 -1.0
33.0 0.0 Bus -1.0 -1.0 -1.0 -1.0 -1.0 -1.0 -1.0 2.593 3.159 12.231 599.431 2.727 1797.087 -2.022278097792522 0.0 -1.0 -1.0
34.0 99.0 Car -1.0 -1.0 -1.0 -1.0 -1.0 -1.0 -1.0 1.73 1.562 4.084 581.419 0.0 1772.292 -2.372216961314971 1.0 -1.0 -1.0
34.0 0.0 Bus -1.0 -1.0 -1.0 -1.0 -1.0 -1.0 -1.0 2.593 3.159 12.231 598.024 2.653 1794.882 -2.0702746522223645 0.0 -1.0 -1.0
35.0 99.0 Car -1.0 -1.0 -1.0 -1.0 -1.0 -1.0 -1.0 1.73 1.562 4.084 580.803 0.0 1771.724 -2.387667265044923 1.0 -1.0 -1.0
35.0 0.0 Bus -1.0 -1.0 -1.0 -1.0 -1.0 -1.0 -1.0 2.593 3.159 12.231 596.94 2.629 1792.59 -2.0819101805689932 0.0 -1.0 -1.0
36.0 99.0 Car -1.0 -1.0 -1.0 -1.0 -1.0 -1.0 -1.0 1.73 1.562 4.084 580.479 0.0 1771.437 -2.39869386358332 1.0 -1.0 -1.0
36.0 0.0 Bus -1.0 -1.0 -1.0 -1.0 -1.0 -1.0 -1.0 2.593 3.159 12.231 595.561 2.605 1790.46 -2.0935457089156224 0.0 -1.0 -1.0
37.0 99.0 Car -1.0 -1.0 -1.0 -1.0 -1.0 -1.0 -1.0 1.73 1.562 4.084 580.384 0.0 1771.359 -2.398528109999489 1.0 -1.0 -1.0
37.0 0.0 Bus -1.0 -1.0 -1.0 -1.0 -1.0 -1.0 -1.0 2.593 3.159 12.231 594.201 2.531 1788.367 -2.105181237262251 0.0 -1.0 -1.0
38.0 99.0 Car -1.0 -1.0 -1.0 -1.0 -1.0 -1.0 -1.0 1.73 1.562 4.084 580.351 0.0 1771.335 -2.401069241831022 1.0 -1.0 -1.0
38.0 0.0 Bus -1.0 -1.0 -1.0 -1.0 -1.0 -1.0 -1.0 2.593 3.159 12.231 593.058 2.474 1786.729 -2.105181237262251 0.0 -1.0 -1.0
39.0 99.0 Car -1.0 -1.0 -1.0 -1.0 -1.0 -1.0 -1.0 1.73 1.562 4.084 580.235 0.0 1771.23 -2.405063773072776 1.0 -1.0 -1.0
39.0 0.0 Bus -1.0 -1.0 -1.0 -1.0 -1.0 -1.0 -1.0 2.593 3.159 12.231 592.074 2.366 1785.19 -2.1400878223021373 0.0 -1.0 -1.0
