0.0 99.0 Car -1.0 -1.0 -1.0 -1.0 -1.0 -1.0 -1.0 1.73 1.562 4.084 915.885 0.0 2822.437 -2.685549667484828 1.0 -1.0 -1.0
0.0 0.0 Bus -1.0 -1.0 -1.0 -1.0 -1.0 -1.0 -1.0 2.853 3.895 12.034 808.14 0.155 2817.491 0.17814575678625413 0.0 -1.0 -1.0
0.0 1.0 Car -1.0 -1.0 -1.0 -1.0 -1.0 -1.0 -1.0 1.786 1.89 4.425 921.959 1.0 2828.955 -1.7904460131331423 0.0 -1.0 -1.0
1.0 99.0 Car -1.0 -1.0 -1.0 -1.0 -1.0 -1.0 -1.0 1.73 1.562 4.084 913.5 0.0 2821.416 -2.7861852455759437 1.0 -1.0 -1.0
1.0 0.0 Bus -1.0 -1.0 -1.0 -1.0 -1.0 -1.0 -1.0 2.853 3.895 12.034 811.043 0.179 2817.995 0.16941465625746388 1.0 -1.0 -1.0
1.0 1.0 Car -1.0 -1.0 -1.0 -1.0 -1.0 -1.0 -1.0 1.786 1.89 4.425 920.767 1.012 2826.792 -2.027841517027639 1.0 -1.0 -1.0
2.0 99.0 Car -1.0 -1.0 -1.0 -1.0 -1.0 -1.0 -1.0 1.73 1.562 4.084 910.899 0.0 2820.55 -2.854802329021357 1.0 -1.0 -1.0
2.0 0.0 Bus -1.0 -1.0 -1.0 -1.0 -1.0 -1.0 -1.0 2.853 3.895 12.034 813.942 0.202 2818.498 0.16069246426631079 1.0 -1.0 -1.0
2.0 1.0 Car -1.0 -1.0 -1.0 -1.0 -1.0 -1.0 -1.0 1.786 1.89 4.425 919.164 1.024 2824.918 -2.251968896704563 1.0 -1.0 -1.0
3.0 99.0 Car -1.0 -1.0 -1.0 -1.0 -1.0 -1.0 -1.0 1.73 1.562 4.084 908.179 0.0 2819.8 -2.8953405942089883 1.0 -1.0 -1.0
3.0 0.0 Bus -1.0 -1.0 -1.0 -1.0 -1.0 -1.0 -1.0 2.853 3.895 12.034 816.844 0.026 2818.921 0.13447971345916557 1.0 -1.0 -1.0
3.0 1.0 Car -1.0 -1.0 -1.0 -1.0 -1.0 -1.0 -1.0 1.786 1.89 4.425 917.263 1.055 2823.417 -2.499753256752608 1.0 -1.0 -1.0
4.0 99.0 Car -1.0 -1.0 -1.0 -1.0 -1.0 -1.0 -1.0 1.73 1.562 4.084 905.401 0.0 2819.145 -2.9269427777318877 1.0 -1.0 -1.0
4.0 0.0 Bus -1.0 -1.0 -1.0 -1.0 -1.0 -1.0 -1.0 2.853 3.895 12.034 819.748 -0.15 2819.268 0.10833258670648083 1.0 -1.0 -1.0
4.0 1.0 Car -1.0 -1.0 -1.0 -1.0 -1.0 -1.0 -1.0 1.786 1.89 4.425 915.071 1.074 2822.397 -2.6424383273163987 1.0 -1.0 -1.0
5.0 99.0 Car -1.0 -1.0 -1.0 -1.0 -1.0 -1.0 -1.0 1.73 1.562 4.084 902.525 0.0 2818.574 -2.9582213186756223 1.0 -1.0 -1.0
5.0 0.0 Bus -1.0 -1.0 -1.0 -1.0 -1.0 -1.0 -1.0 2.853 3.895 12.034 823.036 -0.355 2819.709 0.07718820855457653 1.0 -1.0 -1.0
5.0 1.0 Car -1.0 -1.0 -1.0 -1.0 -1.0 -1.0 -1.0 1.786 1.89 4.425 912.602 1.017 2821.505 -2.7503771017300225 1.0 -1.0 -1.0
6.0 99.0 Car -1.0 -1.0 -1.0 -1.0 -1.0 -1.0 -1.0 1.73 1.562 4.084 900.235 0.0 2818.184 -2.9761856691582156 1.0 -1.0 -1.0
6.0 0.0 Bus -1.0 -1.0 -1.0 -1.0 -1.0 -1.0 -1.0 2.853 3.895 12.034 825.679 -0.519 2819.989 0.0522409686505696 1.0 -1.0 -1.0
6.0 1.0 Car -1.0 -1.0 -1.0 -1.0 -1.0 -1.0 -1.0 1.786 1.89 4.425 910.548 0.993 2820.814 -2.831865702836171 1.0 -1.0 -1.0
7.0 99.0 Car -1.0 -1.0 -1.0 -1.0 -1.0 -1.0 -1.0 1.73 1.562 4.084 897.427 0.0 2817.751 -2.9950509742385463 1.0 -1.0 -1.0
7.0 0.0 Bus -1.0 -1.0 -1.0 -1.0 -1.0 -1.0 -1.0 2.853 3.895 12.034 828.989 -0.724 2820.246 0.02106612410676423 1.0 -1.0 -1.0
7.0 1.0 Car -1.0 -1.0 -1.0 -1.0 -1.0 -1.0 -1.0 1.786 1.89 4.425 907.938 1.024 2820.125 -2.855169449479892 1.0 -1.0 -1.0
8.0 99.0 Car -1.0 -1.0 -1.0 -1.0 -1.0 -1.0 -1.0 1.73 1.562 4.084 894.585 0.0 2817.372 -3.012166433287967 1.0 -1.0 -1.0
8.0 0.0 Bus -1.0 -1.0 -1.0 -1.0 -1.0 -1.0 -1.0 2.853 3.895 12.034 832.609 -0.654 2820.349 0.0036128315868211303 1.0 -1.0 -1.0
8.0 1.0 Car -1.0 -1.0 -1.0 -1.0 -1.0 -1.0 -1.0 1.786 1.89 4.425 905.27 1.056 2819.496 -2.878415494289343 1.0 -1.0 -1.0
9.0 99.0 Car -1.0 -1.0 -1.0 -1.0 -1.0 -1.0 -1.0 1.73 1.562 4.084 891.657 0.0 2817.002 -3.0178290104157313 1.0 -1.0 -1.0
9.0 0.0 Bus -1.0 -1.0 -1.0 -1.0 -1.0 -1.0 -1.0 2.853 3.895 12.034 836.231 -0.946 2820.217 0.0036128315868211303 1.0 -1.0 -1.0
9.0 1.0 Car -1.0 -1.0 -1.0 -1.0 -1.0 -1.0 -1.0 1.786 1.89 4.425 902.464 1.223 2818.872 -2.9365667281265626 1.0 -1.0 -1.0
10.0 99.0 Car -1.0 -1.0 -1.0 -1.0 -1.0 -1.0 -1.0 1.73 1.562 4.084 888.485 0.0 2816.625 -3.0230598404235978 1.0 -1.0 -1.0
10.0 0.0 Bus -1.0 -1.0 -1.0 -1.0 -1.0 -1.0 -1.0 2.853 3.895 12.034 839.963 -0.772 2820.279 0.0036128315868211303 1.0 -1.0 -1.0
10.0 1.0 Car -1.0 -1.0 -1.0 -1.0 -1.0 -1.0 -1.0 1.786 1.89 4.425 899.328 1.417 2818.362 -2.9947231970092294 1.0 -1.0 -1.0
11.0 99.0 Car -1.0 -1.0 -1.0 -1.0 -1.0 -1.0 -1.0 1.73 1.562 4.084 885.172 0.0 2816.24 -3.0161627782684204 1.0 -1.0 -1.0
11.0 0.0 Bus -1.0 -1.0 -1.0 -1.0 -1.0 -1.0 -1.0 2.853 3.895 12.034 843.691 -0.598 2820.341 0.0036128315868211303 1.0 -1.0 -1.0
11.0 1.0 Car -1.0 -1.0 -1.0 -1.0 -1.0 -1.0 -1.0 1.786 1.89 4.425 896.088 1.548 2817.92 -2.9947231970092294 1.0 -1.0 -1.0
12.0 99.0 Car -1.0 -1.0 -1.0 -1.0 -1.0 -1.0 -1.0 1.73 1.562 4.084 881.754 0.0 2815.806 -3.000688673982707 1.0 -1.0 -1.0
12.0 0.0 Bus -1.0 -1.0 -1.0 -1.0 -1.0 -1.0 -1.0 2.853 3.895 12.034 847.427 -0.424 2820.403 0.0036128315868211303 1.0 -1.0 -1.0
12.0 1.0 Car -1.0 -1.0 -1.0 -1.0 -1.0 -1.0 -1.0 1.786 1.89 4.425 892.806 1.63 2817.498 -2.9947231970092294 0.0 -1.0 -1.0
13.0 99.0 Car -1.0 -1.0 -1.0 -1.0 -1.0 -1.0 -1.0 1.73 1.562 4.084 878.645 0.0 2815.355 -2.974742045794456 1.0 -1.0 -1.0
13.0 0.0 Bus -1.0 -1.0 -1.0 -1.0 -1.0 -1.0 -1.0 2.853 3.895 12.034 850.804 -0.035 2820.434 0.0036128315868211303 1.0 -1.0 -1.0
13.0 1.0 Car -1.0 -1.0 -1.0 -1.0 -1.0 -1.0 -1.0 1.786 1.89 4.425 889.72 1.681 2817.103 -2.9947231970092294 0.0 -1.0 -1.0
14.0 99.0 Car -1.0 -1.0 -1.0 -1.0 -1.0 -1.0 -1.0 1.73 1.562 4.084 875.14 0.0 2814.743 -2.945433793653901 1.0 -1.0 -1.0
14.0 0.0 Bus -1.0 -1.0 -1.0 -1.0 -1.0 -1.0 -1.0 2.853 3.895 12.034 854.56 0.399 2820.469 0.0036128315868211303 1.0 -1.0 -1.0
14.0 1.0 Car -1.0 -1.0 -1.0 -1.0 -1.0 -1.0 -1.0 1.786 1.89 4.425 886.294 1.638 2816.642 -2.9947231970092294 0.0 -1.0 -1.0
15.0 99.0 Car -1.0 -1.0 -1.0 -1.0 -1.0 -1.0 -1.0 1.73 1.562 4.084 871.518 0.0 2813.965 -2.904038306642887 1.0 -1.0 -1.0
15.0 0.0 Bus -1.0 -1.0 -1.0 -1.0 -1.0 -1.0 -1.0 2.853 3.895 12.034 858.315 0.832 2820.503 0.0036128315868211303 1.0 -1.0 -1.0
15.0 1.0 Car -1.0 -1.0 -1.0 -1.0 -1.0 -1.0 -1.0 1.786 1.89 4.425 882.611 1.569 2816.189 -2.9947231970092294 0.0 -1.0 -1.0
16.0 99.0 Car -1.0 -1.0 -1.0 -1.0 -1.0 -1.0 -1.0 1.73 1.562 4.084 867.859 0.0 2813.018 -2.876256762718715 1.0 -1.0 -1.0
16.0 0.0 Bus -1.0 -1.0 -1.0 -1.0 -1.0 -1.0 -1.0 2.853 3.895 12.034 862.07 1.265 2820.538 0.0036128315868211303 1.0 -1.0 -1.0
16.0 1.0 Car -1.0 -1.0 -1.0 -1.0 -1.0 -1.0 -1.0 1.786 1.89 4.425 878.754 1.448 2815.689 -3.0017106940223983 0.0 -1.0 -1.0
17.0 99.0 Car -1.0 -1.0 -1.0 -1.0 -1.0 -1.0 -1.0 1.73 1.562 4.084 864.171 0.0 2812.007 -2.870189646359545 1.0 -1.0 -1.0
17.0 0.0 Bus -1.0 -1.0 -1.0 -1.0 -1.0 -1.0 -1.0 2.853 3.895 12.034 865.517 1.675 2820.49 0.0012848190230727585 1.0 -1.0 -1.0
17.0 1.0 Car -1.0 -1.0 -1.0 -1.0 -1.0 -1.0 -1.0 1.786 1.89 4.425 874.546 1.477 2815.079 -3.00869086048264 0.0 -1.0 -1.0
18.0 99.0 Car -1.0 -1.0 -1.0 -1.0 -1.0 -1.0 -1.0 1.73 1.562 4.084 860.323 0.0 2810.964 -2.8656080937146657 1.0 -1.0 -1.0
18.0 0.0 Bus -1.0 -1.0 -1.0 -1.0 -1.0 -1.0 -1.0 2.853 3.895 12.034 868.974 2.086 2820.441 -0.0010501649209109232 1.0 -1.0 -1.0
18.0 1.0 Car -1.0 -1.0 -1.0 -1.0 -1.0 -1.0 -1.0 1.786 1.89 4.425 869.722 1.356 2814.51 -3.015691929490943 0.0 -1.0 -1.0
19.0 99.0 Car -1.0 -1.0 -1.0 -1.0 -1.0 -1.0 -1.0 1.73 1.562 4.084 856.6 0.0 2809.926 -2.8554601590433832 1.0 -1.0 -1.0
19.0 0.0 Bus -1.0 -1.0 -1.0 -1.0 -1.0 -1.0 -1.0 2.853 3.895 12.034 872.41 2.495 2820.392 -0.0033707962971687433 1.0 -1.0 -1.0
19.0 1.0 Car -1.0 -1.0 -1.0 -1.0 -1.0 -1.0 -1.0 1.786 1.89 4.425 864.59 1.285 2813.926 -3.0226499646628233 0.0 -1.0 -1.0
20.0 99.0 Car -1.0 -1.0 -1.0 -1.0 -1.0 -1.0 -1.0 1.73 1.562 4.084 852.899 0.0 2808.866 -2.8569428344269423 1.0 -1.0 -1.0
20.0 0.0 Bus -1.0 -1.0 -1.0 -1.0 -1.0 -1.0 -1.0 2.853 3.895 12.034 875.615 2.905 2820.492 0.008841031303851388 1.0 -1.0 -1.0
20.0 1.0 Car -1.0 -1.0 -1.0 -1.0 -1.0 -1.0 -1.0 1.786 1.89 4.425 858.946 1.214 2813.27 -3.0296297820491156 0.0 -1.0 -1.0
21.0 99.0 Car -1.0 -1.0 -1.0 -1.0 -1.0 -1.0 -1.0 1.73 1.562 4.084 849.137 0.0 2807.832 -2.8647205304174475 1.0 -1.0 -1.0
21.0 0.0 Bus -1.0 -1.0 -1.0 -1.0 -1.0 -1.0 -1.0 2.853 3.895 12.034 878.824 3.315 2820.592 0.02106612410676423 0.0 -1.0 -1.0
21.0 1.0 Car -1.0 -1.0 -1.0 -1.0 -1.0 -1.0 -1.0 1.786 1.89 4.425 852.855 1.063 2812.613 -3.0296297820491156 0.0 -1.0 -1.0
22.0 99.0 Car -1.0 -1.0 -1.0 -1.0 -1.0 -1.0 -1.0 1.73 1.562 4.084 845.362 0.0 2806.848 -2.894034447666147 1.0 -1.0 -1.0
22.0 0.0 Bus -1.0 -1.0 -1.0 -1.0 -1.0 -1.0 -1.0 2.853 3.895 12.034 881.52 3.736 2820.762 0.06474770351589298 0.0 -1.0 -1.0
22.0 1.0 Car -1.0 -1.0 -1.0 -1.0 -1.0 -1.0 -1.0 1.786 1.89 4.425 846.484 0.862 2811.927 -3.0296297820491156 0.0 -1.0 -1.0
23.0 99.0 Car -1.0 -1.0 -1.0 -1.0 -1.0 -1.0 -1.0 1.73 1.562 4.084 841.537 0.0 2805.974 -2.9291278262670852 1.0 -1.0 -1.0
23.0 0.0 Bus -1.0 -1.0 -1.0 -1.0 -1.0 -1.0 -1.0 2.853 3.895 12.034 884.2 4.156 2821.049 0.10833258670648083 0.0 -1.0 -1.0
23.0 1.0 Car -1.0 -1.0 -1.0 -1.0 -1.0 -1.0 -1.0 1.786 1.89 4.425 839.855 0.411 2811.212 -3.0296297820491156 0.0 -1.0 -1.0
24.0 99.0 Car -1.0 -1.0 -1.0 -1.0 -1.0 -1.0 -1.0 1.73 1.562 4.084 837.759 0.0 2805.194 -2.945679620785622 1.0 -1.0 -1.0
24.0 0.0 Bus -1.0 -1.0 -1.0 -1.0 -1.0 -1.0 -1.0 2.853 3.895 12.034 886.492 4.166 2821.454 0.19321417485513417 0.0 -1.0 -1.0
25.0 99.0 Car -1.0 -1.0 -1.0 -1.0 -1.0 -1.0 -1.0 1.73 1.562 4.084 834.033 0.0 2804.489 -2.9587963586586 1.0 -1.0 -1.0
25.0 0.0 Bus -1.0 -1.0 -1.0 -1.0 -1.0 -1.0 -1.0 2.853 3.895 12.034 888.745 4.175 2822.052 0.27819129773433593 0.0 -1.0 -1.0
26.0 99.0 Car -1.0 -1.0 -1.0 -1.0 -1.0 -1.0 -1.0 1.73 1.562 4.084 830.42 0.0 2803.847 -2.965904233305304 1.0 -1.0 -1.0
26.0 0.0 Bus -1.0 -1.0 -1.0 -1.0 -1.0 -1.0 -1.0 2.853 3.895 12.034 890.936 4.185 2822.838 0.36307084599550404 0.0 -1.0 -1.0
27.0 99.0 Car -1.0 -1.0 -1.0 -1.0 -1.0 -1.0 -1.0 1.73 1.562 4.084 826.774 0.0 2803.213 -2.968141600639626 1.0 -1.0 -1.0
27.0 0.0 Bus -1.0 -1.0 -1.0 -1.0 -1.0 -1.0 -1.0 2.853 3.895 12.034 892.756 4.195 2823.908 0.4714431926446812 0.0 -1.0 -1.0
28.0 99.0 Car -1.0 -1.0 -1.0 -1.0 -1.0 -1.0 -1.0 1.73 1.562 4.084 823.162 0.0 2802.606 -2.9719319245232185 1.0 -1.0 -1.0
28.0 0.0 Bus -1.0 -1.0 -1.0 -1.0 -1.0 -1.0 -1.0 2.853 3.895 12.034 894.447 4.204 2825.166 0.5795714847449502 0.0 -1.0 -1.0
29.0 99.0 Car -1.0 -1.0 -1.0 -1.0 -1.0 -1.0 -1.0 1.73 1.562 4.084 819.684 0.0 2802.021 -2.9706470520422883 1.0 -1.0 -1.0
29.0 0.0 Bus -1.0 -1.0 -1.0 -1.0 -1.0 -1.0 -1.0 2.853 3.895 12.034 896.019 3.939 2826.757 0.7104669888068609 0.0 -1.0 -1.0
30.0 99.0 Car -1.0 -1.0 -1.0 -1.0 -1.0 -1.0 -1.0 1.73 1.562 4.084 816.294 0.0 2801.455 -2.9682309186384837 1.0 -1.0 -1.0
30.0 0.0 Bus -1.0 -1.0 -1.0 -1.0 -1.0 -1.0 -1.0 2.853 3.895 12.034 897.371 3.674 2828.539 0.8413708725440998 0.0 -1.0 -1.0
31.0 99.0 Car -1.0 -1.0 -1.0 -1.0 -1.0 -1.0 -1.0 1.73 1.562 4.084 812.657 0.0 2800.832 -2.967256223972251 1.0 -1.0 -1.0
31.0 0.0 Bus -1.0 -1.0 -1.0 -1.0 -1.0 -1.0 -1.0 2.853 3.895 12.034 898.773 3.487 2830.381 0.8661277557074222 0.0 -1.0 -1.0
32.0 99.0 Car -1.0 -1.0 -1.0 -1.0 -1.0 -1.0 -1.0 1.73 1.562 4.084 809.321 0.0 2800.262 -2.967769872289452 1.0 -1.0 -1.0
32.0 0.0 Bus -1.0 -1.0 -1.0 -1.0 -1.0 -1.0 -1.0 2.853 3.895 12.034 900.048 3.317 2832.056 0.8886432425257152 0.0 -1.0 -1.0
