0.0 99.0 Car -1.0 -1.0 -1.0 -1.0 -1.0 -1.0 -1.0 1.73 1.562 4.084 1096.79 0.0 1727.497 2.597405549846564 1.0 -1.0 -1.0
0.0 1.0 Car -1.0 -1.0 -1.0 -1.0 -1.0 -1.0 -1.0 2.093 1.841 4.059 1142.326 1.045 1699.334 2.610000270022928 0.0 -1.0 -1.0
0.0 0.0 Truck -1.0 -1.0 -1.0 -1.0 -1.0 -1.0 -1.0 1.87 1.853 5.135 1038.305 0.906 1764.328 2.5596998810056077 0.0 -1.0 -1.0
1.0 99.0 Car -1.0 -1.0 -1.0 -1.0 -1.0 -1.0 -1.0 1.73 1.562 4.084 1093.868 0.0 1729.291 2.5956006172248958 1.0 -1.0 -1.0
1.0 1.0 Car -1.0 -1.0 -1.0 -1.0 -1.0 -1.0 -1.0 2.093 1.841 4.059 1141.846 1.145 1699.617 2.610000270022928 1.0 -1.0 -1.0
1.0 0.0 Truck -1.0 -1.0 -1.0 -1.0 -1.0 -1.0 -1.0 1.87 1.853 5.135 1033.638 0.985 1767.4 2.5596998810056077 1.0 -1.0 -1.0
2.0 99.0 Car -1.0 -1.0 -1.0 -1.0 -1.0 -1.0 -1.0 1.73 1.562 4.084 1091.042 0.0 1731.031 2.596788131457298 1.0 -1.0 -1.0
2.0 1.0 Car -1.0 -1.0 -1.0 -1.0 -1.0 -1.0 -1.0 2.093 1.841 4.059 1141.407 1.395 1699.971 2.610000270022928 1.0 -1.0 -1.0
2.0 0.0 Truck -1.0 -1.0 -1.0 -1.0 -1.0 -1.0 -1.0 1.87 1.853 5.135 1028.612 1.014 1770.582 2.5596998810056077 1.0 -1.0 -1.0
3.0 99.0 Car -1.0 -1.0 -1.0 -1.0 -1.0 -1.0 -1.0 1.73 1.562 4.084 1087.934 0.0 1732.955 2.5985981552275033 1.0 -1.0 -1.0
3.0 1.0 Car -1.0 -1.0 -1.0 -1.0 -1.0 -1.0 -1.0 2.093 1.841 4.059 1141.032 1.355 1700.192 2.610000270022928 1.0 -1.0 -1.0
3.0 0.0 Truck -1.0 -1.0 -1.0 -1.0 -1.0 -1.0 -1.0 1.87 1.853 5.135 1024.383 1.316 1773.569 2.5596998810056077 1.0 -1.0 -1.0
4.0 99.0 Car -1.0 -1.0 -1.0 -1.0 -1.0 -1.0 -1.0 1.73 1.562 4.084 1085.094 0.0 1734.672 2.6020541002660753 1.0 -1.0 -1.0
4.0 1.0 Car -1.0 -1.0 -1.0 -1.0 -1.0 -1.0 -1.0 2.093 1.841 4.059 1140.488 1.355 1700.49 2.575093684983041 1.0 -1.0 -1.0
4.0 0.0 Truck -1.0 -1.0 -1.0 -1.0 -1.0 -1.0 -1.0 1.87 1.853 5.135 1020.258 1.181 1775.871 2.5596998810056077 1.0 -1.0 -1.0
5.0 99.0 Car -1.0 -1.0 -1.0 -1.0 -1.0 -1.0 -1.0 1.73 1.562 4.084 1082.24 0.0 1736.428 2.6018494283382143 1.0 -1.0 -1.0
5.0 1.0 Car -1.0 -1.0 -1.0 -1.0 -1.0 -1.0 -1.0 2.093 1.841 4.059 1139.974 1.605 1700.844 2.575093684983041 1.0 -1.0 -1.0
5.0 0.0 Truck -1.0 -1.0 -1.0 -1.0 -1.0 -1.0 -1.0 1.87 1.853 5.135 1016.538 0.996 1778.33 2.5596998810056077 1.0 -1.0 -1.0
6.0 99.0 Car -1.0 -1.0 -1.0 -1.0 -1.0 -1.0 -1.0 1.73 1.562 4.084 1079.344 0.0 1738.221 2.601869843492638 1.0 -1.0 -1.0
6.0 1.0 Car -1.0 -1.0 -1.0 -1.0 -1.0 -1.0 -1.0 2.093 1.841 4.059 1139.483 1.755 1701.232 2.575093684983041 1.0 -1.0 -1.0
6.0 0.0 Truck -1.0 -1.0 -1.0 -1.0 -1.0 -1.0 -1.0 1.87 1.853 5.135 1012.993 1.062 1781.054 2.5596998810056077 1.0 -1.0 -1.0
7.0 99.0 Car -1.0 -1.0 -1.0 -1.0 -1.0 -1.0 -1.0 1.73 1.562 4.084 1075.745 0.0 1740.448 2.597345005652948 1.0 -1.0 -1.0
7.0 1.0 Car -1.0 -1.0 -1.0 -1.0 -1.0 -1.0 -1.0 2.093 1.841 4.059 1138.767 1.636 1701.5 2.575093684983041 1.0 -1.0 -1.0
7.0 0.0 Truck -1.0 -1.0 -1.0 -1.0 -1.0 -1.0 -1.0 1.87 1.853 5.135 1009.002 1.08 1783.644 2.5596998810056077 1.0 -1.0 -1.0
8.0 99.0 Car -1.0 -1.0 -1.0 -1.0 -1.0 -1.0 -1.0 1.73 1.562 4.084 1072.761 0.0 1742.302 2.5945154020765133 1.0 -1.0 -1.0
8.0 1.0 Car -1.0 -1.0 -1.0 -1.0 -1.0 -1.0 -1.0 2.093 1.841 4.059 1137.299 1.586 1702.523 2.575093684983041 1.0 -1.0 -1.0
8.0 0.0 Truck -1.0 -1.0 -1.0 -1.0 -1.0 -1.0 -1.0 1.87 1.853 5.135 1004.315 1.137 1786.626 2.5596998810056077 1.0 -1.0 -1.0
9.0 99.0 Car -1.0 -1.0 -1.0 -1.0 -1.0 -1.0 -1.0 1.73 1.562 4.084 1069.736 0.0 1744.195 2.589838696594073 1.0 -1.0 -1.0
9.0 1.0 Car -1.0 -1.0 -1.0 -1.0 -1.0 -1.0 -1.0 2.093 1.841 4.059 1135.845 1.586 1703.569 2.575093684983041 1.0 -1.0 -1.0
9.0 0.0 Truck -1.0 -1.0 -1.0 -1.0 -1.0 -1.0 -1.0 1.87 1.853 5.135 1002.915 1.194 1787.403 2.5596998810056077 1.0 -1.0 -1.0
10.0 99.0 Car -1.0 -1.0 -1.0 -1.0 -1.0 -1.0 -1.0 1.73 1.562 4.084 1067.267 0.0 1745.778 2.5848030190885973 1.0 -1.0 -1.0
10.0 1.0 Car -1.0 -1.0 -1.0 -1.0 -1.0 -1.0 -1.0 2.093 1.841 4.059 1134.608 1.586 1704.288 2.575093684983041 1.0 -1.0 -1.0
10.0 0.0 Truck -1.0 -1.0 -1.0 -1.0 -1.0 -1.0 -1.0 1.87 1.853 5.135 1001.134 1.24 1788.664 2.5596998810056077 1.0 -1.0 -1.0
11.0 99.0 Car -1.0 -1.0 -1.0 -1.0 -1.0 -1.0 -1.0 1.73 1.562 4.084 1064.189 0.0 1747.755 2.5815813622228903 1.0 -1.0 -1.0
11.0 1.0 Car -1.0 -1.0 -1.0 -1.0 -1.0 -1.0 -1.0 2.093 1.841 4.059 1133.254 1.586 1705.23 2.575093684983041 1.0 -1.0 -1.0
11.0 0.0 Truck -1.0 -1.0 -1.0 -1.0 -1.0 -1.0 -1.0 1.87 1.853 5.135 998.857 1.234 1790.166 2.5596998810056077 1.0 -1.0 -1.0
12.0 99.0 Car -1.0 -1.0 -1.0 -1.0 -1.0 -1.0 -1.0 1.73 1.562 4.084 1061.095 0.0 1749.752 2.5794208711581517 1.0 -1.0 -1.0
12.0 1.0 Car -1.0 -1.0 -1.0 -1.0 -1.0 -1.0 -1.0 2.093 1.841 4.059 1131.838 1.636 1706.079 2.575093684983041 1.0 -1.0 -1.0
12.0 0.0 Truck -1.0 -1.0 -1.0 -1.0 -1.0 -1.0 -1.0 1.87 1.853 5.135 996.785 1.229 1791.534 2.5596998810056077 1.0 -1.0 -1.0
13.0 99.0 Car -1.0 -1.0 -1.0 -1.0 -1.0 -1.0 -1.0 1.73 1.562 4.084 1057.905 0.0 1751.803 2.5791814898008685 1.0 -1.0 -1.0
13.0 1.0 Car -1.0 -1.0 -1.0 -1.0 -1.0 -1.0 -1.0 2.093 1.841 4.059 1129.773 1.687 1707.472 2.575093684983041 1.0 -1.0 -1.0
13.0 0.0 Truck -1.0 -1.0 -1.0 -1.0 -1.0 -1.0 -1.0 1.87 1.853 5.135 994.671 1.223 1792.844 2.5596998810056077 1.0 -1.0 -1.0
14.0 99.0 Car -1.0 -1.0 -1.0 -1.0 -1.0 -1.0 -1.0 1.73 1.562 4.084 1054.659 0.0 1753.901 2.5763348733877236 1.0 -1.0 -1.0
14.0 1.0 Car -1.0 -1.0 -1.0 -1.0 -1.0 -1.0 -1.0 2.093 1.841 4.059 1127.596 1.737 1708.672 2.575093684983041 1.0 -1.0 -1.0
14.0 0.0 Truck -1.0 -1.0 -1.0 -1.0 -1.0 -1.0 -1.0 1.87 1.853 5.135 993.3 1.218 1793.793 2.5596998810056077 1.0 -1.0 -1.0
15.0 99.0 Car -1.0 -1.0 -1.0 -1.0 -1.0 -1.0 -1.0 1.73 1.562 4.084 1051.453 0.0 1755.987 2.5782767080361504 1.0 -1.0 -1.0
15.0 1.0 Car -1.0 -1.0 -1.0 -1.0 -1.0 -1.0 -1.0 2.093 1.841 4.059 1126.104 1.787 1709.602 2.575093684983041 1.0 -1.0 -1.0
15.0 0.0 Truck -1.0 -1.0 -1.0 -1.0 -1.0 -1.0 -1.0 1.87 1.853 5.135 991.927 1.212 1794.743 2.5596998810056077 1.0 -1.0 -1.0
16.0 99.0 Car -1.0 -1.0 -1.0 -1.0 -1.0 -1.0 -1.0 1.73 1.562 4.084 1048.227 0.0 1758.039 2.581269803100474 1.0 -1.0 -1.0
16.0 1.0 Car -1.0 -1.0 -1.0 -1.0 -1.0 -1.0 -1.0 2.093 1.841 4.059 1124.687 1.837 1710.649 2.575093684983041 1.0 -1.0 -1.0
16.0 0.0 Truck -1.0 -1.0 -1.0 -1.0 -1.0 -1.0 -1.0 1.87 1.853 5.135 990.476 1.207 1795.575 2.5596998810056077 1.0 -1.0 -1.0
17.0 99.0 Car -1.0 -1.0 -1.0 -1.0 -1.0 -1.0 -1.0 1.73 1.562 4.084 1045.111 0.0 1760.034 2.581596559717408 1.0 -1.0 -1.0
17.0 1.0 Car -1.0 -1.0 -1.0 -1.0 -1.0 -1.0 -1.0 2.093 1.841 4.059 1123.148 1.887 1711.509 2.575093684983041 1.0 -1.0 -1.0
17.0 0.0 Truck -1.0 -1.0 -1.0 -1.0 -1.0 -1.0 -1.0 1.87 1.853 5.135 989.023 1.201 1796.408 2.5596998810056077 1.0 -1.0 -1.0
18.0 99.0 Car -1.0 -1.0 -1.0 -1.0 -1.0 -1.0 -1.0 1.73 1.562 4.084 1041.968 0.0 1762.049 2.5790278735864236 1.0 -1.0 -1.0
18.0 1.0 Car -1.0 -1.0 -1.0 -1.0 -1.0 -1.0 -1.0 2.093 1.841 4.059 1121.58 1.937 1712.476 2.575093684983041 1.0 -1.0 -1.0
18.0 0.0 Truck -1.0 -1.0 -1.0 -1.0 -1.0 -1.0 -1.0 1.87 1.853 5.135 987.767 1.195 1797.094 2.6120616439697564 1.0 -1.0 -1.0
19.0 99.0 Car -1.0 -1.0 -1.0 -1.0 -1.0 -1.0 -1.0 1.73 1.562 4.084 1038.818 0.0 1764.065 2.5779683501146184 1.0 -1.0 -1.0
19.0 1.0 Car -1.0 -1.0 -1.0 -1.0 -1.0 -1.0 -1.0 2.093 1.841 4.059 1120.013 1.987 1713.443 2.575093684983041 1.0 -1.0 -1.0
19.0 0.0 Truck -1.0 -1.0 -1.0 -1.0 -1.0 -1.0 -1.0 1.87 1.853 5.135 986.476 1.19 1797.712 2.6644196361252677 1.0 -1.0 -1.0
20.0 99.0 Car -1.0 -1.0 -1.0 -1.0 -1.0 -1.0 -1.0 1.73 1.562 4.084 1035.648 0.0 1766.085 2.5796142353521523 1.0 -1.0 -1.0
20.0 1.0 Car -1.0 -1.0 -1.0 -1.0 -1.0 -1.0 -1.0 2.093 1.841 4.059 1118.444 2.037 1714.411 2.575093684983041 1.0 -1.0 -1.0
20.0 0.0 Truck -1.0 -1.0 -1.0 -1.0 -1.0 -1.0 -1.0 1.87 1.853 5.135 985.014 1.134 1798.256 2.8738591463645875 1.0 -1.0 -1.0
21.0 99.0 Car -1.0 -1.0 -1.0 -1.0 -1.0 -1.0 -1.0 1.73 1.562 4.084 1032.797 0.0 1767.917 2.5776664088489354 1.0 -1.0 -1.0
21.0 1.0 Car -1.0 -1.0 -1.0 -1.0 -1.0 -1.0 -1.0 2.093 1.841 4.059 1116.666 1.925 1715.455 2.575093684983041 1.0 -1.0 -1.0
21.0 0.0 Truck -1.0 -1.0 -1.0 -1.0 -1.0 -1.0 -1.0 1.87 1.853 5.135 983.642 1.084 1798.631 2.961125608964304 1.0 -1.0 -1.0
22.0 99.0 Car -1.0 -1.0 -1.0 -1.0 -1.0 -1.0 -1.0 1.73 1.562 4.084 1029.386 0.0 1770.125 2.575987285637476 1.0 -1.0 -1.0
22.0 1.0 Car -1.0 -1.0 -1.0 -1.0 -1.0 -1.0 -1.0 2.093 1.841 4.059 1114.492 1.788 1716.731 2.575093684983041 1.0 -1.0 -1.0
22.0 0.0 Truck -1.0 -1.0 -1.0 -1.0 -1.0 -1.0 -1.0 1.87 1.853 5.135 981.948 1.084 1798.961 2.961125608964304 1.0 -1.0 -1.0
23.0 99.0 Car -1.0 -1.0 -1.0 -1.0 -1.0 -1.0 -1.0 1.73 1.562 4.084 1026.284 0.0 1772.131 2.575258567298782 1.0 -1.0 -1.0
23.0 1.0 Car -1.0 -1.0 -1.0 -1.0 -1.0 -1.0 -1.0 2.093 1.841 4.059 1112.588 1.663 1718.011 2.5925469775029844 1.0 -1.0 -1.0
23.0 0.0 Truck -1.0 -1.0 -1.0 -1.0 -1.0 -1.0 -1.0 1.87 1.853 5.135 980.322 1.084 1798.996 3.1118620674207946 0.0 -1.0 -1.0
24.0 99.0 Car -1.0 -1.0 -1.0 -1.0 -1.0 -1.0 -1.0 1.73 1.562 4.084 1022.72 0.0 1774.457 2.5698617562115977 1.0 -1.0 -1.0
24.0 1.0 Car -1.0 -1.0 -1.0 -1.0 -1.0 -1.0 -1.0 2.093 1.841 4.059 1110.144 1.513 1719.285 2.5925469775029844 1.0 -1.0 -1.0
24.0 0.0 Truck -1.0 -1.0 -1.0 -1.0 -1.0 -1.0 -1.0 1.87 1.853 5.135 978.393 1.084 1798.717 -2.9904471403363595 0.0 -1.0 -1.0
25.0 99.0 Car -1.0 -1.0 -1.0 -1.0 -1.0 -1.0 -1.0 1.73 1.562 4.084 1019.672 0.0 1776.469 2.5660546560120214 1.0 -1.0 -1.0
25.0 1.0 Car -1.0 -1.0 -1.0 -1.0 -1.0 -1.0 -1.0 2.093 1.841 4.059 1108.179 1.488 1720.466 2.5925469775029844 1.0 -1.0 -1.0
25.0 0.0 Truck -1.0 -1.0 -1.0 -1.0 -1.0 -1.0 -1.0 1.87 1.853 5.135 976.385 1.084 1798.154 -2.868274092696756 0.0 -1.0 -1.0
26.0 99.0 Car -1.0 -1.0 -1.0 -1.0 -1.0 -1.0 -1.0 1.73 1.562 4.084 1017.292 0.0 1778.047 2.5667086424499646 1.0 -1.0 -1.0
26.0 1.0 Car -1.0 -1.0 -1.0 -1.0 -1.0 -1.0 -1.0 2.093 1.841 4.059 1106.534 1.468 1721.553 2.5925469775029844 1.0 -1.0 -1.0
26.0 0.0 Truck -1.0 -1.0 -1.0 -1.0 -1.0 -1.0 -1.0 1.87 1.853 5.135 974.856 1.084 1797.469 -2.746101045057153 0.0 -1.0 -1.0
27.0 99.0 Car -1.0 -1.0 -1.0 -1.0 -1.0 -1.0 -1.0 1.73 1.562 4.084 1014.355 0.0 1779.986 2.566649681270029 1.0 -1.0 -1.0
27.0 1.0 Car -1.0 -1.0 -1.0 -1.0 -1.0 -1.0 -1.0 2.093 1.841 4.059 1104.478 1.443 1722.913 2.5925469775029844 0.0 -1.0 -1.0
27.0 0.0 Truck -1.0 -1.0 -1.0 -1.0 -1.0 -1.0 -1.0 1.87 1.853 5.135 972.943 1.134 1796.612 -2.641381289937494 0.0 -1.0 -1.0
28.0 99.0 Car -1.0 -1.0 -1.0 -1.0 -1.0 -1.0 -1.0 1.73 1.562 4.084 1011.761 0.0 1781.71 2.56720106425295 1.0 -1.0 -1.0
28.0 1.0 Car -1.0 -1.0 -1.0 -1.0 -1.0 -1.0 -1.0 2.093 1.841 4.059 1102.626 1.421 1724.138 2.5925469775029844 0.0 -1.0 -1.0
28.0 0.0 Truck -1.0 -1.0 -1.0 -1.0 -1.0 -1.0 -1.0 1.87 1.853 5.135 971.406 1.029 1795.497 -2.466848364738063 0.0 -1.0 -1.0
29.0 99.0 Car -1.0 -1.0 -1.0 -1.0 -1.0 -1.0 -1.0 1.73 1.562 4.084 1008.998 0.0 1783.542 2.5664668003122433 1.0 -1.0 -1.0
29.0 1.0 Car -1.0 -1.0 -1.0 -1.0 -1.0 -1.0 -1.0 2.093 1.841 4.059 1100.685 1.646 1725.361 2.5925469775029844 0.0 -1.0 -1.0
29.0 0.0 Truck -1.0 -1.0 -1.0 -1.0 -1.0 -1.0 -1.0 1.87 1.853 5.135 969.406 1.041 1793.637 -2.4095552517208407 0.0 -1.0 -1.0
30.0 99.0 Car -1.0 -1.0 -1.0 -1.0 -1.0 -1.0 -1.0 1.73 1.562 4.084 1006.2 0.0 1785.367 2.567362096767565 1.0 -1.0 -1.0
30.0 1.0 Car -1.0 -1.0 -1.0 -1.0 -1.0 -1.0 -1.0 2.093 1.841 4.059 1098.788 1.671 1726.656 2.5925469775029844 0.0 -1.0 -1.0
30.0 0.0 Truck -1.0 -1.0 -1.0 -1.0 -1.0 -1.0 -1.0 1.87 1.853 5.135 967.516 1.053 1791.666 -2.3522630566216005 0.0 -1.0 -1.0
31.0 99.0 Car -1.0 -1.0 -1.0 -1.0 -1.0 -1.0 -1.0 1.73 1.562 4.084 1003.429 0.0 1787.157 2.5692646538818273 1.0 -1.0 -1.0
31.0 1.0 Car -1.0 -1.0 -1.0 -1.0 -1.0 -1.0 -1.0 2.093 1.841 4.059 1096.889 1.696 1727.952 2.5925469775029844 0.0 -1.0 -1.0
31.0 0.0 Truck -1.0 -1.0 -1.0 -1.0 -1.0 -1.0 -1.0 1.87 1.853 5.135 965.739 1.065 1789.587 -2.294907639921314 0.0 -1.0 -1.0
32.0 99.0 Car -1.0 -1.0 -1.0 -1.0 -1.0 -1.0 -1.0 1.73 1.562 4.084 1000.657 0.0 1788.976 2.568723893012628 1.0 -1.0 -1.0
32.0 1.0 Car -1.0 -1.0 -1.0 -1.0 -1.0 -1.0 -1.0 2.093 1.841 4.059 1094.944 1.671 1729.178 2.5925469775029844 0.0 -1.0 -1.0
32.0 0.0 Truck -1.0 -1.0 -1.0 -1.0 -1.0 -1.0 -1.0 1.87 1.853 5.135 964.083 1.077 1787.407 -2.2374903784969544 0.0 -1.0 -1.0
33.0 99.0 Car -1.0 -1.0 -1.0 -1.0 -1.0 -1.0 -1.0 1.73 1.562 4.084 997.714 0.0 1790.925 2.5667027289782562 1.0 -1.0 -1.0
33.0 1.0 Car -1.0 -1.0 -1.0 -1.0 -1.0 -1.0 -1.0 2.093 1.841 4.059 1092.794 1.394 1730.501 2.5925469775029844 0.0 -1.0 -1.0
33.0 0.0 Truck -1.0 -1.0 -1.0 -1.0 -1.0 -1.0 -1.0 1.87 1.853 5.135 962.412 1.091 1784.908 -2.174421955013109 0.0 -1.0 -1.0
34.0 99.0 Car -1.0 -1.0 -1.0 -1.0 -1.0 -1.0 -1.0 1.73 1.562 4.084 995.017 0.0 1792.708 2.5655762724582463 1.0 -1.0 -1.0
34.0 1.0 Car -1.0 -1.0 -1.0 -1.0 -1.0 -1.0 -1.0 2.093 1.841 4.059 1090.866 1.387 1731.749 2.5925469775029844 0.0 -1.0 -1.0
34.0 0.0 Truck -1.0 -1.0 -1.0 -1.0 -1.0 -1.0 -1.0 1.87 1.853 5.135 961.032 1.103 1782.548 -2.1170680299295443 0.0 -1.0 -1.0
35.0 99.0 Car -1.0 -1.0 -1.0 -1.0 -1.0 -1.0 -1.0 1.73 1.562 4.084 992.682 0.0 1794.25 2.56445833786491 1.0 -1.0 -1.0
35.0 1.0 Car -1.0 -1.0 -1.0 -1.0 -1.0 -1.0 -1.0 2.093 1.841 4.059 1089.164 1.336 1732.823 2.5925469775029844 0.0 -1.0 -1.0
36.0 99.0 Car -1.0 -1.0 -1.0 -1.0 -1.0 -1.0 -1.0 1.73 1.562 4.084 990.145 0.0 1795.923 2.56611219592665 1.0 -1.0 -1.0
36.0 1.0 Car -1.0 -1.0 -1.0 -1.0 -1.0 -1.0 -1.0 2.093 1.841 4.059 1087.335 1.475 1734.114 2.5925469775029844 0.0 -1.0 -1.0
37.0 99.0 Car -1.0 -1.0 -1.0 -1.0 -1.0 -1.0 -1.0 1.73 1.562 4.084 987.707 0.0 1797.526 2.569148548423205 1.0 -1.0 -1.0
37.0 1.0 Car -1.0 -1.0 -1.0 -1.0 -1.0 -1.0 -1.0 2.093 1.841 4.059 1085.419 1.464 1735.263 2.5925469775029844 0.0 -1.0 -1.0
38.0 99.0 Car -1.0 -1.0 -1.0 -1.0 -1.0 -1.0 -1.0 1.73 1.562 4.084 985.223 0.0 1799.149 2.5718842981456316 1.0 -1.0 -1.0
38.0 1.0 Car -1.0 -1.0 -1.0 -1.0 -1.0 -1.0 -1.0 2.093 1.841 4.059 1083.502 1.453 1736.412 2.5925469775029844 0.0 -1.0 -1.0
