0.0 99.0 Car -1.0 -1.0 -1.0 -1.0 -1.0 -1.0 -1.0 1.73 1.562 4.084 888.435 0.0 1410.899 -0.4868718901450511 1.0 -1.0 -1.0
0.0 0.0 Car -1.0 -1.0 -1.0 -1.0 -1.0 -1.0 -1.0 1.664 1.692 4.62 887.295 0.577 1363.063 0.8371122691542614 0.0 -1.0 -1.0
0.0 1.0 Car -1.0 -1.0 -1.0 -1.0 -1.0 -1.0 -1.0 1.792 1.605 4.425 866.233 0.781 1425.498 -1.0464470595383966 0.0 -1.0 -1.0
1.0 99.0 Car -1.0 -1.0 -1.0 -1.0 -1.0 -1.0 -1.0 1.73 1.562 4.084 891.571 0.0 1409.178 -0.5073692832690119 1.0 -1.0 -1.0
1.0 0.0 Car -1.0 -1.0 -1.0 -1.0 -1.0 -1.0 -1.0 1.664 1.692 4.62 890.068 0.586 1366.155 0.8371122691542614 1.0 -1.0 -1.0
1.0 1.0 Car -1.0 -1.0 -1.0 -1.0 -1.0 -1.0 -1.0 1.792 1.605 4.425 868.252 0.79 1423.255 -0.8195542567791362 1.0 -1.0 -1.0
2.0 99.0 Car -1.0 -1.0 -1.0 -1.0 -1.0 -1.0 -1.0 1.73 1.562 4.084 894.677 0.0 1407.396 -0.5271411509894877 1.0 -1.0 -1.0
2.0 0.0 Car -1.0 -1.0 -1.0 -1.0 -1.0 -1.0 -1.0 1.664 1.692 4.62 892.541 0.595 1369.265 0.9418320242739213 1.0 -1.0 -1.0
2.0 1.0 Car -1.0 -1.0 -1.0 -1.0 -1.0 -1.0 -1.0 1.792 1.605 4.425 871.004 0.799 1421.018 -0.6973812091395346 1.0 -1.0 -1.0
3.0 99.0 Car -1.0 -1.0 -1.0 -1.0 -1.0 -1.0 -1.0 1.73 1.562 4.084 897.751 0.0 1405.539 -0.5486715675931383 1.0 -1.0 -1.0
3.0 0.0 Car -1.0 -1.0 -1.0 -1.0 -1.0 -1.0 -1.0 1.664 1.692 4.62 894.449 0.554 1372.505 1.151271534513241 1.0 -1.0 -1.0
3.0 1.0 Car -1.0 -1.0 -1.0 -1.0 -1.0 -1.0 -1.0 1.792 1.605 4.425 874.408 0.809 1418.913 -0.575208161499933 1.0 -1.0 -1.0
4.0 99.0 Car -1.0 -1.0 -1.0 -1.0 -1.0 -1.0 -1.0 1.73 1.562 4.084 900.778 0.0 1403.639 -0.5615323770711622 1.0 -1.0 -1.0
4.0 0.0 Car -1.0 -1.0 -1.0 -1.0 -1.0 -1.0 -1.0 1.664 1.692 4.62 895.854 0.563 1376.353 1.2908978746727877 1.0 -1.0 -1.0
4.0 1.0 Car -1.0 -1.0 -1.0 -1.0 -1.0 -1.0 -1.0 1.792 1.605 4.425 878.071 0.768 1416.699 -0.5403015764600467 1.0 -1.0 -1.0
5.0 99.0 Car -1.0 -1.0 -1.0 -1.0 -1.0 -1.0 -1.0 1.73 1.562 4.084 903.986 0.0 1401.59 -0.5683334614361756 1.0 -1.0 -1.0
5.0 0.0 Car -1.0 -1.0 -1.0 -1.0 -1.0 -1.0 -1.0 1.664 1.692 4.62 896.649 0.673 1380.344 1.5177906774320504 1.0 -1.0 -1.0
5.0 1.0 Car -1.0 -1.0 -1.0 -1.0 -1.0 -1.0 -1.0 1.792 1.605 4.425 882.524 0.668 1414.243 -0.5228482839401035 1.0 -1.0 -1.0
6.0 99.0 Car -1.0 -1.0 -1.0 -1.0 -1.0 -1.0 -1.0 1.73 1.562 4.084 906.798 0.0 1399.753 -0.5752012103468779 1.0 -1.0 -1.0
6.0 0.0 Car -1.0 -1.0 -1.0 -1.0 -1.0 -1.0 -1.0 1.664 1.692 4.62 896.364 0.693 1384.063 1.6225104325517103 1.0 -1.0 -1.0
6.0 1.0 Car -1.0 -1.0 -1.0 -1.0 -1.0 -1.0 -1.0 1.792 1.605 4.425 886.529 0.668 1411.939 -0.5228482839401035 1.0 -1.0 -1.0
7.0 99.0 Car -1.0 -1.0 -1.0 -1.0 -1.0 -1.0 -1.0 1.73 1.562 4.084 909.627 0.0 1397.895 -0.5837897291749999 1.0 -1.0 -1.0
7.0 0.0 Car -1.0 -1.0 -1.0 -1.0 -1.0 -1.0 -1.0 1.664 1.692 4.62 895.543 0.675 1387.598 1.8843098203508595 1.0 -1.0 -1.0
7.0 1.0 Car -1.0 -1.0 -1.0 -1.0 -1.0 -1.0 -1.0 1.792 1.605 4.425 890.509 0.668 1409.58 -0.5228482839401035 1.0 -1.0 -1.0
8.0 99.0 Car -1.0 -1.0 -1.0 -1.0 -1.0 -1.0 -1.0 1.73 1.562 4.084 912.345 0.0 1396.005 -0.6248404797122862 1.0 -1.0 -1.0
8.0 0.0 Car -1.0 -1.0 -1.0 -1.0 -1.0 -1.0 -1.0 1.664 1.692 4.62 893.996 0.723 1390.882 2.0762960380702364 1.0 -1.0 -1.0
8.0 1.0 Car -1.0 -1.0 -1.0 -1.0 -1.0 -1.0 -1.0 1.792 1.605 4.425 894.238 0.668 1407.347 -0.5228482839401035 1.0 -1.0 -1.0
9.0 99.0 Car -1.0 -1.0 -1.0 -1.0 -1.0 -1.0 -1.0 1.73 1.562 4.084 914.85 0.0 1394.047 -0.6976733649768181 1.0 -1.0 -1.0
9.0 0.0 Car -1.0 -1.0 -1.0 -1.0 -1.0 -1.0 -1.0 1.664 1.692 4.62 891.696 0.824 1393.928 2.2508289632696696 1.0 -1.0 -1.0
9.0 1.0 Car -1.0 -1.0 -1.0 -1.0 -1.0 -1.0 -1.0 1.792 1.605 4.425 898.033 0.668 1405.072 -0.5577548689799898 1.0 -1.0 -1.0
10.0 99.0 Car -1.0 -1.0 -1.0 -1.0 -1.0 -1.0 -1.0 1.73 1.562 4.084 916.982 0.0 1392.064 -0.7943917257913184 1.0 -1.0 -1.0
10.0 0.0 Car -1.0 -1.0 -1.0 -1.0 -1.0 -1.0 -1.0 1.664 1.692 4.62 888.917 0.924 1396.565 2.390455303429216 1.0 -1.0 -1.0
10.0 1.0 Car -1.0 -1.0 -1.0 -1.0 -1.0 -1.0 -1.0 1.792 1.605 4.425 901.531 0.768 1402.845 -0.575208161499933 1.0 -1.0 -1.0
11.0 99.0 Car -1.0 -1.0 -1.0 -1.0 -1.0 -1.0 -1.0 1.73 1.562 4.084 918.758 0.0 1390.023 -0.912790183878301 1.0 -1.0 -1.0
11.0 0.0 Car -1.0 -1.0 -1.0 -1.0 -1.0 -1.0 -1.0 1.664 1.692 4.62 885.795 0.974 1399.015 2.442815180989046 0.0 -1.0 -1.0
11.0 1.0 Car -1.0 -1.0 -1.0 -1.0 -1.0 -1.0 -1.0 1.792 1.605 4.425 904.817 0.818 1400.682 -0.5926614540198759 1.0 -1.0 -1.0
12.0 99.0 Car -1.0 -1.0 -1.0 -1.0 -1.0 -1.0 -1.0 1.73 1.562 4.084 920.127 0.0 1387.956 -1.048782413420952 1.0 -1.0 -1.0
12.0 0.0 Car -1.0 -1.0 -1.0 -1.0 -1.0 -1.0 -1.0 1.664 1.692 4.62 881.333 1.074 1402.164 2.547534936108706 0.0 -1.0 -1.0
12.0 1.0 Car -1.0 -1.0 -1.0 -1.0 -1.0 -1.0 -1.0 1.792 1.605 4.425 907.997 0.818 1398.66 -0.575208161499933 1.0 -1.0 -1.0
13.0 99.0 Car -1.0 -1.0 -1.0 -1.0 -1.0 -1.0 -1.0 1.73 1.562 4.084 921.177 0.0 1385.781 -1.1894710605547933 1.0 -1.0 -1.0
13.0 0.0 Car -1.0 -1.0 -1.0 -1.0 -1.0 -1.0 -1.0 1.664 1.692 4.62 879.416 1.174 1403.712 2.5824415211485925 0.0 -1.0 -1.0
13.0 1.0 Car -1.0 -1.0 -1.0 -1.0 -1.0 -1.0 -1.0 1.792 1.605 4.425 910.905 0.868 1396.557 -0.6101147465398191 1.0 -1.0 -1.0
14.0 99.0 Car -1.0 -1.0 -1.0 -1.0 -1.0 -1.0 -1.0 1.73 1.562 4.084 921.898 0.0 1383.532 -1.3310864549293133 1.0 -1.0 -1.0
14.0 0.0 Car -1.0 -1.0 -1.0 -1.0 -1.0 -1.0 -1.0 1.664 1.692 4.62 875.293 1.274 1406.378 2.564988228628649 0.0 -1.0 -1.0
14.0 1.0 Car -1.0 -1.0 -1.0 -1.0 -1.0 -1.0 -1.0 1.792 1.605 4.425 913.621 0.868 1394.608 -0.6450213315797053 1.0 -1.0 -1.0
15.0 99.0 Car -1.0 -1.0 -1.0 -1.0 -1.0 -1.0 -1.0 1.73 1.562 4.084 922.265 0.0 1381.357 -1.4685770233377764 1.0 -1.0 -1.0
15.0 0.0 Car -1.0 -1.0 -1.0 -1.0 -1.0 -1.0 -1.0 1.664 1.692 4.62 871.602 0.72 1408.543 2.5824415211485925 0.0 -1.0 -1.0
15.0 1.0 Car -1.0 -1.0 -1.0 -1.0 -1.0 -1.0 -1.0 1.792 1.605 4.425 915.89 0.668 1392.645 -0.7148345016594777 1.0 -1.0 -1.0
16.0 99.0 Car -1.0 -1.0 -1.0 -1.0 -1.0 -1.0 -1.0 1.73 1.562 4.084 922.326 0.0 1378.81 -1.628860072209592 1.0 -1.0 -1.0
16.0 0.0 Car -1.0 -1.0 -1.0 -1.0 -1.0 -1.0 -1.0 1.664 1.692 4.62 868.345 0.503 1410.448 2.5909545622963694 0.0 -1.0 -1.0
16.0 1.0 Car -1.0 -1.0 -1.0 -1.0 -1.0 -1.0 -1.0 1.792 1.605 4.425 918.021 0.552 1390.428 -0.8021009642591932 1.0 -1.0 -1.0
17.0 99.0 Car -1.0 -1.0 -1.0 -1.0 -1.0 -1.0 -1.0 1.73 1.562 4.084 921.888 0.0 1375.898 -1.8272629031707488 1.0 -1.0 -1.0
17.0 0.0 Car -1.0 -1.0 -1.0 -1.0 -1.0 -1.0 -1.0 1.664 1.692 4.62 864.764 0.265 1412.544 2.6003139691061374 0.0 -1.0 -1.0
17.0 1.0 Car -1.0 -1.0 -1.0 -1.0 -1.0 -1.0 -1.0 1.792 1.605 4.425 919.946 0.674 1387.686 -0.9417273044187379 1.0 -1.0 -1.0
18.0 99.0 Car -1.0 -1.0 -1.0 -1.0 -1.0 -1.0 -1.0 1.73 1.562 4.084 920.983 0.0 1373.399 -2.024364337605703 1.0 -1.0 -1.0
18.0 0.0 Car -1.0 -1.0 -1.0 -1.0 -1.0 -1.0 -1.0 1.664 1.692 4.62 861.503 0.048 1414.451 2.6088355929442755 0.0 -1.0 -1.0
18.0 1.0 Car -1.0 -1.0 -1.0 -1.0 -1.0 -1.0 -1.0 1.792 1.605 4.425 921.346 0.784 1385.135 -1.0813536445782828 1.0 -1.0 -1.0
19.0 99.0 Car -1.0 -1.0 -1.0 -1.0 -1.0 -1.0 -1.0 1.73 1.562 4.084 919.633 0.0 1371.131 -2.194024361703803 1.0 -1.0 -1.0
19.0 0.0 Car -1.0 -1.0 -1.0 -1.0 -1.0 -1.0 -1.0 1.664 1.692 4.62 859.544 -0.33 1415.603 2.617348106188479 0.0 -1.0 -1.0
19.0 1.0 Car -1.0 -1.0 -1.0 -1.0 -1.0 -1.0 -1.0 1.792 1.605 4.425 922.374 0.945 1382.446 -1.2035266922178844 1.0 -1.0 -1.0
20.0 99.0 Car -1.0 -1.0 -1.0 -1.0 -1.0 -1.0 -1.0 1.73 1.562 4.084 917.915 0.0 1369.093 -2.342114745419018 1.0 -1.0 -1.0
20.0 0.0 Car -1.0 -1.0 -1.0 -1.0 -1.0 -1.0 -1.0 1.664 1.692 4.62 857.589 -0.513 1416.69 2.556286167619856 0.0 -1.0 -1.0
20.0 1.0 Car -1.0 -1.0 -1.0 -1.0 -1.0 -1.0 -1.0 1.792 1.605 4.425 922.857 1.056 1379.83 -1.3606063248973723 1.0 -1.0 -1.0
21.0 99.0 Car -1.0 -1.0 -1.0 -1.0 -1.0 -1.0 -1.0 1.73 1.562 4.084 916.05 0.0 1367.371 -2.4497005893893435 1.0 -1.0 -1.0
21.0 0.0 Car -1.0 -1.0 -1.0 -1.0 -1.0 -1.0 -1.0 1.664 1.692 4.62 854.302 -0.866 1419.227 2.442815180989046 0.0 -1.0 -1.0
21.0 1.0 Car -1.0 -1.0 -1.0 -1.0 -1.0 -1.0 -1.0 1.792 1.605 4.425 922.801 1.117 1377.028 -1.5176859575768604 1.0 -1.0 -1.0
22.0 99.0 Car -1.0 -1.0 -1.0 -1.0 -1.0 -1.0 -1.0 1.73 1.562 4.084 914.376 0.0 1366.09 -2.5200190376026517 1.0 -1.0 -1.0
22.0 0.0 Car -1.0 -1.0 -1.0 -1.0 -1.0 -1.0 -1.0 1.664 1.692 4.62 852.606 -1.547 1420.88 2.3486349414293852 0.0 -1.0 -1.0
22.0 1.0 Car -1.0 -1.0 -1.0 -1.0 -1.0 -1.0 -1.0 1.792 1.605 4.425 922.486 1.121 1374.602 -1.6922188827762918 1.0 -1.0 -1.0
23.0 99.0 Car -1.0 -1.0 -1.0 -1.0 -1.0 -1.0 -1.0 1.73 1.562 4.084 912.484 0.0 1364.809 -2.565658646500257 1.0 -1.0 -1.0
23.0 1.0 Car -1.0 -1.0 -1.0 -1.0 -1.0 -1.0 -1.0 1.792 1.605 4.425 921.521 1.127 1371.817 -1.884205100495665 1.0 -1.0 -1.0
24.0 99.0 Car -1.0 -1.0 -1.0 -1.0 -1.0 -1.0 -1.0 1.73 1.562 4.084 910.903 0.0 1363.81 -2.5811848079677153 1.0 -1.0 -1.0
24.0 1.0 Car -1.0 -1.0 -1.0 -1.0 -1.0 -1.0 -1.0 1.792 1.605 4.425 920.153 1.082 1369.348 -2.0936446107349824 0.0 -1.0 -1.0
25.0 99.0 Car -1.0 -1.0 -1.0 -1.0 -1.0 -1.0 -1.0 1.73 1.562 4.084 909.518 0.0 1362.95 -2.5820107010934197 1.0 -1.0 -1.0
25.0 1.0 Car -1.0 -1.0 -1.0 -1.0 -1.0 -1.0 -1.0 1.792 1.605 4.425 918.424 1.037 1367.303 -2.250724243414471 0.0 -1.0 -1.0
26.0 99.0 Car -1.0 -1.0 -1.0 -1.0 -1.0 -1.0 -1.0 1.73 1.562 4.084 908.394 0.0 1362.246 -2.57640204509655 1.0 -1.0 -1.0
26.0 1.0 Car -1.0 -1.0 -1.0 -1.0 -1.0 -1.0 -1.0 1.792 1.605 4.425 916.857 0.992 1365.752 -2.372897291054072 0.0 -1.0 -1.0
27.0 99.0 Car -1.0 -1.0 -1.0 -1.0 -1.0 -1.0 -1.0 1.73 1.562 4.084 907.487 0.0 1361.671 -2.562590345368649 1.0 -1.0 -1.0
27.0 1.0 Car -1.0 -1.0 -1.0 -1.0 -1.0 -1.0 -1.0 1.792 1.605 4.425 915.508 0.948 1364.743 -2.4427104611338444 0.0 -1.0 -1.0
28.0 99.0 Car -1.0 -1.0 -1.0 -1.0 -1.0 -1.0 -1.0 1.73 1.562 4.084 906.815 0.0 1361.226 -2.5448917632094092 1.0 -1.0 -1.0
28.0 1.0 Car -1.0 -1.0 -1.0 -1.0 -1.0 -1.0 -1.0 1.792 1.605 4.425 914.529 0.907 1364.086 -2.512523631213617 0.0 -1.0 -1.0
29.0 99.0 Car -1.0 -1.0 -1.0 -1.0 -1.0 -1.0 -1.0 1.73 1.562 4.084 906.391 0.0 1360.933 -2.5316885139750855 1.0 -1.0 -1.0
29.0 1.0 Car -1.0 -1.0 -1.0 -1.0 -1.0 -1.0 -1.0 1.792 1.605 4.425 913.85 0.921 1363.704 -2.5299769237335603 0.0 -1.0 -1.0
30.0 99.0 Car -1.0 -1.0 -1.0 -1.0 -1.0 -1.0 -1.0 1.73 1.562 4.084 906.065 0.0 1360.706 -2.5214599911332405 1.0 -1.0 -1.0
30.0 1.0 Car -1.0 -1.0 -1.0 -1.0 -1.0 -1.0 -1.0 1.792 1.605 4.425 913.216 0.939 1363.351 -2.582336801293389 0.0 -1.0 -1.0
31.0 99.0 Car -1.0 -1.0 -1.0 -1.0 -1.0 -1.0 -1.0 1.73 1.562 4.084 905.933 0.0 1360.612 -2.518421081463559 1.0 -1.0 -1.0
31.0 1.0 Car -1.0 -1.0 -1.0 -1.0 -1.0 -1.0 -1.0 1.792 1.605 4.425 912.756 0.907 1363.13 -2.6346966788532185 0.0 -1.0 -1.0
32.0 99.0 Car -1.0 -1.0 -1.0 -1.0 -1.0 -1.0 -1.0 1.73 1.562 4.084 905.928 0.0 1360.611 -2.5186432710368836 1.0 -1.0 -1.0
32.0 1.0 Car -1.0 -1.0 -1.0 -1.0 -1.0 -1.0 -1.0 1.792 1.605 4.425 912.58 0.925 1363.026 -2.6521499713731616 0.0 -1.0 -1.0
33.0 99.0 Car -1.0 -1.0 -1.0 -1.0 -1.0 -1.0 -1.0 1.73 1.562 4.084 905.934 0.0 1360.619 -2.5178850323166273 1.0 -1.0 -1.0
33.0 1.0 Car -1.0 -1.0 -1.0 -1.0 -1.0 -1.0 -1.0 1.792 1.605 4.425 912.566 0.942 1363.068 -2.617243386333276 0.0 -1.0 -1.0
34.0 99.0 Car -1.0 -1.0 -1.0 -1.0 -1.0 -1.0 -1.0 1.73 1.562 4.084 905.934 0.0 1360.621 -2.5173700716012712 1.0 -1.0 -1.0
34.0 1.0 Car -1.0 -1.0 -1.0 -1.0 -1.0 -1.0 -1.0 1.792 1.605 4.425 912.551 0.942 1363.095 -2.617243386333276 0.0 -1.0 -1.0
35.0 99.0 Car -1.0 -1.0 -1.0 -1.0 -1.0 -1.0 -1.0 1.73 1.562 4.084 905.933 0.0 1360.622 -2.517289100062882 1.0 -1.0 -1.0
35.0 1.0 Car -1.0 -1.0 -1.0 -1.0 -1.0 -1.0 -1.0 1.792 1.605 4.425 912.559 0.942 1363.095 -2.617243386333276 0.0 -1.0 -1.0
