0.0 99.0 Car -1.0 -1.0 -1.0 -1.0 -1.0 -1.0 -1.0 1.73 1.562 4.084 529.955 0.0 1706.557 -1.729660749250759 1.0 -1.0 -1.0
0.0 0.0 Bus -1.0 -1.0 -1.0 -1.0 -1.0 -1.0 -1.0 2.717 3.369 11.088 546.686 4.22 1743.083 -2.3394186770891454 0.0 -1.0 -1.0
1.0 99.0 Car -1.0 -1.0 -1.0 -1.0 -1.0 -1.0 -1.0 1.73 1.562 4.084 529.652 0.0 1704.411 -1.701946001550436 1.0 -1.0 -1.0
1.0 0.0 Bus -1.0 -1.0 -1.0 -1.0 -1.0 -1.0 -1.0 2.717 3.369 11.088 545.27 4.24 1741.448 -2.327695407474067 1.0 -1.0 -1.0
2.0 99.0 Car -1.0 -1.0 -1.0 -1.0 -1.0 -1.0 -1.0 1.73 1.562 4.084 529.425 0.0 1702.527 -1.6785076526166638 1.0 -1.0 -1.0
2.0 0.0 Bus -1.0 -1.0 -1.0 -1.0 -1.0 -1.0 -1.0 2.717 3.369 11.088 543.855 4.261 1739.814 -2.3159747172878355 1.0 -1.0 -1.0
3.0 99.0 Car -1.0 -1.0 -1.0 -1.0 -1.0 -1.0 -1.0 1.73 1.562 4.084 529.272 0.0 1700.918 -1.6554609485671605 1.0 -1.0 -1.0
3.0 0.0 Bus -1.0 -1.0 -1.0 -1.0 -1.0 -1.0 -1.0 2.717 3.369 11.088 542.533 4.211 1738.167 -2.292826205412811 1.0 -1.0 -1.0
4.0 99.0 Car -1.0 -1.0 -1.0 -1.0 -1.0 -1.0 -1.0 1.73 1.562 4.084 529.169 0.0 1699.509 -1.637021687420856 1.0 -1.0 -1.0
4.0 0.0 Bus -1.0 -1.0 -1.0 -1.0 -1.0 -1.0 -1.0 2.717 3.369 11.088 541.212 4.161 1736.521 -2.2697049849836586 1.0 -1.0 -1.0
5.0 99.0 Car -1.0 -1.0 -1.0 -1.0 -1.0 -1.0 -1.0 1.73 1.562 4.084 529.123 0.0 1698.665 -1.6255464765870822 1.0 -1.0 -1.0
5.0 0.0 Bus -1.0 -1.0 -1.0 -1.0 -1.0 -1.0 -1.0 2.717 3.369 11.088 540.071 4.196 1735.036 -2.2626528661461127 1.0 -1.0 -1.0
6.0 99.0 Car -1.0 -1.0 -1.0 -1.0 -1.0 -1.0 -1.0 1.73 1.562 4.084 529.098 0.0 1697.969 -1.616285706306407 1.0 -1.0 -1.0
6.0 0.0 Bus -1.0 -1.0 -1.0 -1.0 -1.0 -1.0 -1.0 2.717 3.369 11.088 538.734 4.042 1733.243 -2.2066143766813378 1.0 -1.0 -1.0
7.0 99.0 Car -1.0 -1.0 -1.0 -1.0 -1.0 -1.0 -1.0 1.73 1.562 4.084 529.085 0.0 1697.567 -1.610771858299731 1.0 -1.0 -1.0
7.0 0.0 Bus -1.0 -1.0 -1.0 -1.0 -1.0 -1.0 -1.0 2.717 3.369 11.088 537.5 3.887 1731.381 -2.1506429601564205 1.0 -1.0 -1.0
8.0 99.0 Car -1.0 -1.0 -1.0 -1.0 -1.0 -1.0 -1.0 1.73 1.562 4.084 529.085 0.0 1697.409 -1.609277654285348 1.0 -1.0 -1.0
8.0 0.0 Bus -1.0 -1.0 -1.0 -1.0 -1.0 -1.0 -1.0 2.717 3.369 11.088 536.372 3.732 1729.453 -2.094669192159488 1.0 -1.0 -1.0
9.0 99.0 Car -1.0 -1.0 -1.0 -1.0 -1.0 -1.0 -1.0 1.73 1.562 4.084 529.088 0.0 1697.425 -1.6089054749437892 1.0 -1.0 -1.0
9.0 0.0 Bus -1.0 -1.0 -1.0 -1.0 -1.0 -1.0 -1.0 2.717 3.369 11.088 535.356 3.578 1727.467 -2.038754770837223 1.0 -1.0 -1.0
10.0 99.0 Car -1.0 -1.0 -1.0 -1.0 -1.0 -1.0 -1.0 1.73 1.562 4.084 529.089 0.0 1697.431 -1.6082262989564173 1.0 -1.0 -1.0
10.0 0.0 Bus -1.0 -1.0 -1.0 -1.0 -1.0 -1.0 -1.0 2.717 3.369 11.088 534.535 3.438 1725.63 -1.9883561190382406 1.0 -1.0 -1.0
11.0 99.0 Car -1.0 -1.0 -1.0 -1.0 -1.0 -1.0 -1.0 1.73 1.562 4.084 529.089 0.0 1697.386 -1.6062726397560023 1.0 -1.0 -1.0
11.0 0.0 Bus -1.0 -1.0 -1.0 -1.0 -1.0 -1.0 -1.0 2.717 3.369 11.088 533.734 3.284 1723.545 -1.9323782079715681 1.0 -1.0 -1.0
12.0 99.0 Car -1.0 -1.0 -1.0 -1.0 -1.0 -1.0 -1.0 1.73 1.562 4.084 529.081 0.0 1697.107 -1.5981885434901633 1.0 -1.0 -1.0
12.0 0.0 Bus -1.0 -1.0 -1.0 -1.0 -1.0 -1.0 -1.0 2.717 3.369 11.088 533.061 2.988 1720.88 -1.8816520685592073 1.0 -1.0 -1.0
13.0 99.0 Car -1.0 -1.0 -1.0 -1.0 -1.0 -1.0 -1.0 1.73 1.562 4.084 529.066 0.0 1696.43 -1.581312880946466 1.0 -1.0 -1.0
13.0 0.0 Bus -1.0 -1.0 -1.0 -1.0 -1.0 -1.0 -1.0 2.717 3.369 11.088 532.567 2.72 1718.438 -1.8356597928353804 1.0 -1.0 -1.0
14.0 99.0 Car -1.0 -1.0 -1.0 -1.0 -1.0 -1.0 -1.0 1.73 1.562 4.084 529.071 0.0 1695.443 -1.5395945847137176 1.0 -1.0 -1.0
14.0 0.0 Bus -1.0 -1.0 -1.0 -1.0 -1.0 -1.0 -1.0 2.717 3.369 11.088 532.187 2.451 1715.972 -1.7896174096700908 1.0 -1.0 -1.0
15.0 99.0 Car -1.0 -1.0 -1.0 -1.0 -1.0 -1.0 -1.0 1.73 1.562 4.084 529.154 0.0 1694.237 -1.4471294957104297 1.0 -1.0 -1.0
15.0 0.0 Bus -1.0 -1.0 -1.0 -1.0 -1.0 -1.0 -1.0 2.717 3.369 11.088 531.747 2.381 1713.793 -1.767867214694965 1.0 -1.0 -1.0
16.0 99.0 Car -1.0 -1.0 -1.0 -1.0 -1.0 -1.0 -1.0 1.73 1.562 4.084 529.422 0.0 1692.868 -1.2824232064688532 1.0 -1.0 -1.0
16.0 0.0 Bus -1.0 -1.0 -1.0 -1.0 -1.0 -1.0 -1.0 2.717 3.369 11.088 531.308 2.312 1711.614 -1.746119021114038 1.0 -1.0 -1.0
17.0 99.0 Car -1.0 -1.0 -1.0 -1.0 -1.0 -1.0 -1.0 1.73 1.562 4.084 529.985 0.0 1691.458 -1.0799056646475838 1.0 -1.0 -1.0
17.0 0.0 Bus -1.0 -1.0 -1.0 -1.0 -1.0 -1.0 -1.0 2.717 3.369 11.088 530.913 2.267 1709.377 -1.750535950941581 1.0 -1.0 -1.0
18.0 99.0 Car -1.0 -1.0 -1.0 -1.0 -1.0 -1.0 -1.0 1.73 1.562 4.084 530.943 0.0 1690.045 -0.8472584859535602 1.0 -1.0 -1.0
18.0 0.0 Bus -1.0 -1.0 -1.0 -1.0 -1.0 -1.0 -1.0 2.717 3.369 11.088 530.518 2.222 1707.14 -1.7549527395471272 1.0 -1.0 -1.0
19.0 99.0 Car -1.0 -1.0 -1.0 -1.0 -1.0 -1.0 -1.0 1.73 1.562 4.084 532.321 0.0 1688.814 -0.5933355014061714 1.0 -1.0 -1.0
19.0 1.0 Car -1.0 -1.0 -1.0 -1.0 -1.0 -1.0 -1.0 1.778 1.601 4.043 586.661 -0.648 1667.125 2.7369531021254656 0.0 -1.0 -1.0
19.0 0.0 Bus -1.0 -1.0 -1.0 -1.0 -1.0 -1.0 -1.0 2.717 3.369 11.088 530.126 2.206 1705.43 -1.7549527395471272 1.0 -1.0 -1.0
20.0 99.0 Car -1.0 -1.0 -1.0 -1.0 -1.0 -1.0 -1.0 1.73 1.562 4.084 534.052 0.0 1687.908 -0.3861619818002025 1.0 -1.0 -1.0
20.0 1.0 Car -1.0 -1.0 -1.0 -1.0 -1.0 -1.0 -1.0 1.778 1.601 4.043 583.878 -0.498 1668.594 2.745675037438007 1.0 -1.0 -1.0
20.0 0.0 Bus -1.0 -1.0 -1.0 -1.0 -1.0 -1.0 -1.0 2.717 3.369 11.088 529.734 2.189 1703.719 -1.7549527395471272 1.0 -1.0 -1.0
21.0 99.0 Car -1.0 -1.0 -1.0 -1.0 -1.0 -1.0 -1.0 1.73 1.562 4.084 536.097 0.0 1687.207 -0.2885364459059608 1.0 -1.0 -1.0
21.0 1.0 Car -1.0 -1.0 -1.0 -1.0 -1.0 -1.0 -1.0 1.778 1.601 4.043 581.092 -0.348 1670.065 2.754406394645409 1.0 -1.0 -1.0
21.0 0.0 Bus -1.0 -1.0 -1.0 -1.0 -1.0 -1.0 -1.0 2.717 3.369 11.088 529.341 2.172 1702.007 -1.7549527395471272 1.0 -1.0 -1.0
22.0 99.0 Car -1.0 -1.0 -1.0 -1.0 -1.0 -1.0 -1.0 1.73 1.562 4.084 538.422 0.0 1686.562 -0.25938055297822116 1.0 -1.0 -1.0
22.0 1.0 Car -1.0 -1.0 -1.0 -1.0 -1.0 -1.0 -1.0 1.778 1.601 4.043 579.062 -0.165 1670.809 2.754406394645409 1.0 -1.0 -1.0
22.0 0.0 Bus -1.0 -1.0 -1.0 -1.0 -1.0 -1.0 -1.0 2.717 3.369 11.088 529.15 2.155 1700.884 -1.7607684367174326 1.0 -1.0 -1.0
23.0 99.0 Car -1.0 -1.0 -1.0 -1.0 -1.0 -1.0 -1.0 1.73 1.562 4.084 540.963 0.0 1685.88 -0.2592226016905389 1.0 -1.0 -1.0
23.0 1.0 Car -1.0 -1.0 -1.0 -1.0 -1.0 -1.0 -1.0 1.778 1.601 4.043 576.962 -0.124 1671.542 2.754406394645409 1.0 -1.0 -1.0
23.0 0.0 Bus -1.0 -1.0 -1.0 -1.0 -1.0 -1.0 -1.0 2.717 3.369 11.088 528.958 2.137 1699.761 -1.7665903348967638 1.0 -1.0 -1.0
24.0 99.0 Car -1.0 -1.0 -1.0 -1.0 -1.0 -1.0 -1.0 1.73 1.562 4.084 543.638 0.0 1685.167 -0.26041026316307636 1.0 -1.0 -1.0
24.0 1.0 Car -1.0 -1.0 -1.0 -1.0 -1.0 -1.0 -1.0 1.778 1.601 4.043 574.865 -0.082 1672.274 2.754406394645409 1.0 -1.0 -1.0
24.0 0.0 Bus -1.0 -1.0 -1.0 -1.0 -1.0 -1.0 -1.0 2.717 3.369 11.088 528.766 2.12 1698.638 -1.7724060320670694 1.0 -1.0 -1.0
25.0 99.0 Car -1.0 -1.0 -1.0 -1.0 -1.0 -1.0 -1.0 1.73 1.562 4.084 546.418 0.0 1684.412 -0.2604768460015806 1.0 -1.0 -1.0
25.0 1.0 Car -1.0 -1.0 -1.0 -1.0 -1.0 -1.0 -1.0 1.778 1.601 4.043 572.587 0.092 1673.127 2.780585494553261 1.0 -1.0 -1.0
25.0 0.0 Bus -1.0 -1.0 -1.0 -1.0 -1.0 -1.0 -1.0 2.717 3.369 11.088 528.532 2.331 1697.267 -1.8188862094358786 1.0 -1.0 -1.0
26.0 99.0 Car -1.0 -1.0 -1.0 -1.0 -1.0 -1.0 -1.0 1.73 1.562 4.084 549.4 0.0 1683.594 -0.2613037189831327 1.0 -1.0 -1.0
26.0 1.0 Car -1.0 -1.0 -1.0 -1.0 -1.0 -1.0 -1.0 1.778 1.601 4.043 570.287 0.266 1673.921 2.806766272205239 1.0 -1.0 -1.0
26.0 0.0 Bus -1.0 -1.0 -1.0 -1.0 -1.0 -1.0 -1.0 2.717 3.369 11.088 528.234 2.542 1695.908 -1.8653693655871832 1.0 -1.0 -1.0
27.0 99.0 Car -1.0 -1.0 -1.0 -1.0 -1.0 -1.0 -1.0 1.73 1.562 4.084 552.489 0.0 1682.734 -0.26608449352858515 1.0 -1.0 -1.0
27.0 1.0 Car -1.0 -1.0 -1.0 -1.0 -1.0 -1.0 -1.0 1.778 1.601 4.043 567.997 0.358 1674.644 2.804981796286416 1.0 -1.0 -1.0
27.0 0.0 Bus -1.0 -1.0 -1.0 -1.0 -1.0 -1.0 -1.0 2.717 3.369 11.088 527.252 2.4 1694.459 -1.9827947711238922 0.0 -1.0 -1.0
28.0 99.0 Car -1.0 -1.0 -1.0 -1.0 -1.0 -1.0 -1.0 1.73 1.562 4.084 555.728 0.0 1681.814 -0.2778944425430105 1.0 -1.0 -1.0
28.0 1.0 Car -1.0 -1.0 -1.0 -1.0 -1.0 -1.0 -1.0 1.778 1.601 4.043 565.707 0.449 1675.367 2.80319718842246 0.0 -1.0 -1.0
28.0 0.0 Bus -1.0 -1.0 -1.0 -1.0 -1.0 -1.0 -1.0 2.717 3.369 11.088 525.98 2.467 1693.036 -2.156087671832573 0.0 -1.0 -1.0
29.0 99.0 Car -1.0 -1.0 -1.0 -1.0 -1.0 -1.0 -1.0 1.73 1.562 4.084 559.114 0.0 1680.801 -0.29725036032946994 1.0 -1.0 -1.0
29.0 1.0 Car -1.0 -1.0 -1.0 -1.0 -1.0 -1.0 -1.0 1.778 1.601 4.043 563.496 0.524 1676.131 2.80319718842246 0.0 -1.0 -1.0
29.0 0.0 Bus -1.0 -1.0 -1.0 -1.0 -1.0 -1.0 -1.0 2.717 3.369 11.088 524.482 2.533 1691.854 -2.3293746857512305 0.0 -1.0 -1.0
30.0 99.0 Car -1.0 -1.0 -1.0 -1.0 -1.0 -1.0 -1.0 1.73 1.562 4.084 562.551 0.0 1679.707 -0.3143333349003929 1.0 -1.0 -1.0
30.0 1.0 Car -1.0 -1.0 -1.0 -1.0 -1.0 -1.0 -1.0 1.778 1.601 4.043 561.617 0.735 1676.813 2.80319718842246 0.0 -1.0 -1.0
30.0 0.0 Bus -1.0 -1.0 -1.0 -1.0 -1.0 -1.0 -1.0 2.717 3.369 11.088 522.805 2.6 1690.949 -2.5024726298256375 0.0 -1.0 -1.0
31.0 99.0 Car -1.0 -1.0 -1.0 -1.0 -1.0 -1.0 -1.0 1.73 1.562 4.084 566.017 0.0 1678.538 -0.32438765393947583 1.0 -1.0 -1.0
31.0 1.0 Car -1.0 -1.0 -1.0 -1.0 -1.0 -1.0 -1.0 1.778 1.601 4.043 559.396 0.878 1677.563 2.80319718842246 0.0 -1.0 -1.0
31.0 0.0 Bus -1.0 -1.0 -1.0 -1.0 -1.0 -1.0 -1.0 2.717 3.369 11.088 520.996 2.667 1690.347 -2.6755875417065798 0.0 -1.0 -1.0
32.0 99.0 Car -1.0 -1.0 -1.0 -1.0 -1.0 -1.0 -1.0 1.73 1.562 4.084 569.534 0.0 1677.324 -0.32902515586847436 1.0 -1.0 -1.0
32.0 1.0 Car -1.0 -1.0 -1.0 -1.0 -1.0 -1.0 -1.0 1.778 1.601 4.043 557.172 1.021 1678.313 2.80319718842246 0.0 -1.0 -1.0
32.0 0.0 Bus -1.0 -1.0 -1.0 -1.0 -1.0 -1.0 -1.0 2.717 3.369 11.088 519.109 2.733 1690.064 -2.8488610506363625 0.0 -1.0 -1.0
33.0 99.0 Car -1.0 -1.0 -1.0 -1.0 -1.0 -1.0 -1.0 1.73 1.562 4.084 573.083 0.0 1676.076 -0.3352327020944415 1.0 -1.0 -1.0
33.0 1.0 Car -1.0 -1.0 -1.0 -1.0 -1.0 -1.0 -1.0 1.778 1.601 4.043 554.722 1.239 1679.169 2.81746328598633 0.0 -1.0 -1.0
33.0 0.0 Bus -1.0 -1.0 -1.0 -1.0 -1.0 -1.0 -1.0 2.717 3.369 11.088 516.402 2.83 1689.692 -2.9307398766797137 0.0 -1.0 -1.0
34.0 99.0 Car -1.0 -1.0 -1.0 -1.0 -1.0 -1.0 -1.0 1.73 1.562 4.084 576.631 0.0 1674.803 -0.34605193575747145 1.0 -1.0 -1.0
34.0 1.0 Car -1.0 -1.0 -1.0 -1.0 -1.0 -1.0 -1.0 1.778 1.601 4.043 552.278 1.457 1680.024 2.8316967931349186 0.0 -1.0 -1.0
34.0 0.0 Bus -1.0 -1.0 -1.0 -1.0 -1.0 -1.0 -1.0 2.717 3.369 11.088 513.679 2.927 1689.543 -3.012431653326306 0.0 -1.0 -1.0
35.0 99.0 Car -1.0 -1.0 -1.0 -1.0 -1.0 -1.0 -1.0 1.73 1.562 4.084 580.22 0.0 1673.473 -0.36111437796781637 1.0 -1.0 -1.0
35.0 1.0 Car -1.0 -1.0 -1.0 -1.0 -1.0 -1.0 -1.0 1.778 1.601 4.043 549.833 1.701 1680.718 2.84043312651327 0.0 -1.0 -1.0
35.0 0.0 Bus -1.0 -1.0 -1.0 -1.0 -1.0 -1.0 -1.0 2.717 3.369 11.088 510.942 3.024 1689.617 -3.0944873737203586 0.0 -1.0 -1.0
36.0 99.0 Car -1.0 -1.0 -1.0 -1.0 -1.0 -1.0 -1.0 1.73 1.562 4.084 583.811 0.0 1672.054 -0.3849620907706784 1.0 -1.0 -1.0
36.0 1.0 Car -1.0 -1.0 -1.0 -1.0 -1.0 -1.0 -1.0 1.778 1.601 4.043 547.394 1.943 1681.41 2.849150085654862 0.0 -1.0 -1.0
36.0 0.0 Bus -1.0 -1.0 -1.0 -1.0 -1.0 -1.0 -1.0 2.717 3.369 11.088 508.225 3.121 1689.915 3.1068241849389056 0.0 -1.0 -1.0
37.0 99.0 Car -1.0 -1.0 -1.0 -1.0 -1.0 -1.0 -1.0 1.73 1.562 4.084 587.258 0.0 1670.584 -0.4038427760674997 1.0 -1.0 -1.0
37.0 1.0 Car -1.0 -1.0 -1.0 -1.0 -1.0 -1.0 -1.0 1.778 1.601 4.043 545.041 2.111 1682.048 2.851656767379839 0.0 -1.0 -1.0
37.0 0.0 Bus -1.0 -1.0 -1.0 -1.0 -1.0 -1.0 -1.0 2.717 3.369 11.088 505.545 3.217 1690.433 3.025036099145821 0.0 -1.0 -1.0
38.0 99.0 Car -1.0 -1.0 -1.0 -1.0 -1.0 -1.0 -1.0 1.73 1.562 4.084 590.694 0.0 1669.076 -0.41074046105399675 1.0 -1.0 -1.0
38.0 1.0 Car -1.0 -1.0 -1.0 -1.0 -1.0 -1.0 -1.0 1.778 1.601 4.043 542.683 2.28 1682.687 2.8541688656304602 0.0 -1.0 -1.0
38.0 0.0 Bus -1.0 -1.0 -1.0 -1.0 -1.0 -1.0 -1.0 2.717 3.369 11.088 502.708 3.574 1690.155 3.0163968123992495 0.0 -1.0 -1.0
39.0 99.0 Car -1.0 -1.0 -1.0 -1.0 -1.0 -1.0 -1.0 1.73 1.562 4.084 594.051 0.0 1667.609 -0.4139344664210839 1.0 -1.0 -1.0
39.0 1.0 Car -1.0 -1.0 -1.0 -1.0 -1.0 -1.0 -1.0 1.778 1.601 4.043 540.578 2.473 1683.271 2.8541688656304602 0.0 -1.0 -1.0
