0.0 99.0 Car -1.0 -1.0 -1.0 -1.0 -1.0 -1.0 -1.0 1.73 1.562 4.084 2504.492 0.0 1178.783 -1.6453073664118445 1.0 -1.0 -1.0
0.0 0.0 Truck -1.0 -1.0 -1.0 -1.0 -1.0 -1.0 -1.0 2.358 3.289 6.809 2494.178 -1.468 1078.84 1.680664803236101 0.0 -1.0 -1.0
1.0 99.0 Car -1.0 -1.0 -1.0 -1.0 -1.0 -1.0 -1.0 1.73 1.562 4.084 2504.117 0.0 1174.32 -1.6586778540300002 1.0 -1.0 -1.0
1.0 0.0 Truck -1.0 -1.0 -1.0 -1.0 -1.0 -1.0 -1.0 2.358 3.289 6.809 2493.556 -1.184 1085.823 1.6457582181962143 1.0 -1.0 -1.0
2.0 99.0 Car -1.0 -1.0 -1.0 -1.0 -1.0 -1.0 -1.0 1.73 1.562 4.084 2503.633 0.0 1169.303 -1.6664778726003904 1.0 -1.0 -1.0
2.0 0.0 Truck -1.0 -1.0 -1.0 -1.0 -1.0 -1.0 -1.0 2.358 3.289 6.809 2493.197 -0.851 1092.143 1.6166693973296424 1.0 -1.0 -1.0
3.0 99.0 Car -1.0 -1.0 -1.0 -1.0 -1.0 -1.0 -1.0 1.73 1.562 4.084 2503.145 0.0 1164.314 -1.6653367765055258 1.0 -1.0 -1.0
3.0 0.0 Truck -1.0 -1.0 -1.0 -1.0 -1.0 -1.0 -1.0 2.358 3.289 6.809 2493.021 -0.518 1098.47 1.5875805764630702 1.0 -1.0 -1.0
4.0 99.0 Car -1.0 -1.0 -1.0 -1.0 -1.0 -1.0 -1.0 1.73 1.562 4.084 2502.672 0.0 1159.319 -1.6591765011864426 1.0 -1.0 -1.0
4.0 0.0 Truck -1.0 -1.0 -1.0 -1.0 -1.0 -1.0 -1.0 2.358 3.289 6.809 2493.029 -0.184 1104.8 1.5584917555964979 1.0 -1.0 -1.0
5.0 99.0 Car -1.0 -1.0 -1.0 -1.0 -1.0 -1.0 -1.0 1.73 1.562 4.084 2502.204 0.0 1153.862 -1.651588796725464 1.0 -1.0 -1.0
5.0 0.0 Truck -1.0 -1.0 -1.0 -1.0 -1.0 -1.0 -1.0 2.358 3.289 6.809 2493.167 0.166 1111.589 1.5584917555964979 1.0 -1.0 -1.0
6.0 99.0 Car -1.0 -1.0 -1.0 -1.0 -1.0 -1.0 -1.0 1.73 1.562 4.084 2501.801 0.0 1148.898 -1.6459077058029894 1.0 -1.0 -1.0
6.0 0.0 Truck -1.0 -1.0 -1.0 -1.0 -1.0 -1.0 -1.0 2.358 3.289 6.809 2493.346 0.516 1117.863 1.5584917555964979 0.0 -1.0 -1.0
7.0 99.0 Car -1.0 -1.0 -1.0 -1.0 -1.0 -1.0 -1.0 1.73 1.562 4.084 2501.429 0.0 1143.99 -1.6385522039697684 1.0 -1.0 -1.0
7.0 0.0 Truck -1.0 -1.0 -1.0 -1.0 -1.0 -1.0 -1.0 2.358 3.289 6.809 2493.602 0.866 1124.275 1.5410384630765546 0.0 -1.0 -1.0
8.0 99.0 Car -1.0 -1.0 -1.0 -1.0 -1.0 -1.0 -1.0 1.73 1.562 4.084 2501.09 0.0 1139.007 -1.6277724349203853 1.0 -1.0 -1.0
8.0 0.0 Truck -1.0 -1.0 -1.0 -1.0 -1.0 -1.0 -1.0 2.358 3.289 6.809 2493.858 1.216 1130.687 1.5235851705566112 0.0 -1.0 -1.0
9.0 99.0 Car -1.0 -1.0 -1.0 -1.0 -1.0 -1.0 -1.0 1.73 1.562 4.084 2500.829 0.0 1133.922 -1.6056930442861177 1.0 -1.0 -1.0
9.0 0.0 Truck -1.0 -1.0 -1.0 -1.0 -1.0 -1.0 -1.0 2.358 3.289 6.809 2494.205 1.676 1137.051 1.5410384630765546 0.0 -1.0 -1.0
10.0 99.0 Car -1.0 -1.0 -1.0 -1.0 -1.0 -1.0 -1.0 1.73 1.562 4.084 2500.698 0.0 1128.871 -1.582857913303446 1.0 -1.0 -1.0
10.0 0.0 Truck -1.0 -1.0 -1.0 -1.0 -1.0 -1.0 -1.0 2.358 3.289 6.809 2494.649 2.136 1143.455 1.5061318780366681 0.0 -1.0 -1.0
11.0 99.0 Car -1.0 -1.0 -1.0 -1.0 -1.0 -1.0 -1.0 1.73 1.562 4.084 2500.648 0.0 1123.815 -1.5645195392742282 1.0 -1.0 -1.0
11.0 0.0 Truck -1.0 -1.0 -1.0 -1.0 -1.0 -1.0 -1.0 2.358 3.289 6.809 2495.253 2.647 1149.827 1.4886785855167246 0.0 -1.0 -1.0
12.0 99.0 Car -1.0 -1.0 -1.0 -1.0 -1.0 -1.0 -1.0 1.73 1.562 4.084 2500.709 0.0 1118.731 -1.5415158446510462 1.0 -1.0 -1.0
12.0 0.0 Truck -1.0 -1.0 -1.0 -1.0 -1.0 -1.0 -1.0 2.358 3.289 6.809 2495.857 3.157 1156.2 1.4712252929967815 0.0 -1.0 -1.0
13.0 99.0 Car -1.0 -1.0 -1.0 -1.0 -1.0 -1.0 -1.0 1.73 1.562 4.084 2500.883 0.0 1113.689 -1.5140286520393507 1.0 -1.0 -1.0
13.0 0.0 Truck -1.0 -1.0 -1.0 -1.0 -1.0 -1.0 -1.0 2.358 3.289 6.809 2496.434 3.617 1162.528 1.4712252929967815 0.0 -1.0 -1.0
14.0 99.0 Car -1.0 -1.0 -1.0 -1.0 -1.0 -1.0 -1.0 1.73 1.562 4.084 2501.196 0.0 1108.676 -1.4865330469836968 1.0 -1.0 -1.0
14.0 0.0 Truck -1.0 -1.0 -1.0 -1.0 -1.0 -1.0 -1.0 2.358 3.289 6.809 2497.01 3.977 1168.856 1.4712252929967815 0.0 -1.0 -1.0
15.0 99.0 Car -1.0 -1.0 -1.0 -1.0 -1.0 -1.0 -1.0 1.73 1.562 4.084 2501.647 0.0 1103.793 -1.460473965127889 1.0 -1.0 -1.0
15.0 0.0 Truck -1.0 -1.0 -1.0 -1.0 -1.0 -1.0 -1.0 2.358 3.289 6.809 2497.582 4.588 1175.137 1.4712252929967815 0.0 -1.0 -1.0
16.0 99.0 Car -1.0 -1.0 -1.0 -1.0 -1.0 -1.0 -1.0 1.73 1.562 4.084 2502.2 0.0 1098.924 -1.4418122805184774 1.0 -1.0 -1.0
16.0 0.0 Truck -1.0 -1.0 -1.0 -1.0 -1.0 -1.0 -1.0 2.358 3.289 6.809 2498.2 4.848 1181.414 1.4886785855167246 0.0 -1.0 -1.0
17.0 99.0 Car -1.0 -1.0 -1.0 -1.0 -1.0 -1.0 -1.0 1.73 1.562 4.084 2502.756 0.0 1094.644 -1.4296183022857452 1.0 -1.0 -1.0
17.0 0.0 Truck -1.0 -1.0 -1.0 -1.0 -1.0 -1.0 -1.0 2.358 3.289 6.809 2498.576 5.108 1187.149 1.4886785855167246 0.0 -1.0 -1.0
