0.0 99.0 Car -1.0 -1.0 -1.0 -1.0 -1.0 -1.0 -1.0 1.73 1.562 4.084 817.394 0.0 508.027 -0.3813629718836025 1.0 -1.0 -1.0
0.0 0.0 Truck -1.0 -1.0 -1.0 -1.0 -1.0 -1.0 -1.0 2.396 2.785 6.479 787.315 1.49 472.167 -2.3326325449027454 0.0 -1.0 -1.0
0.0 4.0 Truck -1.0 -1.0 -1.0 -1.0 -1.0 -1.0 -1.0 2.806 3.535 11.156 770.355 2.85 440.364 1.0466042180871389 0.0 -1.0 -1.0
1.0 99.0 Car -1.0 -1.0 -1.0 -1.0 -1.0 -1.0 -1.0 1.73 1.562 4.084 818.597 0.0 507.648 -0.19262149973265547 1.0 -1.0 -1.0
1.0 0.0 Truck -1.0 -1.0 -1.0 -1.0 -1.0 -1.0 -1.0 2.396 2.785 6.479 786.55 1.49 471.241 -2.3326325449027454 1.0 -1.0 -1.0
1.0 4.0 Truck -1.0 -1.0 -1.0 -1.0 -1.0 -1.0 -1.0 2.806 3.535 11.156 770.828 2.72 442.66 0.9627725957765858 1.0 -1.0 -1.0
1.0 3.0 Car -1.0 -1.0 -1.0 -1.0 -1.0 -1.0 -1.0 2.103 1.73 4.583 806.122 0.893 491.876 -2.2327298989851196 0.0 -1.0 -1.0
2.0 99.0 Car -1.0 -1.0 -1.0 -1.0 -1.0 -1.0 -1.0 1.73 1.562 4.084 820.4 0.0 507.498 0.06822886948656937 1.0 -1.0 -1.0
2.0 0.0 Truck -1.0 -1.0 -1.0 -1.0 -1.0 -1.0 -1.0 2.396 2.785 6.479 784.921 1.748 469.409 -2.3326325449027454 1.0 -1.0 -1.0
2.0 2.0 Car -1.0 -1.0 -1.0 -1.0 -1.0 -1.0 -1.0 2.112 1.694 4.746 795.198 0.696 478.872 -2.3326325449027454 0.0 -1.0 -1.0
2.0 4.0 Truck -1.0 -1.0 -1.0 -1.0 -1.0 -1.0 -1.0 2.806 3.535 11.156 771.492 2.591 444.911 0.8788430916963944 1.0 -1.0 -1.0
2.0 3.0 Car -1.0 -1.0 -1.0 -1.0 -1.0 -1.0 -1.0 2.103 1.73 4.583 806.122 0.768 491.771 -2.2327298989851196 0.0 -1.0 -1.0
3.0 99.0 Car -1.0 -1.0 -1.0 -1.0 -1.0 -1.0 -1.0 1.73 1.562 4.084 822.653 0.0 507.955 0.38250162281381545 1.0 -1.0 -1.0
3.0 1.0 Car -1.0 -1.0 -1.0 -1.0 -1.0 -1.0 -1.0 2.09 1.549 4.662 878.78 -0.04 582.002 -2.337641640373551 0.0 -1.0 -1.0
3.0 0.0 Truck -1.0 -1.0 -1.0 -1.0 -1.0 -1.0 -1.0 2.396 2.785 6.479 784.43 1.335 467.818 -2.3326325449027454 0.0 -1.0 -1.0
3.0 2.0 Car -1.0 -1.0 -1.0 -1.0 -1.0 -1.0 -1.0 2.112 1.694 4.746 794.708 0.49 477.49 -2.3326325449027454 1.0 -1.0 -1.0
3.0 4.0 Truck -1.0 -1.0 -1.0 -1.0 -1.0 -1.0 -1.0 2.806 3.535 11.156 773.427 2.46 447.933 0.8788430916963944 1.0 -1.0 -1.0
3.0 3.0 Car -1.0 -1.0 -1.0 -1.0 -1.0 -1.0 -1.0 2.103 1.73 4.583 806.122 0.643 491.666 -2.2327298989851196 0.0 -1.0 -1.0
4.0 99.0 Car -1.0 -1.0 -1.0 -1.0 -1.0 -1.0 -1.0 1.73 1.562 4.084 824.913 0.0 509.2 0.6522247577685178 1.0 -1.0 -1.0
4.0 1.0 Car -1.0 -1.0 -1.0 -1.0 -1.0 -1.0 -1.0 2.09 1.549 4.662 877.14 0.127 579.887 -2.337641640373551 1.0 -1.0 -1.0
4.0 0.0 Truck -1.0 -1.0 -1.0 -1.0 -1.0 -1.0 -1.0 2.396 2.785 6.479 784.47 2.039 467.145 -2.3326325449027454 0.0 -1.0 -1.0
4.0 2.0 Car -1.0 -1.0 -1.0 -1.0 -1.0 -1.0 -1.0 2.112 1.694 4.746 793.234 1.273 476.818 -2.3326325449027454 1.0 -1.0 -1.0
4.0 4.0 Truck -1.0 -1.0 -1.0 -1.0 -1.0 -1.0 -1.0 2.806 3.535 11.156 775.951 2.158 450.478 0.8788430916963944 1.0 -1.0 -1.0
4.0 3.0 Car -1.0 -1.0 -1.0 -1.0 -1.0 -1.0 -1.0 2.103 1.73 4.583 806.203 0.817 491.777 -2.2327298989851196 1.0 -1.0 -1.0
5.0 99.0 Car -1.0 -1.0 -1.0 -1.0 -1.0 -1.0 -1.0 1.73 1.562 4.084 827.122 0.0 511.058 0.7670427568025477 1.0 -1.0 -1.0
5.0 1.0 Car -1.0 -1.0 -1.0 -1.0 -1.0 -1.0 -1.0 2.09 1.549 4.662 875.504 0.294 577.777 -2.337641640373551 1.0 -1.0 -1.0
5.0 0.0 Truck -1.0 -1.0 -1.0 -1.0 -1.0 -1.0 -1.0 2.396 2.785 6.479 783.209 1.995 466.072 -2.3326325449027454 0.0 -1.0 -1.0
5.0 2.0 Car -1.0 -1.0 -1.0 -1.0 -1.0 -1.0 -1.0 2.112 1.694 4.746 792.105 1.159 475.329 -2.297725959862859 0.0 -1.0 -1.0
5.0 4.0 Truck -1.0 -1.0 -1.0 -1.0 -1.0 -1.0 -1.0 2.806 3.535 11.156 777.967 1.959 453.434 0.8788430916963944 1.0 -1.0 -1.0
5.0 3.0 Car -1.0 -1.0 -1.0 -1.0 -1.0 -1.0 -1.0 2.103 1.73 4.583 806.075 1.101 491.825 -2.2327298989851196 1.0 -1.0 -1.0
6.0 99.0 Car -1.0 -1.0 -1.0 -1.0 -1.0 -1.0 -1.0 1.73 1.562 4.084 829.383 0.0 513.277 0.8173968740022373 1.0 -1.0 -1.0
6.0 1.0 Car -1.0 -1.0 -1.0 -1.0 -1.0 -1.0 -1.0 2.09 1.549 4.662 873.869 0.46 575.67 -2.337641640373551 1.0 -1.0 -1.0
6.0 0.0 Truck -1.0 -1.0 -1.0 -1.0 -1.0 -1.0 -1.0 2.396 2.785 6.479 780.653 1.979 463.64 -2.3326325449027454 0.0 -1.0 -1.0
6.0 2.0 Car -1.0 -1.0 -1.0 -1.0 -1.0 -1.0 -1.0 2.112 1.694 4.746 790.534 1.044 473.492 -2.297725959862859 0.0 -1.0 -1.0
6.0 4.0 Truck -1.0 -1.0 -1.0 -1.0 -1.0 -1.0 -1.0 2.806 3.535 11.156 780.085 2.0 456.702 0.8788430916963944 1.0 -1.0 -1.0
6.0 3.0 Car -1.0 -1.0 -1.0 -1.0 -1.0 -1.0 -1.0 2.103 1.73 4.583 805.917 1.156 491.732 -2.2327298989851196 1.0 -1.0 -1.0
7.0 99.0 Car -1.0 -1.0 -1.0 -1.0 -1.0 -1.0 -1.0 1.73 1.562 4.084 831.842 0.0 515.898 0.8426568236122451 1.0 -1.0 -1.0
7.0 1.0 Car -1.0 -1.0 -1.0 -1.0 -1.0 -1.0 -1.0 2.09 1.549 4.662 872.401 0.485 574.211 -2.337641640373551 1.0 -1.0 -1.0
7.0 0.0 Truck -1.0 -1.0 -1.0 -1.0 -1.0 -1.0 -1.0 2.396 2.785 6.479 779.184 1.99 462.348 -2.3326325449027454 0.0 -1.0 -1.0
7.0 2.0 Car -1.0 -1.0 -1.0 -1.0 -1.0 -1.0 -1.0 2.112 1.694 4.746 788.959 0.93 472.141 -2.297725959862859 0.0 -1.0 -1.0
7.0 4.0 Truck -1.0 -1.0 -1.0 -1.0 -1.0 -1.0 -1.0 2.806 3.535 11.156 782.548 2.042 459.684 0.8788430916963944 1.0 -1.0 -1.0
7.0 3.0 Car -1.0 -1.0 -1.0 -1.0 -1.0 -1.0 -1.0 2.103 1.73 4.583 805.993 0.969 491.941 -2.2327298989851196 1.0 -1.0 -1.0
8.0 99.0 Car -1.0 -1.0 -1.0 -1.0 -1.0 -1.0 -1.0 1.73 1.562 4.084 834.47 0.0 518.836 0.8553034962593086 1.0 -1.0 -1.0
8.0 1.0 Car -1.0 -1.0 -1.0 -1.0 -1.0 -1.0 -1.0 2.09 1.549 4.662 870.934 0.51 572.753 -2.337641640373551 1.0 -1.0 -1.0
8.0 0.0 Truck -1.0 -1.0 -1.0 -1.0 -1.0 -1.0 -1.0 2.396 2.785 6.479 777.602 2.001 460.937 -2.3326325449027454 0.0 -1.0 -1.0
8.0 2.0 Car -1.0 -1.0 -1.0 -1.0 -1.0 -1.0 -1.0 2.112 1.694 4.746 787.203 0.816 470.734 -2.297725959862859 0.0 -1.0 -1.0
8.0 4.0 Truck -1.0 -1.0 -1.0 -1.0 -1.0 -1.0 -1.0 2.806 3.535 11.156 785.838 2.032 462.376 0.8788430916963944 1.0 -1.0 -1.0
8.0 3.0 Car -1.0 -1.0 -1.0 -1.0 -1.0 -1.0 -1.0 2.103 1.73 4.583 805.821 1.151 492.089 -2.2327298989851196 1.0 -1.0 -1.0
9.0 99.0 Car -1.0 -1.0 -1.0 -1.0 -1.0 -1.0 -1.0 1.73 1.562 4.084 837.251 0.0 521.993 0.8581028208817679 1.0 -1.0 -1.0
9.0 1.0 Car -1.0 -1.0 -1.0 -1.0 -1.0 -1.0 -1.0 2.09 1.549 4.662 869.513 0.536 571.251 -2.337641640373551 1.0 -1.0 -1.0
9.0 0.0 Truck -1.0 -1.0 -1.0 -1.0 -1.0 -1.0 -1.0 2.396 2.785 6.479 775.81 2.04 459.306 -2.3326325449027454 0.0 -1.0 -1.0
9.0 2.0 Car -1.0 -1.0 -1.0 -1.0 -1.0 -1.0 -1.0 2.112 1.694 4.746 785.985 0.702 469.094 -2.2104594972631437 0.0 -1.0 -1.0
9.0 4.0 Truck -1.0 -1.0 -1.0 -1.0 -1.0 -1.0 -1.0 2.806 3.535 11.156 788.17 2.401 465.863 0.8788430916963944 1.0 -1.0 -1.0
9.0 3.0 Car -1.0 -1.0 -1.0 -1.0 -1.0 -1.0 -1.0 2.103 1.73 4.583 805.863 1.159 492.023 -2.2327298989851196 0.0 -1.0 -1.0
10.0 99.0 Car -1.0 -1.0 -1.0 -1.0 -1.0 -1.0 -1.0 1.73 1.562 4.084 840.204 0.0 525.36 0.8607712460275844 1.0 -1.0 -1.0
10.0 1.0 Car -1.0 -1.0 -1.0 -1.0 -1.0 -1.0 -1.0 2.09 1.549 4.662 868.092 0.561 569.749 -2.337641640373551 1.0 -1.0 -1.0
10.0 0.0 Truck -1.0 -1.0 -1.0 -1.0 -1.0 -1.0 -1.0 2.396 2.785 6.479 774.215 2.08 457.364 -2.3326325449027454 0.0 -1.0 -1.0
10.0 2.0 Car -1.0 -1.0 -1.0 -1.0 -1.0 -1.0 -1.0 2.112 1.694 4.746 784.768 0.681 467.454 -2.3151792523828023 0.0 -1.0 -1.0
10.0 4.0 Truck -1.0 -1.0 -1.0 -1.0 -1.0 -1.0 -1.0 2.806 3.535 11.156 790.92 2.081 468.914 0.8788430916963944 1.0 -1.0 -1.0
10.0 3.0 Car -1.0 -1.0 -1.0 -1.0 -1.0 -1.0 -1.0 2.103 1.73 4.583 805.906 1.167 491.957 -2.2327298989851196 0.0 -1.0 -1.0
11.0 99.0 Car -1.0 -1.0 -1.0 -1.0 -1.0 -1.0 -1.0 1.73 1.562 4.084 843.158 0.0 528.774 0.8641715699108956 1.0 -1.0 -1.0
11.0 1.0 Car -1.0 -1.0 -1.0 -1.0 -1.0 -1.0 -1.0 2.09 1.549 4.662 866.637 0.561 568.28 -2.337641640373551 1.0 -1.0 -1.0
11.0 0.0 Truck -1.0 -1.0 -1.0 -1.0 -1.0 -1.0 -1.0 2.396 2.785 6.479 772.62 2.119 455.423 -2.3326325449027454 0.0 -1.0 -1.0
11.0 2.0 Car -1.0 -1.0 -1.0 -1.0 -1.0 -1.0 -1.0 2.112 1.694 4.746 782.76 1.258 465.92 -2.3151792523828023 0.0 -1.0 -1.0
11.0 4.0 Truck -1.0 -1.0 -1.0 -1.0 -1.0 -1.0 -1.0 2.806 3.535 11.156 793.209 2.828 471.408 0.8788430916963944 1.0 -1.0 -1.0
11.0 3.0 Car -1.0 -1.0 -1.0 -1.0 -1.0 -1.0 -1.0 2.103 1.73 4.583 805.948 1.176 491.89 -2.2327298989851196 0.0 -1.0 -1.0
12.0 99.0 Car -1.0 -1.0 -1.0 -1.0 -1.0 -1.0 -1.0 1.73 1.562 4.084 846.198 0.0 532.322 0.8679302536278967 1.0 -1.0 -1.0
12.0 1.0 Car -1.0 -1.0 -1.0 -1.0 -1.0 -1.0 -1.0 2.09 1.549 4.662 865.726 0.561 567.391 -2.337641640373551 1.0 -1.0 -1.0
12.0 0.0 Truck -1.0 -1.0 -1.0 -1.0 -1.0 -1.0 -1.0 2.396 2.785 6.479 771.124 2.158 453.779 -2.3326325449027454 0.0 -1.0 -1.0
12.0 2.0 Car -1.0 -1.0 -1.0 -1.0 -1.0 -1.0 -1.0 2.112 1.694 4.746 781.491 1.611 463.964 -2.3151792523828023 0.0 -1.0 -1.0
12.0 4.0 Truck -1.0 -1.0 -1.0 -1.0 -1.0 -1.0 -1.0 2.806 3.535 11.156 795.789 2.921 474.253 0.8788430916963944 1.0 -1.0 -1.0
12.0 3.0 Car -1.0 -1.0 -1.0 -1.0 -1.0 -1.0 -1.0 2.103 1.73 4.583 805.68 1.259 491.473 -2.2327298989851196 0.0 -1.0 -1.0
13.0 99.0 Car -1.0 -1.0 -1.0 -1.0 -1.0 -1.0 -1.0 1.73 1.562 4.084 849.271 0.0 535.907 0.8691866206440286 1.0 -1.0 -1.0
13.0 1.0 Car -1.0 -1.0 -1.0 -1.0 -1.0 -1.0 -1.0 2.09 1.549 4.662 864.815 0.561 566.501 -2.337641640373551 1.0 -1.0 -1.0
13.0 0.0 Truck -1.0 -1.0 -1.0 -1.0 -1.0 -1.0 -1.0 2.396 2.785 6.479 769.627 2.197 452.133 -2.3326325449027454 0.0 -1.0 -1.0
13.0 2.0 Car -1.0 -1.0 -1.0 -1.0 -1.0 -1.0 -1.0 2.112 1.694 4.746 780.016 1.704 462.196 -2.3151792523828023 0.0 -1.0 -1.0
13.0 4.0 Truck -1.0 -1.0 -1.0 -1.0 -1.0 -1.0 -1.0 2.806 3.535 11.156 798.071 3.015 477.422 0.8788430916963944 1.0 -1.0 -1.0
13.0 3.0 Car -1.0 -1.0 -1.0 -1.0 -1.0 -1.0 -1.0 2.103 1.73 4.583 805.41 1.342 491.055 -2.2327298989851196 0.0 -1.0 -1.0
14.0 99.0 Car -1.0 -1.0 -1.0 -1.0 -1.0 -1.0 -1.0 1.73 1.562 4.084 852.388 0.0 539.55 0.8719088651531318 1.0 -1.0 -1.0
14.0 1.0 Car -1.0 -1.0 -1.0 -1.0 -1.0 -1.0 -1.0 2.09 1.549 4.662 863.906 0.611 565.614 -2.337641640373551 1.0 -1.0 -1.0
14.0 0.0 Truck -1.0 -1.0 -1.0 -1.0 -1.0 -1.0 -1.0 2.396 2.785 6.479 768.428 2.236 450.025 -2.297725959862859 0.0 -1.0 -1.0
14.0 2.0 Car -1.0 -1.0 -1.0 -1.0 -1.0 -1.0 -1.0 2.112 1.694 4.746 778.327 1.797 460.631 -2.297725959862859 0.0 -1.0 -1.0
14.0 4.0 Truck -1.0 -1.0 -1.0 -1.0 -1.0 -1.0 -1.0 2.806 3.535 11.156 800.743 2.953 480.207 0.8788430916963944 1.0 -1.0 -1.0
14.0 3.0 Car -1.0 -1.0 -1.0 -1.0 -1.0 -1.0 -1.0 2.103 1.73 4.583 805.142 1.426 490.638 -2.2327298989851196 0.0 -1.0 -1.0
15.0 99.0 Car -1.0 -1.0 -1.0 -1.0 -1.0 -1.0 -1.0 1.73 1.562 4.084 855.493 0.0 543.177 0.8696688476253397 1.0 -1.0 -1.0
15.0 1.0 Car -1.0 -1.0 -1.0 -1.0 -1.0 -1.0 -1.0 2.09 1.549 4.662 862.996 0.661 564.726 -2.337641640373551 0.0 -1.0 -1.0
15.0 2.0 Car -1.0 -1.0 -1.0 -1.0 -1.0 -1.0 -1.0 2.112 1.694 4.746 776.176 1.889 458.252 -2.297725959862859 0.0 -1.0 -1.0
15.0 4.0 Truck -1.0 -1.0 -1.0 -1.0 -1.0 -1.0 -1.0 2.806 3.535 11.156 803.139 2.913 482.868 0.8788430916963944 1.0 -1.0 -1.0
15.0 3.0 Car -1.0 -1.0 -1.0 -1.0 -1.0 -1.0 -1.0 2.103 1.73 4.583 804.873 1.509 490.221 -2.2327298989851196 0.0 -1.0 -1.0
16.0 99.0 Car -1.0 -1.0 -1.0 -1.0 -1.0 -1.0 -1.0 1.73 1.562 4.084 858.639 0.0 546.846 0.8680714591450042 1.0 -1.0 -1.0
16.0 1.0 Car -1.0 -1.0 -1.0 -1.0 -1.0 -1.0 -1.0 2.09 1.549 4.662 862.375 0.661 564.137 -2.327935114528226 0.0 -1.0 -1.0
16.0 2.0 Car -1.0 -1.0 -1.0 -1.0 -1.0 -1.0 -1.0 2.112 1.694 4.746 774.974 1.982 456.988 -2.297725959862859 0.0 -1.0 -1.0
16.0 4.0 Truck -1.0 -1.0 -1.0 -1.0 -1.0 -1.0 -1.0 2.806 3.535 11.156 805.539 2.872 485.535 0.8788430916963944 1.0 -1.0 -1.0
16.0 3.0 Car -1.0 -1.0 -1.0 -1.0 -1.0 -1.0 -1.0 2.103 1.73 4.583 803.773 1.592 488.532 -2.2327298989851196 0.0 -1.0 -1.0
17.0 99.0 Car -1.0 -1.0 -1.0 -1.0 -1.0 -1.0 -1.0 1.73 1.562 4.084 861.143 0.0 549.759 0.8677423255398947 1.0 -1.0 -1.0
17.0 1.0 Car -1.0 -1.0 -1.0 -1.0 -1.0 -1.0 -1.0 2.09 1.549 4.662 861.879 0.661 563.667 -2.3201883478536085 0.0 -1.0 -1.0
17.0 4.0 Truck -1.0 -1.0 -1.0 -1.0 -1.0 -1.0 -1.0 2.806 3.535 11.156 807.204 2.067 487.279 0.8788430916963944 1.0 -1.0 -1.0
17.0 3.0 Car -1.0 -1.0 -1.0 -1.0 -1.0 -1.0 -1.0 2.103 1.73 4.583 802.404 1.659 487.887 -2.2327298989851196 0.0 -1.0 -1.0
18.0 99.0 Car -1.0 -1.0 -1.0 -1.0 -1.0 -1.0 -1.0 1.73 1.562 4.084 864.273 0.0 553.403 0.8676204012760649 1.0 -1.0 -1.0
18.0 1.0 Car -1.0 -1.0 -1.0 -1.0 -1.0 -1.0 -1.0 2.09 1.549 4.662 861.42 0.661 563.174 -2.3201883478536085 0.0 -1.0 -1.0
18.0 4.0 Truck -1.0 -1.0 -1.0 -1.0 -1.0 -1.0 -1.0 2.806 3.535 11.156 808.943 1.844 489.738 0.8962963842163378 0.0 -1.0 -1.0
18.0 3.0 Car -1.0 -1.0 -1.0 -1.0 -1.0 -1.0 -1.0 2.103 1.73 4.583 801.392 1.097 486.08 -2.2327298989851196 0.0 -1.0 -1.0
19.0 99.0 Car -1.0 -1.0 -1.0 -1.0 -1.0 -1.0 -1.0 1.73 1.562 4.084 867.466 0.0 557.107 0.867759153583093 1.0 -1.0 -1.0
19.0 1.0 Car -1.0 -1.0 -1.0 -1.0 -1.0 -1.0 -1.0 2.09 1.549 4.662 861.058 0.661 562.785 -2.3201883478536085 0.0 -1.0 -1.0
19.0 4.0 Truck -1.0 -1.0 -1.0 -1.0 -1.0 -1.0 -1.0 2.806 3.535 11.156 810.328 2.137 491.965 0.8322814063819935 0.0 -1.0 -1.0
19.0 3.0 Car -1.0 -1.0 -1.0 -1.0 -1.0 -1.0 -1.0 2.103 1.73 4.583 799.429 0.922 483.717 -2.2327298989851196 0.0 -1.0 -1.0
20.0 99.0 Car -1.0 -1.0 -1.0 -1.0 -1.0 -1.0 -1.0 1.73 1.562 4.084 870.629 0.0 560.801 0.8697003922396181 1.0 -1.0 -1.0
20.0 1.0 Car -1.0 -1.0 -1.0 -1.0 -1.0 -1.0 -1.0 2.09 1.549 4.662 860.697 0.661 562.397 -2.3201883478536085 0.0 -1.0 -1.0
20.0 4.0 Truck -1.0 -1.0 -1.0 -1.0 -1.0 -1.0 -1.0 2.806 3.535 11.156 811.848 2.275 493.906 0.8322814063819935 0.0 -1.0 -1.0
20.0 3.0 Car -1.0 -1.0 -1.0 -1.0 -1.0 -1.0 -1.0 2.103 1.73 4.583 797.468 0.747 481.357 -2.2327298989851196 0.0 -1.0 -1.0
21.0 99.0 Car -1.0 -1.0 -1.0 -1.0 -1.0 -1.0 -1.0 1.73 1.562 4.084 873.82 0.0 564.538 0.8700735524037432 1.0 -1.0 -1.0
21.0 1.0 Car -1.0 -1.0 -1.0 -1.0 -1.0 -1.0 -1.0 2.09 1.549 4.662 860.513 0.661 562.152 -2.3027350553336654 1.0 -1.0 -1.0
21.0 4.0 Truck -1.0 -1.0 -1.0 -1.0 -1.0 -1.0 -1.0 2.806 3.535 11.156 813.366 2.413 495.845 0.8322814063819935 0.0 -1.0 -1.0
22.0 99.0 Car -1.0 -1.0 -1.0 -1.0 -1.0 -1.0 -1.0 1.73 1.562 4.084 877.065 0.0 568.319 0.8671617619302996 1.0 -1.0 -1.0
22.0 1.0 Car -1.0 -1.0 -1.0 -1.0 -1.0 -1.0 -1.0 2.09 1.549 4.662 860.704 0.686 562.288 -2.3027350553336654 1.0 -1.0 -1.0
22.0 4.0 Truck -1.0 -1.0 -1.0 -1.0 -1.0 -1.0 -1.0 2.806 3.535 11.156 813.821 2.514 495.67 1.0242676241013702 0.0 -1.0 -1.0
23.0 99.0 Car -1.0 -1.0 -1.0 -1.0 -1.0 -1.0 -1.0 1.73 1.562 4.084 880.319 0.0 572.091 0.8670861176396587 1.0 -1.0 -1.0
23.0 1.0 Car -1.0 -1.0 -1.0 -1.0 -1.0 -1.0 -1.0 2.09 1.549 4.662 860.809 0.711 562.328 -2.3027350553336654 0.0 -1.0 -1.0
23.0 4.0 Truck -1.0 -1.0 -1.0 -1.0 -1.0 -1.0 -1.0 2.806 3.535 11.156 815.513 2.503 498.51 1.1464406717409734 0.0 -1.0 -1.0
24.0 99.0 Car -1.0 -1.0 -1.0 -1.0 -1.0 -1.0 -1.0 1.73 1.562 4.084 883.605 0.0 575.891 0.8649591823909778 1.0 -1.0 -1.0
24.0 1.0 Car -1.0 -1.0 -1.0 -1.0 -1.0 -1.0 -1.0 2.09 1.549 4.662 860.8 0.786 562.296 -2.3027350553336654 0.0 -1.0 -1.0
24.0 4.0 Truck -1.0 -1.0 -1.0 -1.0 -1.0 -1.0 -1.0 2.806 3.535 11.156 816.791 2.492 501.342 1.1464406717409734 0.0 -1.0 -1.0
25.0 99.0 Car -1.0 -1.0 -1.0 -1.0 -1.0 -1.0 -1.0 1.73 1.562 4.084 886.89 0.0 579.679 0.8629344719397293 1.0 -1.0 -1.0
25.0 1.0 Car -1.0 -1.0 -1.0 -1.0 -1.0 -1.0 -1.0 2.09 1.549 4.662 860.802 0.861 562.384 -2.3027350553336654 0.0 -1.0 -1.0
25.0 4.0 Truck -1.0 -1.0 -1.0 -1.0 -1.0 -1.0 -1.0 2.806 3.535 11.156 816.2 2.481 501.88 1.3733334745002366 0.0 -1.0 -1.0
26.0 99.0 Car -1.0 -1.0 -1.0 -1.0 -1.0 -1.0 -1.0 1.73 1.562 4.084 890.207 0.0 583.498 0.8617652836969021 1.0 -1.0 -1.0
26.0 1.0 Car -1.0 -1.0 -1.0 -1.0 -1.0 -1.0 -1.0 2.09 1.549 4.662 860.799 0.861 562.404 -2.3027350553336654 0.0 -1.0 -1.0
26.0 4.0 Truck -1.0 -1.0 -1.0 -1.0 -1.0 -1.0 -1.0 2.806 3.535 11.156 816.014 2.176 507.599 1.5478663996996693 0.0 -1.0 -1.0
27.0 99.0 Car -1.0 -1.0 -1.0 -1.0 -1.0 -1.0 -1.0 1.73 1.562 4.084 893.558 0.0 587.354 0.8627134555164335 1.0 -1.0 -1.0
27.0 1.0 Car -1.0 -1.0 -1.0 -1.0 -1.0 -1.0 -1.0 2.09 1.549 4.662 860.881 0.961 562.335 -2.3027350553336654 0.0 -1.0 -1.0
27.0 4.0 Truck -1.0 -1.0 -1.0 -1.0 -1.0 -1.0 -1.0 2.806 3.535 11.156 815.265 1.871 510.715 1.635132862299386 0.0 -1.0 -1.0
28.0 99.0 Car -1.0 -1.0 -1.0 -1.0 -1.0 -1.0 -1.0 1.73 1.562 4.084 896.546 0.0 590.797 0.8639402103736307 1.0 -1.0 -1.0
28.0 1.0 Car -1.0 -1.0 -1.0 -1.0 -1.0 -1.0 -1.0 2.09 1.549 4.662 860.668 0.911 562.197 -2.3027350553336654 0.0 -1.0 -1.0
28.0 4.0 Truck -1.0 -1.0 -1.0 -1.0 -1.0 -1.0 -1.0 2.806 3.535 11.156 813.842 1.597 513.334 1.9143855426184786 0.0 -1.0 -1.0
29.0 99.0 Car -1.0 -1.0 -1.0 -1.0 -1.0 -1.0 -1.0 1.73 1.562 4.084 900.268 0.0 595.035 0.8615343042336748 1.0 -1.0 -1.0
29.0 1.0 Car -1.0 -1.0 -1.0 -1.0 -1.0 -1.0 -1.0 2.09 1.549 4.662 860.67 0.961 562.263 -2.3027350553336654 0.0 -1.0 -1.0
29.0 4.0 Truck -1.0 -1.0 -1.0 -1.0 -1.0 -1.0 -1.0 2.806 3.535 11.156 812.603 1.261 516.96 1.9143855426184786 0.0 -1.0 -1.0
30.0 99.0 Car -1.0 -1.0 -1.0 -1.0 -1.0 -1.0 -1.0 1.73 1.562 4.084 903.608 0.0 598.852 0.8627545552908114 1.0 -1.0 -1.0
30.0 1.0 Car -1.0 -1.0 -1.0 -1.0 -1.0 -1.0 -1.0 2.09 1.549 4.662 860.542 0.961 562.12 -2.3027350553336654 0.0 -1.0 -1.0
31.0 99.0 Car -1.0 -1.0 -1.0 -1.0 -1.0 -1.0 -1.0 1.73 1.562 4.084 906.921 0.0 602.675 0.8634485165949553 1.0 -1.0 -1.0
31.0 1.0 Car -1.0 -1.0 -1.0 -1.0 -1.0 -1.0 -1.0 2.09 1.549 4.662 859.789 0.961 561.516 -2.3027350553336654 0.0 -1.0 -1.0
32.0 99.0 Car -1.0 -1.0 -1.0 -1.0 -1.0 -1.0 -1.0 1.73 1.562 4.084 910.227 0.0 606.499 0.8627857035101673 1.0 -1.0 -1.0
32.0 1.0 Car -1.0 -1.0 -1.0 -1.0 -1.0 -1.0 -1.0 2.09 1.549 4.662 859.254 1.011 560.542 -2.3027350553336654 0.0 -1.0 -1.0
33.0 99.0 Car -1.0 -1.0 -1.0 -1.0 -1.0 -1.0 -1.0 1.73 1.562 4.084 913.541 0.0 610.305 0.861776464910556 1.0 -1.0 -1.0
33.0 1.0 Car -1.0 -1.0 -1.0 -1.0 -1.0 -1.0 -1.0 2.09 1.549 4.662 858.144 1.111 559.204 -2.3027350553336654 0.0 -1.0 -1.0
34.0 99.0 Car -1.0 -1.0 -1.0 -1.0 -1.0 -1.0 -1.0 1.73 1.562 4.084 916.842 0.0 614.109 0.8641537205859616 1.0 -1.0 -1.0
34.0 1.0 Car -1.0 -1.0 -1.0 -1.0 -1.0 -1.0 -1.0 2.09 1.549 4.662 856.945 1.186 557.439 -2.3027350553336654 0.0 -1.0 -1.0
