0.0 99.0 Car -1.0 -1.0 -1.0 -1.0 -1.0 -1.0 -1.0 1.73 1.562 4.084 1634.565 0.0 1181.136 2.873938216530016 1.0 -1.0 -1.0
0.0 2.0 Car -1.0 -1.0 -1.0 -1.0 -1.0 -1.0 -1.0 1.806 1.702 4.244 1653.537 0.861 1179.713 -3.121730805965957 0.0 -1.0 -1.0
1.0 99.0 Car -1.0 -1.0 -1.0 -1.0 -1.0 -1.0 -1.0 1.73 1.562 4.084 1631.893 0.0 1181.915 2.8590547723591406 1.0 -1.0 -1.0
1.0 2.0 Car -1.0 -1.0 -1.0 -1.0 -1.0 -1.0 -1.0 1.806 1.702 4.244 1650.09 0.879 1179.692 3.1106862506101947 1.0 -1.0 -1.0
2.0 99.0 Car -1.0 -1.0 -1.0 -1.0 -1.0 -1.0 -1.0 1.73 1.562 4.084 1629.345 0.0 1182.697 2.8440216527331903 1.0 -1.0 -1.0
2.0 2.0 Car -1.0 -1.0 -1.0 -1.0 -1.0 -1.0 -1.0 1.806 1.702 4.244 1646.646 0.898 1179.845 3.059918609361043 1.0 -1.0 -1.0
3.0 99.0 Car -1.0 -1.0 -1.0 -1.0 -1.0 -1.0 -1.0 1.73 1.562 4.084 1627.13 0.0 1183.4 2.833084537989873 1.0 -1.0 -1.0
3.0 2.0 Car -1.0 -1.0 -1.0 -1.0 -1.0 -1.0 -1.0 1.806 1.702 4.244 1643.56 0.914 1180.133 3.014263552112795 1.0 -1.0 -1.0
4.0 99.0 Car -1.0 -1.0 -1.0 -1.0 -1.0 -1.0 -1.0 1.73 1.562 4.084 1624.676 0.0 1184.202 2.827617721687483 1.0 -1.0 -1.0
4.0 2.0 Car -1.0 -1.0 -1.0 -1.0 -1.0 -1.0 -1.0 1.806 1.702 4.244 1640.14 0.93 1180.623 2.980848641162437 1.0 -1.0 -1.0
5.0 99.0 Car -1.0 -1.0 -1.0 -1.0 -1.0 -1.0 -1.0 1.73 1.562 4.084 1622.043 0.0 1185.072 2.8251052486207473 1.0 -1.0 -1.0
5.0 2.0 Car -1.0 -1.0 -1.0 -1.0 -1.0 -1.0 -1.0 1.806 1.702 4.244 1636.746 0.945 1181.226 2.9475071155700414 1.0 -1.0 -1.0
6.0 99.0 Car -1.0 -1.0 -1.0 -1.0 -1.0 -1.0 -1.0 1.73 1.562 4.084 1619.194 0.0 1186.023 2.821022319938732 1.0 -1.0 -1.0
6.0 2.0 Car -1.0 -1.0 -1.0 -1.0 -1.0 -1.0 -1.0 1.806 1.702 4.244 1633.366 0.96 1181.944 2.91409073557703 1.0 -1.0 -1.0
7.0 99.0 Car -1.0 -1.0 -1.0 -1.0 -1.0 -1.0 -1.0 1.73 1.562 4.084 1616.08 0.0 1187.091 2.809289701154593 1.0 -1.0 -1.0
7.0 2.0 Car -1.0 -1.0 -1.0 -1.0 -1.0 -1.0 -1.0 1.806 1.702 4.244 1630.012 0.976 1182.774 2.880674422358685 1.0 -1.0 -1.0
8.0 99.0 Car -1.0 -1.0 -1.0 -1.0 -1.0 -1.0 -1.0 1.73 1.562 4.084 1612.749 0.0 1188.267 2.804695479451375 1.0 -1.0 -1.0
8.0 3.0 Car -1.0 -1.0 -1.0 -1.0 -1.0 -1.0 -1.0 2.378 2.511 5.246 1537.862 4.592 1213.131 -0.2075720075523051 0.0 -1.0 -1.0
8.0 2.0 Car -1.0 -1.0 -1.0 -1.0 -1.0 -1.0 -1.0 1.806 1.702 4.244 1626.692 0.991 1183.714 2.8472952358546504 1.0 -1.0 -1.0
9.0 99.0 Car -1.0 -1.0 -1.0 -1.0 -1.0 -1.0 -1.0 1.73 1.562 4.084 1609.202 0.0 1189.541 2.801584513994793 1.0 -1.0 -1.0
9.0 3.0 Car -1.0 -1.0 -1.0 -1.0 -1.0 -1.0 -1.0 2.378 2.511 5.246 1540.358 4.456 1212.614 -0.2075720075523051 1.0 -1.0 -1.0
9.0 2.0 Car -1.0 -1.0 -1.0 -1.0 -1.0 -1.0 -1.0 1.806 1.702 4.244 1623.395 0.951 1184.793 2.829854899034089 1.0 -1.0 -1.0
10.0 99.0 Car -1.0 -1.0 -1.0 -1.0 -1.0 -1.0 -1.0 1.73 1.562 4.084 1605.445 0.0 1190.916 2.7910774156353795 1.0 -1.0 -1.0
10.0 3.0 Car -1.0 -1.0 -1.0 -1.0 -1.0 -1.0 -1.0 2.378 2.511 5.246 1542.863 4.319 1212.132 -0.2075720075523051 1.0 -1.0 -1.0
10.0 2.0 Car -1.0 -1.0 -1.0 -1.0 -1.0 -1.0 -1.0 1.806 1.702 4.244 1620.094 0.912 1185.872 2.8123951635541298 1.0 -1.0 -1.0
11.0 99.0 Car -1.0 -1.0 -1.0 -1.0 -1.0 -1.0 -1.0 1.73 1.562 4.084 1601.552 0.0 1192.383 2.7871591282858623 1.0 -1.0 -1.0
11.0 3.0 Car -1.0 -1.0 -1.0 -1.0 -1.0 -1.0 -1.0 2.378 2.511 5.246 1545.369 3.833 1211.65 -0.2075720075523051 1.0 -1.0 -1.0
11.0 2.0 Car -1.0 -1.0 -1.0 -1.0 -1.0 -1.0 -1.0 1.806 1.702 4.244 1616.793 0.872 1186.952 2.79493535829482 1.0 -1.0 -1.0
12.0 99.0 Car -1.0 -1.0 -1.0 -1.0 -1.0 -1.0 -1.0 1.73 1.562 4.084 1597.489 0.0 1193.894 2.7974187515957896 1.0 -1.0 -1.0
12.0 3.0 Car -1.0 -1.0 -1.0 -1.0 -1.0 -1.0 -1.0 2.378 2.511 5.246 1547.872 3.996 1211.168 -0.17266542251241845 1.0 -1.0 -1.0
12.0 2.0 Car -1.0 -1.0 -1.0 -1.0 -1.0 -1.0 -1.0 1.806 1.702 4.244 1613.69 0.766 1188.093 2.793120195829488 1.0 -1.0 -1.0
13.0 99.0 Car -1.0 -1.0 -1.0 -1.0 -1.0 -1.0 -1.0 1.73 1.562 4.084 1593.273 0.0 1195.396 2.8145320887811596 1.0 -1.0 -1.0
13.0 3.0 Car -1.0 -1.0 -1.0 -1.0 -1.0 -1.0 -1.0 2.378 2.511 5.246 1550.404 3.709 1210.828 -0.17266542251241845 1.0 -1.0 -1.0
13.0 2.0 Car -1.0 -1.0 -1.0 -1.0 -1.0 -1.0 -1.0 1.806 1.702 4.244 1610.584 0.66 1189.234 2.791303099463071 1.0 -1.0 -1.0
14.0 99.0 Car -1.0 -1.0 -1.0 -1.0 -1.0 -1.0 -1.0 1.73 1.562 4.084 1589.09 0.0 1196.807 2.831441970940941 1.0 -1.0 -1.0
14.0 3.0 Car -1.0 -1.0 -1.0 -1.0 -1.0 -1.0 -1.0 2.378 2.511 5.246 1552.929 3.421 1210.453 -0.15521212999247513 1.0 -1.0 -1.0
14.0 2.0 Car -1.0 -1.0 -1.0 -1.0 -1.0 -1.0 -1.0 1.806 1.702 4.244 1607.478 0.554 1190.376 2.78948599582635 1.0 -1.0 -1.0
15.0 99.0 Car -1.0 -1.0 -1.0 -1.0 -1.0 -1.0 -1.0 1.73 1.562 4.084 1585.735 0.0 1197.897 2.836461630234586 1.0 -1.0 -1.0
15.0 3.0 Car -1.0 -1.0 -1.0 -1.0 -1.0 -1.0 -1.0 2.378 2.511 5.246 1554.939 3.102 1210.148 -0.17266542251241845 1.0 -1.0 -1.0
15.0 2.0 Car -1.0 -1.0 -1.0 -1.0 -1.0 -1.0 -1.0 1.806 1.702 4.244 1604.994 0.469 1191.289 2.788032709148586 1.0 -1.0 -1.0
16.0 99.0 Car -1.0 -1.0 -1.0 -1.0 -1.0 -1.0 -1.0 1.73 1.562 4.084 1581.514 0.0 1199.246 2.8375313983163206 1.0 -1.0 -1.0
16.0 3.0 Car -1.0 -1.0 -1.0 -1.0 -1.0 -1.0 -1.0 2.378 2.511 5.246 1557.412 2.801 1209.72 -0.1901381171178016 1.0 -1.0 -1.0
16.0 2.0 Car -1.0 -1.0 -1.0 -1.0 -1.0 -1.0 -1.0 1.806 1.702 4.244 1601.884 0.362 1192.432 2.786213562556209 1.0 -1.0 -1.0
17.0 99.0 Car -1.0 -1.0 -1.0 -1.0 -1.0 -1.0 -1.0 1.73 1.562 4.084 1577.27 0.0 1200.601 2.8370657091139053 1.0 -1.0 -1.0
17.0 3.0 Car -1.0 -1.0 -1.0 -1.0 -1.0 -1.0 -1.0 2.378 2.511 5.246 1559.87 2.002 1209.13 -0.2250253000722484 1.0 -1.0 -1.0
17.0 2.0 Car -1.0 -1.0 -1.0 -1.0 -1.0 -1.0 -1.0 1.806 1.702 4.244 1598.623 0.129 1193.561 2.7885088587206566 1.0 -1.0 -1.0
18.0 99.0 Car -1.0 -1.0 -1.0 -1.0 -1.0 -1.0 -1.0 1.73 1.562 4.084 1573.008 0.0 1201.979 2.832621607279265 1.0 -1.0 -1.0
18.0 0.0 Car -1.0 -1.0 -1.0 -1.0 -1.0 -1.0 -1.0 1.969 1.573 4.463 1528.552 3.496 1216.693 -0.26926939693799845 0.0 -1.0 -1.0
18.0 3.0 Car -1.0 -1.0 -1.0 -1.0 -1.0 -1.0 -1.0 2.378 2.511 5.246 1562.139 1.727 1208.572 -0.25993188511213505 1.0 -1.0 -1.0
18.0 2.0 Car -1.0 -1.0 -1.0 -1.0 -1.0 -1.0 -1.0 1.806 1.702 4.244 1595.366 -0.104 1194.688 2.7908016294330116 1.0 -1.0 -1.0
19.0 99.0 Car -1.0 -1.0 -1.0 -1.0 -1.0 -1.0 -1.0 1.73 1.562 4.084 1568.806 0.0 1203.349 2.8332602891103584 1.0 -1.0 -1.0
19.0 0.0 Car -1.0 -1.0 -1.0 -1.0 -1.0 -1.0 -1.0 1.969 1.573 4.463 1529.803 3.066 1216.35 -0.27703156632982906 1.0 -1.0 -1.0
19.0 3.0 Car -1.0 -1.0 -1.0 -1.0 -1.0 -1.0 -1.0 2.378 2.511 5.246 1564.25 1.452 1207.913 -0.2793141313683607 1.0 -1.0 -1.0
19.0 2.0 Car -1.0 -1.0 -1.0 -1.0 -1.0 -1.0 -1.0 1.806 1.702 4.244 1592.105 -0.337 1195.817 2.7930969255974603 1.0 -1.0 -1.0
19.0 1.0 Car -1.0 -1.0 -1.0 -1.0 -1.0 -1.0 -1.0 1.926 1.804 4.899 1544.622 2.253 1214.556 -0.1607102465211938 0.0 -1.0 -1.0
20.0 99.0 Car -1.0 -1.0 -1.0 -1.0 -1.0 -1.0 -1.0 1.73 1.562 4.084 1565.531 0.0 1204.397 2.838908930194203 1.0 -1.0 -1.0
20.0 0.0 Car -1.0 -1.0 -1.0 -1.0 -1.0 -1.0 -1.0 1.969 1.573 4.463 1530.802 2.822 1216.076 -0.26926939693799845 1.0 -1.0 -1.0
20.0 3.0 Car -1.0 -1.0 -1.0 -1.0 -1.0 -1.0 -1.0 2.378 2.511 5.246 1565.941 1.232 1207.385 -0.2948384701520217 1.0 -1.0 -1.0
20.0 2.0 Car -1.0 -1.0 -1.0 -1.0 -1.0 -1.0 -1.0 1.806 1.702 4.244 1589.493 -0.523 1196.721 2.79493535829482 1.0 -1.0 -1.0
20.0 1.0 Car -1.0 -1.0 -1.0 -1.0 -1.0 -1.0 -1.0 1.926 1.804 4.899 1544.622 1.803 1214.556 -0.1607102465211938 0.0 -1.0 -1.0
21.0 99.0 Car -1.0 -1.0 -1.0 -1.0 -1.0 -1.0 -1.0 1.73 1.562 4.084 1561.604 0.0 1205.632 2.8540102209728087 1.0 -1.0 -1.0
21.0 0.0 Car -1.0 -1.0 -1.0 -1.0 -1.0 -1.0 -1.0 1.969 1.573 4.463 1532.04 2.491 1215.706 -0.28672268945794177 1.0 -1.0 -1.0
21.0 3.0 Car -1.0 -1.0 -1.0 -1.0 -1.0 -1.0 -1.0 2.378 2.511 5.246 1568.037 0.957 1206.677 -0.3210184089319367 1.0 -1.0 -1.0
21.0 2.0 Car -1.0 -1.0 -1.0 -1.0 -1.0 -1.0 -1.0 1.806 1.702 4.244 1585.949 -0.538 1197.878 2.856021882114622 1.0 -1.0 -1.0
21.0 1.0 Car -1.0 -1.0 -1.0 -1.0 -1.0 -1.0 -1.0 1.926 1.804 4.899 1544.622 1.803 1214.556 -0.1607102465211938 0.0 -1.0 -1.0
22.0 99.0 Car -1.0 -1.0 -1.0 -1.0 -1.0 -1.0 -1.0 1.73 1.562 4.084 1557.857 0.0 1206.681 2.896207553961724 1.0 -1.0 -1.0
22.0 0.0 Car -1.0 -1.0 -1.0 -1.0 -1.0 -1.0 -1.0 1.969 1.573 4.463 1533.287 2.161 1215.333 -0.28672268945794177 1.0 -1.0 -1.0
22.0 3.0 Car -1.0 -1.0 -1.0 -1.0 -1.0 -1.0 -1.0 2.378 2.511 5.246 1570.114 0.682 1205.915 -0.34719834771185165 1.0 -1.0 -1.0
22.0 2.0 Car -1.0 -1.0 -1.0 -1.0 -1.0 -1.0 -1.0 1.806 1.702 4.244 1582.405 -0.503 1198.939 2.8472952358546504 1.0 -1.0 -1.0
22.0 1.0 Car -1.0 -1.0 -1.0 -1.0 -1.0 -1.0 -1.0 1.926 1.804 4.899 1544.587 1.552 1214.528 -0.1781635390411371 1.0 -1.0 -1.0
23.0 99.0 Car -1.0 -1.0 -1.0 -1.0 -1.0 -1.0 -1.0 1.73 1.562 4.084 1554.22 0.0 1207.553 2.926457144722741 1.0 -1.0 -1.0
23.0 0.0 Car -1.0 -1.0 -1.0 -1.0 -1.0 -1.0 -1.0 1.969 1.573 4.463 1534.45 1.88 1214.985 -0.28671274438297023 1.0 -1.0 -1.0
23.0 3.0 Car -1.0 -1.0 -1.0 -1.0 -1.0 -1.0 -1.0 2.378 2.511 5.246 1571.981 0.407 1205.239 -0.34719834771185165 1.0 -1.0 -1.0
23.0 2.0 Car -1.0 -1.0 -1.0 -1.0 -1.0 -1.0 -1.0 1.806 1.702 4.244 1579.208 -0.443 1199.938 2.79493535829482 1.0 -1.0 -1.0
23.0 1.0 Car -1.0 -1.0 -1.0 -1.0 -1.0 -1.0 -1.0 1.926 1.804 4.899 1544.63 1.352 1214.555 -0.1607102465211938 1.0 -1.0 -1.0
24.0 99.0 Car -1.0 -1.0 -1.0 -1.0 -1.0 -1.0 -1.0 1.73 1.562 4.084 1550.825 0.0 1208.291 2.941274338299751 1.0 -1.0 -1.0
24.0 0.0 Car -1.0 -1.0 -1.0 -1.0 -1.0 -1.0 -1.0 1.969 1.573 4.463 1535.32 1.65 1214.743 -0.28672268945794177 1.0 -1.0 -1.0
24.0 3.0 Car -1.0 -1.0 -1.0 -1.0 -1.0 -1.0 -1.0 2.378 2.511 5.246 1573.847 0.132 1204.564 -0.34719834771185165 1.0 -1.0 -1.0
24.0 2.0 Car -1.0 -1.0 -1.0 -1.0 -1.0 -1.0 -1.0 1.806 1.702 4.244 1575.44 -0.433 1201.144 2.8123881445341032 1.0 -1.0 -1.0
24.0 1.0 Car -1.0 -1.0 -1.0 -1.0 -1.0 -1.0 -1.0 1.926 1.804 4.899 1544.522 1.152 1214.506 -0.1781635390411371 1.0 -1.0 -1.0
25.0 99.0 Car -1.0 -1.0 -1.0 -1.0 -1.0 -1.0 -1.0 1.73 1.562 4.084 1547.743 0.0 1208.92 2.94761004757989 1.0 -1.0 -1.0
25.0 0.0 Car -1.0 -1.0 -1.0 -1.0 -1.0 -1.0 -1.0 1.969 1.573 4.463 1536.009 1.42 1214.556 -0.26926939693799845 1.0 -1.0 -1.0
25.0 3.0 Car -1.0 -1.0 -1.0 -1.0 -1.0 -1.0 -1.0 2.378 2.511 5.246 1575.508 -0.16 1204.002 -0.3411788506076072 1.0 -1.0 -1.0
25.0 2.0 Car -1.0 -1.0 -1.0 -1.0 -1.0 -1.0 -1.0 1.806 1.702 4.244 1571.891 -0.372 1202.271 2.7600287732549336 1.0 -1.0 -1.0
25.0 1.0 Car -1.0 -1.0 -1.0 -1.0 -1.0 -1.0 -1.0 1.926 1.804 4.899 1544.577 0.952 1214.599 -0.1781635390411371 1.0 -1.0 -1.0
26.0 99.0 Car -1.0 -1.0 -1.0 -1.0 -1.0 -1.0 -1.0 1.73 1.562 4.084 1545.291 0.0 1209.407 2.9486290189748297 1.0 -1.0 -1.0
26.0 0.0 Car -1.0 -1.0 -1.0 -1.0 -1.0 -1.0 -1.0 1.969 1.573 4.463 1536.625 1.258 1214.354 -0.28672268945794177 1.0 -1.0 -1.0
26.0 3.0 Car -1.0 -1.0 -1.0 -1.0 -1.0 -1.0 -1.0 2.378 2.511 5.246 1577.002 -0.423 1203.498 -0.33576497378571113 1.0 -1.0 -1.0
26.0 2.0 Car -1.0 -1.0 -1.0 -1.0 -1.0 -1.0 -1.0 1.806 1.702 4.244 1568.678 -0.321 1203.515 2.8013492501412687 1.0 -1.0 -1.0
26.0 1.0 Car -1.0 -1.0 -1.0 -1.0 -1.0 -1.0 -1.0 1.926 1.804 4.899 1544.472 0.877 1214.549 -0.1781635390411371 1.0 -1.0 -1.0
27.0 99.0 Car -1.0 -1.0 -1.0 -1.0 -1.0 -1.0 -1.0 1.73 1.562 4.084 1542.979 0.0 1209.861 2.949488107995839 1.0 -1.0 -1.0
27.0 0.0 Car -1.0 -1.0 -1.0 -1.0 -1.0 -1.0 -1.0 1.969 1.573 4.463 1537.286 1.133 1214.192 -0.26926943185240426 1.0 -1.0 -1.0
27.0 3.0 Car -1.0 -1.0 -1.0 -1.0 -1.0 -1.0 -1.0 2.378 2.511 5.246 1578.662 -0.715 1202.936 -0.32974505519190833 1.0 -1.0 -1.0
27.0 2.0 Car -1.0 -1.0 -1.0 -1.0 -1.0 -1.0 -1.0 1.806 1.702 4.244 1565.049 -0.263 1204.742 2.829841943334707 1.0 -1.0 -1.0
27.0 1.0 Car -1.0 -1.0 -1.0 -1.0 -1.0 -1.0 -1.0 1.926 1.804 4.899 1544.406 0.627 1214.561 -0.1781635390411371 1.0 -1.0 -1.0
28.0 99.0 Car -1.0 -1.0 -1.0 -1.0 -1.0 -1.0 -1.0 1.73 1.562 4.084 1540.946 0.0 1210.264 2.9501406043853513 1.0 -1.0 -1.0
28.0 0.0 Car -1.0 -1.0 -1.0 -1.0 -1.0 -1.0 -1.0 1.969 1.573 4.463 1537.822 1.058 1214.027 -0.26926939693799845 0.0 -1.0 -1.0
28.0 3.0 Car -1.0 -1.0 -1.0 -1.0 -1.0 -1.0 -1.0 2.378 2.511 5.246 1580.158 -0.884 1202.414 -0.32974505519190833 0.0 -1.0 -1.0
28.0 2.0 Car -1.0 -1.0 -1.0 -1.0 -1.0 -1.0 -1.0 1.806 1.702 4.244 1561.779 -0.212 1205.794 2.8211199556503623 0.0 -1.0 -1.0
28.0 1.0 Car -1.0 -1.0 -1.0 -1.0 -1.0 -1.0 -1.0 1.926 1.804 4.899 1544.373 0.577 1214.567 -0.1781635390411371 0.0 -1.0 -1.0
29.0 99.0 Car -1.0 -1.0 -1.0 -1.0 -1.0 -1.0 -1.0 1.73 1.562 4.084 1539.26 0.0 1210.586 2.956172281923447 1.0 -1.0 -1.0
29.0 0.0 Car -1.0 -1.0 -1.0 -1.0 -1.0 -1.0 -1.0 1.969 1.573 4.463 1538.114 1.058 1213.973 -0.2430602596719511 0.0 -1.0 -1.0
29.0 3.0 Car -1.0 -1.0 -1.0 -1.0 -1.0 -1.0 -1.0 2.378 2.511 5.246 1581.656 -1.053 1201.891 -0.32974505519190833 0.0 -1.0 -1.0
29.0 2.0 Car -1.0 -1.0 -1.0 -1.0 -1.0 -1.0 -1.0 1.806 1.702 4.244 1558.505 -0.162 1206.846 2.8123886508147633 0.0 -1.0 -1.0
29.0 1.0 Car -1.0 -1.0 -1.0 -1.0 -1.0 -1.0 -1.0 1.926 1.804 4.899 1544.373 0.627 1214.567 -0.1781635390411371 0.0 -1.0 -1.0
30.0 99.0 Car -1.0 -1.0 -1.0 -1.0 -1.0 -1.0 -1.0 1.73 1.562 4.084 1537.97 0.0 1210.831 2.9601333363445077 1.0 -1.0 -1.0
30.0 0.0 Car -1.0 -1.0 -1.0 -1.0 -1.0 -1.0 -1.0 1.969 1.573 4.463 1538.124 1.058 1214.02 -0.2343628118981118 0.0 -1.0 -1.0
30.0 3.0 Car -1.0 -1.0 -1.0 -1.0 -1.0 -1.0 -1.0 2.378 2.511 5.246 1582.959 -1.18 1201.481 -0.30068986867088876 0.0 -1.0 -1.0
30.0 2.0 Car -1.0 -1.0 -1.0 -1.0 -1.0 -1.0 -1.0 1.806 1.702 4.244 1555.685 -0.135 1207.737 2.95201499097431 0.0 -1.0 -1.0
30.0 1.0 Car -1.0 -1.0 -1.0 -1.0 -1.0 -1.0 -1.0 1.926 1.804 4.899 1544.319 0.503 1214.574 -0.1868025898427117 0.0 -1.0 -1.0
31.0 99.0 Car -1.0 -1.0 -1.0 -1.0 -1.0 -1.0 -1.0 1.73 1.562 4.084 1536.971 0.0 1211.029 2.9618959958524465 1.0 -1.0 -1.0
31.0 0.0 Car -1.0 -1.0 -1.0 -1.0 -1.0 -1.0 -1.0 1.969 1.573 4.463 1538.019 0.948 1214.062 -0.24222617139456393 0.0 -1.0 -1.0
31.0 3.0 Car -1.0 -1.0 -1.0 -1.0 -1.0 -1.0 -1.0 2.378 2.511 5.246 1584.405 -1.32 1201.073 -0.268704944441333 0.0 -1.0 -1.0
31.0 2.0 Car -1.0 -1.0 -1.0 -1.0 -1.0 -1.0 -1.0 1.806 1.702 4.244 1552.505 -0.051 1208.338 2.9616049239978013 0.0 -1.0 -1.0
31.0 1.0 Car -1.0 -1.0 -1.0 -1.0 -1.0 -1.0 -1.0 1.926 1.804 4.899 1544.795 0.31 1214.518 -0.16666565840743375 0.0 -1.0 -1.0
32.0 99.0 Car -1.0 -1.0 -1.0 -1.0 -1.0 -1.0 -1.0 1.73 1.562 4.084 1536.528 0.0 1211.12 2.962480298650565 1.0 -1.0 -1.0
32.0 0.0 Car -1.0 -1.0 -1.0 -1.0 -1.0 -1.0 -1.0 1.969 1.573 4.463 1537.923 0.858 1214.06 -0.2343628118981118 0.0 -1.0 -1.0
32.0 3.0 Car -1.0 -1.0 -1.0 -1.0 -1.0 -1.0 -1.0 2.378 2.511 5.246 1585.601 -1.435 1200.773 -0.2424785925921917 0.0 -1.0 -1.0
32.0 2.0 Car -1.0 -1.0 -1.0 -1.0 -1.0 -1.0 -1.0 1.806 1.702 4.244 1549.898 0.018 1208.832 2.9694682834942534 0.0 -1.0 -1.0
32.0 1.0 Car -1.0 -1.0 -1.0 -1.0 -1.0 -1.0 -1.0 1.926 1.804 4.899 1545.551 0.152 1214.363 -0.2217091748825983 0.0 -1.0 -1.0
33.0 99.0 Car -1.0 -1.0 -1.0 -1.0 -1.0 -1.0 -1.0 1.73 1.562 4.084 1536.397 0.0 1211.144 2.963198078278713 1.0 -1.0 -1.0
33.0 0.0 Car -1.0 -1.0 -1.0 -1.0 -1.0 -1.0 -1.0 1.969 1.573 4.463 1538.203 0.782 1214.015 -0.2256362179540723 0.0 -1.0 -1.0
33.0 3.0 Car -1.0 -1.0 -1.0 -1.0 -1.0 -1.0 -1.0 2.378 2.511 5.246 1586.488 -1.512 1200.828 -0.12603612796355534 0.0 -1.0 -1.0
33.0 2.0 Car -1.0 -1.0 -1.0 -1.0 -1.0 -1.0 -1.0 1.806 1.702 4.244 1547.547 0.145 1209.273 2.9607416546729257 0.0 -1.0 -1.0
33.0 1.0 Car -1.0 -1.0 -1.0 -1.0 -1.0 -1.0 -1.0 1.926 1.804 4.899 1546.821 0.177 1213.954 -0.2915223449623716 0.0 -1.0 -1.0
34.0 99.0 Car -1.0 -1.0 -1.0 -1.0 -1.0 -1.0 -1.0 1.73 1.562 4.084 1536.422 0.0 1211.139 2.964081894627815 1.0 -1.0 -1.0
34.0 0.0 Car -1.0 -1.0 -1.0 -1.0 -1.0 -1.0 -1.0 1.969 1.573 4.463 1538.48 0.707 1213.949 -0.2169095193781685 0.0 -1.0 -1.0
34.0 3.0 Car -1.0 -1.0 -1.0 -1.0 -1.0 -1.0 -1.0 2.378 2.511 5.246 1587.362 -1.589 1200.985 -0.009593197955048982 0.0 -1.0 -1.0
34.0 2.0 Car -1.0 -1.0 -1.0 -1.0 -1.0 -1.0 -1.0 1.806 1.702 4.244 1545.771 0.222 1209.609 2.95201499097431 0.0 -1.0 -1.0
34.0 1.0 Car -1.0 -1.0 -1.0 -1.0 -1.0 -1.0 -1.0 1.926 1.804 4.899 1548.614 0.127 1213.391 -0.29154203790851674 0.0 -1.0 -1.0
35.0 99.0 Car -1.0 -1.0 -1.0 -1.0 -1.0 -1.0 -1.0 1.73 1.562 4.084 1536.436 0.0 1211.137 2.9644952079952462 1.0 -1.0 -1.0
35.0 0.0 Car -1.0 -1.0 -1.0 -1.0 -1.0 -1.0 -1.0 1.969 1.573 4.463 1539.174 0.633 1213.809 -0.20820868159827421 0.0 -1.0 -1.0
35.0 3.0 Car -1.0 -1.0 -1.0 -1.0 -1.0 -1.0 -1.0 2.378 2.511 5.246 1588.21 -1.666 1201.243 0.10658725780667422 0.0 -1.0 -1.0
35.0 2.0 Car -1.0 -1.0 -1.0 -1.0 -1.0 -1.0 -1.0 1.806 1.702 4.244 1544.371 0.29 1209.874 2.9578281950231036 0.0 -1.0 -1.0
35.0 1.0 Car -1.0 -1.0 -1.0 -1.0 -1.0 -1.0 -1.0 1.926 1.804 4.899 1550.395 -0.023 1212.797 -0.30897563748231494 0.0 -1.0 -1.0
36.0 99.0 Car -1.0 -1.0 -1.0 -1.0 -1.0 -1.0 -1.0 1.73 1.562 4.084 1536.437 0.0 1211.138 2.9646115961166566 1.0 -1.0 -1.0
36.0 0.0 Car -1.0 -1.0 -1.0 -1.0 -1.0 -1.0 -1.0 1.969 1.573 4.463 1539.893 0.608 1213.634 -0.18200293433828182 0.0 -1.0 -1.0
36.0 3.0 Car -1.0 -1.0 -1.0 -1.0 -1.0 -1.0 -1.0 2.378 2.511 5.246 1588.494 -1.666 1201.357 0.1681662300205149 0.0 -1.0 -1.0
36.0 2.0 Car -1.0 -1.0 -1.0 -1.0 -1.0 -1.0 -1.0 1.806 1.702 4.244 1543.487 0.358 1210.043 2.9636482800087274 0.0 -1.0 -1.0
36.0 1.0 Car -1.0 -1.0 -1.0 -1.0 -1.0 -1.0 -1.0 1.926 1.804 4.899 1552.476 -0.124 1212.114 -0.3177022226411597 0.0 -1.0 -1.0
37.0 99.0 Car -1.0 -1.0 -1.0 -1.0 -1.0 -1.0 -1.0 1.73 1.562 4.084 1536.436 0.0 1211.138 2.9646743171372805 1.0 -1.0 -1.0
37.0 0.0 Car -1.0 -1.0 -1.0 -1.0 -1.0 -1.0 -1.0 1.969 1.573 4.463 1541.176 0.583 1213.372 -0.1994562268582252 0.0 -1.0 -1.0
37.0 3.0 Car -1.0 -1.0 -1.0 -1.0 -1.0 -1.0 -1.0 2.378 2.511 5.246 1588.77 -1.666 1201.489 0.2297443399286898 0.0 -1.0 -1.0
37.0 2.0 Car -1.0 -1.0 -1.0 -1.0 -1.0 -1.0 -1.0 1.806 1.702 4.244 1543.033 0.426 1210.136 2.9694682834942534 0.0 -1.0 -1.0
37.0 1.0 Car -1.0 -1.0 -1.0 -1.0 -1.0 -1.0 -1.0 1.926 1.804 4.899 1554.57 -0.324 1211.463 -0.30897563748231494 0.0 -1.0 -1.0
38.0 99.0 Car -1.0 -1.0 -1.0 -1.0 -1.0 -1.0 -1.0 1.73 1.562 4.084 1536.436 0.0 1211.138 2.9647514404893993 1.0 -1.0 -1.0
38.0 0.0 Car -1.0 -1.0 -1.0 -1.0 -1.0 -1.0 -1.0 1.969 1.573 4.463 1542.599 0.555 1213.147 -0.1994562268582252 0.0 -1.0 -1.0
38.0 3.0 Car -1.0 -1.0 -1.0 -1.0 -1.0 -1.0 -1.0 2.378 2.511 5.246 1589.063 -1.665 1201.653 0.29745097939099824 0.0 -1.0 -1.0
38.0 2.0 Car -1.0 -1.0 -1.0 -1.0 -1.0 -1.0 -1.0 1.806 1.702 4.244 1542.924 0.426 1210.179 2.969468283494253 0.0 -1.0 -1.0
38.0 1.0 Car -1.0 -1.0 -1.0 -1.0 -1.0 -1.0 -1.0 1.926 1.804 4.899 1556.614 -0.324 1210.774 -0.30897563748231494 0.0 -1.0 -1.0
39.0 99.0 Car -1.0 -1.0 -1.0 -1.0 -1.0 -1.0 -1.0 1.73 1.562 4.084 1536.437 0.0 1211.138 2.9647841424628476 1.0 -1.0 -1.0
39.0 0.0 Car -1.0 -1.0 -1.0 -1.0 -1.0 -1.0 -1.0 1.969 1.573 4.463 1544.394 0.455 1212.796 -0.1994562268582252 0.0 -1.0 -1.0
39.0 3.0 Car -1.0 -1.0 -1.0 -1.0 -1.0 -1.0 -1.0 2.378 2.511 5.246 1589.32 -1.665 1201.82 0.3590978273793983 0.0 -1.0 -1.0
39.0 2.0 Car -1.0 -1.0 -1.0 -1.0 -1.0 -1.0 -1.0 1.806 1.702 4.244 1542.823 0.426 1210.218 2.969468283494253 0.0 -1.0 -1.0
39.0 1.0 Car -1.0 -1.0 -1.0 -1.0 -1.0 -1.0 -1.0 1.926 1.804 4.899 1558.943 -0.474 1210.029 -0.32642893000225826 0.0 -1.0 -1.0
