0.0 99.0 Car -1.0 -1.0 -1.0 -1.0 -1.0 -1.0 -1.0 1.73 1.562 4.084 849.886 0.0 1643.36 1.1916566983494166 1.0 -1.0 -1.0
0.0 1.0 Car -1.0 -1.0 -1.0 -1.0 -1.0 -1.0 -1.0 1.731 1.655 4.027 843.742 0.671 1631.091 1.0056936212342407 0.0 -1.0 -1.0
0.0 2.0 Car -1.0 -1.0 -1.0 -1.0 -1.0 -1.0 -1.0 1.664 1.565 4.02 866.162 0.984 1692.919 1.1490375126583974 0.0 -1.0 -1.0
0.0 0.0 Car -1.0 -1.0 -1.0 -1.0 -1.0 -1.0 -1.0 1.776 1.483 4.787 859.794 0.655 1658.414 -1.962099145293909 0.0 -1.0 -1.0
1.0 99.0 Car -1.0 -1.0 -1.0 -1.0 -1.0 -1.0 -1.0 1.73 1.562 4.084 850.924 0.0 1645.972 1.209820247430026 1.0 -1.0 -1.0
1.0 1.0 Car -1.0 -1.0 -1.0 -1.0 -1.0 -1.0 -1.0 1.731 1.655 4.027 845.25 0.721 1633.785 1.0406002062741273 1.0 -1.0 -1.0
1.0 2.0 Car -1.0 -1.0 -1.0 -1.0 -1.0 -1.0 -1.0 1.664 1.565 4.02 866.388 0.988 1693.423 1.1490375126583974 1.0 -1.0 -1.0
1.0 0.0 Car -1.0 -1.0 -1.0 -1.0 -1.0 -1.0 -1.0 1.776 1.483 4.787 858.723 0.655 1655.733 -1.962099145293909 1.0 -1.0 -1.0
2.0 99.0 Car -1.0 -1.0 -1.0 -1.0 -1.0 -1.0 -1.0 1.73 1.562 4.084 851.887 0.0 1648.546 1.227958817094133 1.0 -1.0 -1.0
2.0 1.0 Car -1.0 -1.0 -1.0 -1.0 -1.0 -1.0 -1.0 1.731 1.655 4.027 846.663 0.771 1636.529 1.075506791314014 1.0 -1.0 -1.0
2.0 2.0 Car -1.0 -1.0 -1.0 -1.0 -1.0 -1.0 -1.0 1.664 1.565 4.02 866.613 0.993 1693.926 1.1490375126583974 1.0 -1.0 -1.0
2.0 0.0 Car -1.0 -1.0 -1.0 -1.0 -1.0 -1.0 -1.0 1.776 1.483 4.787 857.574 0.655 1653.021 -1.962099145293909 1.0 -1.0 -1.0
3.0 99.0 Car -1.0 -1.0 -1.0 -1.0 -1.0 -1.0 -1.0 1.73 1.562 4.084 852.8 0.0 1651.12 1.2428767783272245 1.0 -1.0 -1.0
3.0 1.0 Car -1.0 -1.0 -1.0 -1.0 -1.0 -1.0 -1.0 1.731 1.655 4.027 847.863 0.821 1639.26 1.087142319660643 0.0 -1.0 -1.0
3.0 2.0 Car -1.0 -1.0 -1.0 -1.0 -1.0 -1.0 -1.0 1.664 1.565 4.02 866.839 0.998 1694.429 1.1490375126583974 0.0 -1.0 -1.0
3.0 0.0 Car -1.0 -1.0 -1.0 -1.0 -1.0 -1.0 -1.0 1.776 1.483 4.787 856.424 0.655 1650.309 -1.962099145293909 0.0 -1.0 -1.0
4.0 99.0 Car -1.0 -1.0 -1.0 -1.0 -1.0 -1.0 -1.0 1.73 1.562 4.084 853.64 0.0 1653.587 1.2573715241693955 1.0 -1.0 -1.0
4.0 1.0 Car -1.0 -1.0 -1.0 -1.0 -1.0 -1.0 -1.0 1.731 1.655 4.027 849.062 0.871 1641.991 1.0987778480072719 1.0 -1.0 -1.0
4.0 2.0 Car -1.0 -1.0 -1.0 -1.0 -1.0 -1.0 -1.0 1.664 1.565 4.02 867.065 1.002 1694.933 1.1490375126583974 1.0 -1.0 -1.0
4.0 0.0 Car -1.0 -1.0 -1.0 -1.0 -1.0 -1.0 -1.0 1.776 1.483 4.787 855.122 0.655 1647.267 -1.9795524378138523 0.0 -1.0 -1.0
5.0 99.0 Car -1.0 -1.0 -1.0 -1.0 -1.0 -1.0 -1.0 1.73 1.562 4.084 854.374 0.0 1655.879 1.273823826770942 1.0 -1.0 -1.0
5.0 1.0 Car -1.0 -1.0 -1.0 -1.0 -1.0 -1.0 -1.0 1.731 1.655 4.027 850.148 0.921 1644.499 1.1104133763539006 0.0 -1.0 -1.0
5.0 2.0 Car -1.0 -1.0 -1.0 -1.0 -1.0 -1.0 -1.0 1.664 1.565 4.02 867.291 1.007 1695.436 1.1490375126583974 0.0 -1.0 -1.0
5.0 0.0 Car -1.0 -1.0 -1.0 -1.0 -1.0 -1.0 -1.0 1.776 1.483 4.787 853.687 0.655 1644.027 -1.9970057303337951 0.0 -1.0 -1.0
6.0 99.0 Car -1.0 -1.0 -1.0 -1.0 -1.0 -1.0 -1.0 1.73 1.562 4.084 854.998 0.0 1657.95 1.2898936241134995 1.0 -1.0 -1.0
6.0 1.0 Car -1.0 -1.0 -1.0 -1.0 -1.0 -1.0 -1.0 1.731 1.655 4.027 851.098 0.937 1646.785 1.1453199613937872 0.0 -1.0 -1.0
6.0 2.0 Car -1.0 -1.0 -1.0 -1.0 -1.0 -1.0 -1.0 1.664 1.565 4.02 867.523 0.987 1695.953 1.1490375126583974 0.0 -1.0 -1.0
6.0 0.0 Car -1.0 -1.0 -1.0 -1.0 -1.0 -1.0 -1.0 1.776 1.483 4.787 852.219 0.655 1640.873 -2.014459022853738 0.0 -1.0 -1.0
7.0 99.0 Car -1.0 -1.0 -1.0 -1.0 -1.0 -1.0 -1.0 1.73 1.562 4.084 855.536 0.0 1659.87 1.3056198897128233 1.0 -1.0 -1.0
7.0 1.0 Car -1.0 -1.0 -1.0 -1.0 -1.0 -1.0 -1.0 1.731 1.655 4.027 851.967 0.954 1649.103 1.1802265464336739 0.0 -1.0 -1.0
7.0 2.0 Car -1.0 -1.0 -1.0 -1.0 -1.0 -1.0 -1.0 1.664 1.565 4.02 867.754 0.967 1696.469 1.1490375126583974 0.0 -1.0 -1.0
7.0 0.0 Car -1.0 -1.0 -1.0 -1.0 -1.0 -1.0 -1.0 1.776 1.483 4.787 850.729 0.693 1637.732 -2.0057323765937665 0.0 -1.0 -1.0
8.0 99.0 Car -1.0 -1.0 -1.0 -1.0 -1.0 -1.0 -1.0 1.73 1.562 4.084 856.011 0.0 1661.629 1.3183782786497873 1.0 -1.0 -1.0
8.0 1.0 Car -1.0 -1.0 -1.0 -1.0 -1.0 -1.0 -1.0 1.731 1.655 4.027 852.665 0.971 1651.217 1.2151331314735605 0.0 -1.0 -1.0
8.0 2.0 Car -1.0 -1.0 -1.0 -1.0 -1.0 -1.0 -1.0 1.664 1.565 4.02 867.949 0.942 1696.902 1.1490375126583974 0.0 -1.0 -1.0
8.0 0.0 Car -1.0 -1.0 -1.0 -1.0 -1.0 -1.0 -1.0 1.776 1.483 4.787 849.212 0.73 1634.531 -1.9970057303337951 0.0 -1.0 -1.0
9.0 99.0 Car -1.0 -1.0 -1.0 -1.0 -1.0 -1.0 -1.0 1.73 1.562 4.084 856.338 0.0 1662.912 1.330073157484576 1.0 -1.0 -1.0
9.0 1.0 Car -1.0 -1.0 -1.0 -1.0 -1.0 -1.0 -1.0 1.731 1.655 4.027 853.177 0.954 1652.676 1.2267686598201895 1.0 -1.0 -1.0
9.0 2.0 Car -1.0 -1.0 -1.0 -1.0 -1.0 -1.0 -1.0 1.664 1.565 4.02 868.143 0.917 1697.335 1.1490375126583974 0.0 -1.0 -1.0
9.0 0.0 Car -1.0 -1.0 -1.0 -1.0 -1.0 -1.0 -1.0 1.776 1.483 4.787 847.657 0.71 1631.551 -2.046747614015633 0.0 -1.0 -1.0
10.0 99.0 Car -1.0 -1.0 -1.0 -1.0 -1.0 -1.0 -1.0 1.73 1.562 4.084 856.665 0.0 1664.217 1.3355918190049416 1.0 -1.0 -1.0
10.0 1.0 Car -1.0 -1.0 -1.0 -1.0 -1.0 -1.0 -1.0 1.731 1.655 4.027 853.69 0.937 1654.134 1.2384041881668182 1.0 -1.0 -1.0
10.0 2.0 Car -1.0 -1.0 -1.0 -1.0 -1.0 -1.0 -1.0 1.664 1.565 4.02 868.309 0.817 1697.705 1.1490375126583974 0.0 -1.0 -1.0
10.0 0.0 Car -1.0 -1.0 -1.0 -1.0 -1.0 -1.0 -1.0 1.776 1.483 4.787 845.956 0.69 1628.652 -2.0964894976974717 0.0 -1.0 -1.0
11.0 99.0 Car -1.0 -1.0 -1.0 -1.0 -1.0 -1.0 -1.0 1.73 1.562 4.084 856.922 0.0 1665.265 1.3373721765456166 1.0 -1.0 -1.0
11.0 1.0 Car -1.0 -1.0 -1.0 -1.0 -1.0 -1.0 -1.0 1.731 1.655 4.027 854.134 0.921 1655.396 1.250039716513447 1.0 -1.0 -1.0
11.0 2.0 Car -1.0 -1.0 -1.0 -1.0 -1.0 -1.0 -1.0 1.664 1.565 4.02 868.43 0.817 1697.975 1.1490375126583974 0.0 -1.0 -1.0
11.0 0.0 Car -1.0 -1.0 -1.0 -1.0 -1.0 -1.0 -1.0 1.776 1.483 4.787 844.113 0.67 1625.841 -2.146231381379311 0.0 -1.0 -1.0
12.0 99.0 Car -1.0 -1.0 -1.0 -1.0 -1.0 -1.0 -1.0 1.73 1.562 4.084 857.223 0.0 1666.483 1.33719268373222 1.0 -1.0 -1.0
12.0 1.0 Car -1.0 -1.0 -1.0 -1.0 -1.0 -1.0 -1.0 1.731 1.655 4.027 854.575 0.904 1656.71 1.2631296859034045 1.0 -1.0 -1.0
12.0 2.0 Car -1.0 -1.0 -1.0 -1.0 -1.0 -1.0 -1.0 1.664 1.565 4.02 868.551 0.817 1698.244 1.1490375126583974 0.0 -1.0 -1.0
12.0 0.0 Car -1.0 -1.0 -1.0 -1.0 -1.0 -1.0 -1.0 1.776 1.483 4.787 842.133 0.649 1623.125 -2.195973265061149 0.0 -1.0 -1.0
13.0 99.0 Car -1.0 -1.0 -1.0 -1.0 -1.0 -1.0 -1.0 1.73 1.562 4.084 857.519 0.0 1667.683 1.3284500572469096 1.0 -1.0 -1.0
13.0 1.0 Car -1.0 -1.0 -1.0 -1.0 -1.0 -1.0 -1.0 1.731 1.655 4.027 854.972 0.887 1658.0 1.276219655293362 1.0 -1.0 -1.0
13.0 2.0 Car -1.0 -1.0 -1.0 -1.0 -1.0 -1.0 -1.0 1.664 1.565 4.02 868.671 0.817 1698.513 1.1490375126583974 0.0 -1.0 -1.0
13.0 0.0 Car -1.0 -1.0 -1.0 -1.0 -1.0 -1.0 -1.0 1.776 1.483 4.787 840.082 0.629 1620.464 -2.223898533093058 0.0 -1.0 -1.0
14.0 99.0 Car -1.0 -1.0 -1.0 -1.0 -1.0 -1.0 -1.0 1.73 1.562 4.084 857.855 0.0 1668.951 1.30934131587108 1.0 -1.0 -1.0
14.0 1.0 Car -1.0 -1.0 -1.0 -1.0 -1.0 -1.0 -1.0 1.731 1.655 4.027 855.321 0.871 1659.13 1.2893096246833196 1.0 -1.0 -1.0
14.0 2.0 Car -1.0 -1.0 -1.0 -1.0 -1.0 -1.0 -1.0 1.664 1.565 4.02 868.728 0.817 1698.639 1.1490375126583974 0.0 -1.0 -1.0
14.0 0.0 Car -1.0 -1.0 -1.0 -1.0 -1.0 -1.0 -1.0 1.776 1.483 4.787 837.513 0.288 1617.069 -2.2413518256130023 0.0 -1.0 -1.0
15.0 99.0 Car -1.0 -1.0 -1.0 -1.0 -1.0 -1.0 -1.0 1.73 1.562 4.084 858.272 0.0 1670.402 1.285628478863868 1.0 -1.0 -1.0
15.0 1.0 Car -1.0 -1.0 -1.0 -1.0 -1.0 -1.0 -1.0 1.731 1.655 4.027 855.669 0.854 1660.261 1.302399594073277 1.0 -1.0 -1.0
15.0 2.0 Car -1.0 -1.0 -1.0 -1.0 -1.0 -1.0 -1.0 1.664 1.565 4.02 868.785 0.817 1698.765 1.1490375126583974 0.0 -1.0 -1.0
16.0 99.0 Car -1.0 -1.0 -1.0 -1.0 -1.0 -1.0 -1.0 1.73 1.562 4.084 858.748 0.0 1671.928 1.2668786984538298 1.0 -1.0 -1.0
16.0 1.0 Car -1.0 -1.0 -1.0 -1.0 -1.0 -1.0 -1.0 1.731 1.655 4.027 855.937 0.854 1661.298 1.302399594073277 1.0 -1.0 -1.0
16.0 2.0 Car -1.0 -1.0 -1.0 -1.0 -1.0 -1.0 -1.0 1.664 1.565 4.02 868.785 0.867 1698.765 1.1490375126583974 0.0 -1.0 -1.0
17.0 99.0 Car -1.0 -1.0 -1.0 -1.0 -1.0 -1.0 -1.0 1.73 1.562 4.084 859.27 0.0 1673.558 1.2569263438382767 1.0 -1.0 -1.0
17.0 1.0 Car -1.0 -1.0 -1.0 -1.0 -1.0 -1.0 -1.0 1.731 1.655 4.027 856.205 0.854 1662.336 1.302399594073277 1.0 -1.0 -1.0
18.0 99.0 Car -1.0 -1.0 -1.0 -1.0 -1.0 -1.0 -1.0 1.73 1.562 4.084 859.801 0.0 1675.148 1.2496172573137034 1.0 -1.0 -1.0
18.0 1.0 Car -1.0 -1.0 -1.0 -1.0 -1.0 -1.0 -1.0 1.731 1.655 4.027 856.45 0.854 1663.293 1.302399594073277 1.0 -1.0 -1.0
19.0 99.0 Car -1.0 -1.0 -1.0 -1.0 -1.0 -1.0 -1.0 1.73 1.562 4.084 860.332 0.0 1676.694 1.2455439678771827 1.0 -1.0 -1.0
19.0 1.0 Car -1.0 -1.0 -1.0 -1.0 -1.0 -1.0 -1.0 1.731 1.655 4.027 856.688 0.866 1664.224 1.302399594073277 1.0 -1.0 -1.0
20.0 99.0 Car -1.0 -1.0 -1.0 -1.0 -1.0 -1.0 -1.0 1.73 1.562 4.084 860.848 0.0 1678.182 1.2421521318850022 1.0 -1.0 -1.0
20.0 1.0 Car -1.0 -1.0 -1.0 -1.0 -1.0 -1.0 -1.0 1.731 1.655 4.027 856.887 0.879 1665.012 1.302399594073277 1.0 -1.0 -1.0
21.0 99.0 Car -1.0 -1.0 -1.0 -1.0 -1.0 -1.0 -1.0 1.73 1.562 4.084 861.36 0.0 1679.648 1.2393789459278481 1.0 -1.0 -1.0
21.0 1.0 Car -1.0 -1.0 -1.0 -1.0 -1.0 -1.0 -1.0 1.731 1.655 4.027 857.101 0.891 1665.854 1.302399594073277 1.0 -1.0 -1.0
22.0 99.0 Car -1.0 -1.0 -1.0 -1.0 -1.0 -1.0 -1.0 1.73 1.562 4.084 861.858 0.0 1681.082 1.2369214137378588 1.0 -1.0 -1.0
22.0 1.0 Car -1.0 -1.0 -1.0 -1.0 -1.0 -1.0 -1.0 1.731 1.655 4.027 857.285 0.904 1666.588 1.302399594073277 1.0 -1.0 -1.0
23.0 99.0 Car -1.0 -1.0 -1.0 -1.0 -1.0 -1.0 -1.0 1.73 1.562 4.084 862.339 0.0 1682.423 1.23212192517494 1.0 -1.0 -1.0
23.0 1.0 Car -1.0 -1.0 -1.0 -1.0 -1.0 -1.0 -1.0 1.731 1.655 4.027 857.488 0.923 1667.29 1.3000361273778682 1.0 -1.0 -1.0
24.0 99.0 Car -1.0 -1.0 -1.0 -1.0 -1.0 -1.0 -1.0 1.73 1.562 4.084 862.803 0.0 1683.677 1.227493696968572 1.0 -1.0 -1.0
24.0 1.0 Car -1.0 -1.0 -1.0 -1.0 -1.0 -1.0 -1.0 1.731 1.655 4.027 857.691 0.941 1667.992 1.2976726606824591 1.0 -1.0 -1.0
25.0 99.0 Car -1.0 -1.0 -1.0 -1.0 -1.0 -1.0 -1.0 1.73 1.562 4.084 863.249 0.0 1684.879 1.2234770529449024 1.0 -1.0 -1.0
25.0 1.0 Car -1.0 -1.0 -1.0 -1.0 -1.0 -1.0 -1.0 1.731 1.655 4.027 857.893 0.96 1668.694 1.2953091939870502 1.0 -1.0 -1.0
26.0 99.0 Car -1.0 -1.0 -1.0 -1.0 -1.0 -1.0 -1.0 1.73 1.562 4.084 863.654 0.0 1685.968 1.2195012347571388 1.0 -1.0 -1.0
26.0 1.0 Car -1.0 -1.0 -1.0 -1.0 -1.0 -1.0 -1.0 1.731 1.655 4.027 858.096 0.979 1669.396 1.2929457272916411 1.0 -1.0 -1.0
27.0 99.0 Car -1.0 -1.0 -1.0 -1.0 -1.0 -1.0 -1.0 1.73 1.562 4.084 863.931 0.0 1686.704 1.2165034137103758 1.0 -1.0 -1.0
27.0 1.0 Car -1.0 -1.0 -1.0 -1.0 -1.0 -1.0 -1.0 1.731 1.655 4.027 858.344 0.96 1670.359 1.2905822605962325 1.0 -1.0 -1.0
28.0 99.0 Car -1.0 -1.0 -1.0 -1.0 -1.0 -1.0 -1.0 1.73 1.562 4.084 864.236 0.0 1687.511 1.212611282080676 1.0 -1.0 -1.0
28.0 1.0 Car -1.0 -1.0 -1.0 -1.0 -1.0 -1.0 -1.0 1.731 1.655 4.027 858.591 0.941 1671.322 1.288218793900823 0.0 -1.0 -1.0
29.0 99.0 Car -1.0 -1.0 -1.0 -1.0 -1.0 -1.0 -1.0 1.73 1.562 4.084 864.51 0.0 1688.228 1.210217605745438 1.0 -1.0 -1.0
29.0 1.0 Car -1.0 -1.0 -1.0 -1.0 -1.0 -1.0 -1.0 1.731 1.655 4.027 858.977 0.923 1672.563 1.285855327205414 0.0 -1.0 -1.0
30.0 99.0 Car -1.0 -1.0 -1.0 -1.0 -1.0 -1.0 -1.0 1.73 1.562 4.084 864.76 0.0 1688.869 1.2075655034531874 1.0 -1.0 -1.0
30.0 1.0 Car -1.0 -1.0 -1.0 -1.0 -1.0 -1.0 -1.0 1.731 1.655 4.027 859.363 0.904 1673.803 1.283491860510005 0.0 -1.0 -1.0
31.0 99.0 Car -1.0 -1.0 -1.0 -1.0 -1.0 -1.0 -1.0 1.73 1.562 4.084 864.966 0.0 1689.391 1.204998584239833 1.0 -1.0 -1.0
31.0 1.0 Car -1.0 -1.0 -1.0 -1.0 -1.0 -1.0 -1.0 1.731 1.655 4.027 859.812 0.891 1675.139 1.2787649271191874 0.0 -1.0 -1.0
32.0 99.0 Car -1.0 -1.0 -1.0 -1.0 -1.0 -1.0 -1.0 1.73 1.562 4.084 865.109 0.0 1689.744 1.2022560923592438 1.0 -1.0 -1.0
32.0 1.0 Car -1.0 -1.0 -1.0 -1.0 -1.0 -1.0 -1.0 1.731 1.655 4.027 860.261 0.879 1676.474 1.2740379937283692 0.0 -1.0 -1.0
33.0 99.0 Car -1.0 -1.0 -1.0 -1.0 -1.0 -1.0 -1.0 1.73 1.562 4.084 865.231 0.0 1690.043 1.2013064239532776 1.0 -1.0 -1.0
33.0 1.0 Car -1.0 -1.0 -1.0 -1.0 -1.0 -1.0 -1.0 1.731 1.655 4.027 860.711 0.866 1677.81 1.2693110603375513 0.0 -1.0 -1.0
34.0 99.0 Car -1.0 -1.0 -1.0 -1.0 -1.0 -1.0 -1.0 1.73 1.562 4.084 865.296 0.0 1690.191 1.2009219429390428 1.0 -1.0 -1.0
34.0 1.0 Car -1.0 -1.0 -1.0 -1.0 -1.0 -1.0 -1.0 1.731 1.655 4.027 861.16 0.854 1679.146 1.2645841269467335 0.0 -1.0 -1.0
35.0 99.0 Car -1.0 -1.0 -1.0 -1.0 -1.0 -1.0 -1.0 1.73 1.562 4.084 865.328 0.0 1690.261 1.2002198622373013 1.0 -1.0 -1.0
35.0 1.0 Car -1.0 -1.0 -1.0 -1.0 -1.0 -1.0 -1.0 1.731 1.655 4.027 861.586 0.841 1680.347 1.2551302601650973 0.0 -1.0 -1.0
36.0 99.0 Car -1.0 -1.0 -1.0 -1.0 -1.0 -1.0 -1.0 1.73 1.562 4.084 865.358 0.0 1690.326 1.1994048408056524 1.0 -1.0 -1.0
36.0 1.0 Car -1.0 -1.0 -1.0 -1.0 -1.0 -1.0 -1.0 1.731 1.655 4.027 861.987 0.829 1681.469 1.2456763933834614 0.0 -1.0 -1.0
37.0 99.0 Car -1.0 -1.0 -1.0 -1.0 -1.0 -1.0 -1.0 1.73 1.562 4.084 865.365 0.0 1690.338 1.1993119147854832 1.0 -1.0 -1.0
37.0 1.0 Car -1.0 -1.0 -1.0 -1.0 -1.0 -1.0 -1.0 1.731 1.655 4.027 862.348 0.816 1682.473 1.2362225266018252 0.0 -1.0 -1.0
38.0 99.0 Car -1.0 -1.0 -1.0 -1.0 -1.0 -1.0 -1.0 1.73 1.562 4.084 865.364 0.0 1690.329 1.1997819146254334 1.0 -1.0 -1.0
38.0 1.0 Car -1.0 -1.0 -1.0 -1.0 -1.0 -1.0 -1.0 1.731 1.655 4.027 862.656 0.804 1683.32 1.2267686598201895 0.0 -1.0 -1.0
39.0 99.0 Car -1.0 -1.0 -1.0 -1.0 -1.0 -1.0 -1.0 1.73 1.562 4.084 865.366 0.0 1690.328 1.2000537538080105 1.0 -1.0 -1.0
39.0 1.0 Car -1.0 -1.0 -1.0 -1.0 -1.0 -1.0 -1.0 1.731 1.655 4.027 862.881 0.791 1683.998 1.2122242493869033 0.0 -1.0 -1.0
