0.0 99.0 Car -1.0 -1.0 -1.0 -1.0 -1.0 -1.0 -1.0 1.73 1.562 4.084 869.415 0.0 2400.255 -2.178607996094554 1.0 -1.0 -1.0
0.0 1.0 Car -1.0 -1.0 -1.0 -1.0 -1.0 -1.0 -1.0 1.835 1.599 4.515 852.532 1.437 2376.28 -2.1818884573614685 0.0 -1.0 -1.0
1.0 99.0 Car -1.0 -1.0 -1.0 -1.0 -1.0 -1.0 -1.0 1.73 1.562 4.084 864.858 0.0 2393.843 -2.1834396327252468 1.0 -1.0 -1.0
1.0 1.0 Car -1.0 -1.0 -1.0 -1.0 -1.0 -1.0 -1.0 1.835 1.599 4.515 848.032 1.504 2369.886 -2.178980110219573 1.0 -1.0 -1.0
2.0 99.0 Car -1.0 -1.0 -1.0 -1.0 -1.0 -1.0 -1.0 1.73 1.562 4.084 860.286 0.0 2387.356 -2.1787449011366506 1.0 -1.0 -1.0
2.0 1.0 Car -1.0 -1.0 -1.0 -1.0 -1.0 -1.0 -1.0 1.835 1.599 4.515 843.617 1.571 2363.232 -2.1760684525046403 1.0 -1.0 -1.0
3.0 99.0 Car -1.0 -1.0 -1.0 -1.0 -1.0 -1.0 -1.0 1.73 1.562 4.084 855.707 0.0 2380.865 -2.1753687936622788 1.0 -1.0 -1.0
3.0 1.0 Car -1.0 -1.0 -1.0 -1.0 -1.0 -1.0 -1.0 1.835 1.599 4.515 839.118 1.603 2356.788 -2.177233695995053 1.0 -1.0 -1.0
4.0 99.0 Car -1.0 -1.0 -1.0 -1.0 -1.0 -1.0 -1.0 1.73 1.562 4.084 851.098 0.0 2374.313 -2.175357427053389 1.0 -1.0 -1.0
4.0 1.0 Car -1.0 -1.0 -1.0 -1.0 -1.0 -1.0 -1.0 1.835 1.599 4.515 834.624 1.634 2350.35 -2.178397700692113 1.0 -1.0 -1.0
5.0 99.0 Car -1.0 -1.0 -1.0 -1.0 -1.0 -1.0 -1.0 1.73 1.562 4.084 846.576 0.0 2367.794 -2.1693181153969454 1.0 -1.0 -1.0
5.0 1.0 Car -1.0 -1.0 -1.0 -1.0 -1.0 -1.0 -1.0 1.835 1.599 4.515 830.136 1.666 2343.92 -2.1795603664677867 1.0 -1.0 -1.0
6.0 99.0 Car -1.0 -1.0 -1.0 -1.0 -1.0 -1.0 -1.0 1.73 1.562 4.084 842.073 0.0 2361.271 -2.168102270589619 1.0 -1.0 -1.0
6.0 2.0 Car -1.0 -1.0 -1.0 -1.0 -1.0 -1.0 -1.0 1.824 1.655 4.518 776.689 4.68 2271.823 1.0047685972292477 0.0 -1.0 -1.0
6.0 1.0 Car -1.0 -1.0 -1.0 -1.0 -1.0 -1.0 -1.0 1.835 1.599 4.515 825.642 1.697 2337.483 -2.180724354864934 1.0 -1.0 -1.0
7.0 99.0 Car -1.0 -1.0 -1.0 -1.0 -1.0 -1.0 -1.0 1.73 1.562 4.084 837.656 0.0 2354.837 -2.166390400527638 1.0 -1.0 -1.0
7.0 2.0 Car -1.0 -1.0 -1.0 -1.0 -1.0 -1.0 -1.0 1.824 1.655 4.518 779.439 4.18 2276.242 1.022221889749191 1.0 -1.0 -1.0
7.0 1.0 Car -1.0 -1.0 -1.0 -1.0 -1.0 -1.0 -1.0 1.835 1.599 4.515 821.228 1.705 2331.065 -2.1813064608394814 1.0 -1.0 -1.0
8.0 99.0 Car -1.0 -1.0 -1.0 -1.0 -1.0 -1.0 -1.0 1.73 1.562 4.084 833.228 0.0 2348.406 -2.1672364664292094 1.0 -1.0 -1.0
8.0 2.0 Car -1.0 -1.0 -1.0 -1.0 -1.0 -1.0 -1.0 1.824 1.655 4.518 782.169 3.68 2280.668 0.9960727651149047 1.0 -1.0 -1.0
8.0 1.0 Car -1.0 -1.0 -1.0 -1.0 -1.0 -1.0 -1.0 1.835 1.599 4.515 816.855 1.705 2324.67 -2.1815002251455913 1.0 -1.0 -1.0
9.0 99.0 Car -1.0 -1.0 -1.0 -1.0 -1.0 -1.0 -1.0 1.73 1.562 4.084 828.766 0.0 2341.947 -2.168480351669385 1.0 -1.0 -1.0
9.0 2.0 Car -1.0 -1.0 -1.0 -1.0 -1.0 -1.0 -1.0 1.824 1.655 4.518 785.02 3.179 2285.031 0.9698620121893611 1.0 -1.0 -1.0
9.0 0.0 Car -1.0 -1.0 -1.0 -1.0 -1.0 -1.0 -1.0 1.782 1.739 4.207 760.17 4.569 2249.556 0.9739460826501455 0.0 -1.0 -1.0
9.0 1.0 Car -1.0 -1.0 -1.0 -1.0 -1.0 -1.0 -1.0 1.835 1.599 4.515 812.5 1.722 2318.289 -2.1789752091106327 1.0 -1.0 -1.0
10.0 99.0 Car -1.0 -1.0 -1.0 -1.0 -1.0 -1.0 -1.0 1.73 1.562 4.084 824.38 0.0 2335.617 -2.168894665920341 1.0 -1.0 -1.0
10.0 2.0 Car -1.0 -1.0 -1.0 -1.0 -1.0 -1.0 -1.0 1.824 1.655 4.518 787.766 2.779 2289.11 0.9524087196694178 1.0 -1.0 -1.0
10.0 0.0 Car -1.0 -1.0 -1.0 -1.0 -1.0 -1.0 -1.0 1.782 1.739 4.207 763.251 4.285 2254.059 0.9739460826501455 1.0 -1.0 -1.0
10.0 1.0 Car -1.0 -1.0 -1.0 -1.0 -1.0 -1.0 -1.0 1.835 1.599 4.515 808.15 1.739 2311.915 -2.176452919646256 1.0 -1.0 -1.0
11.0 99.0 Car -1.0 -1.0 -1.0 -1.0 -1.0 -1.0 -1.0 1.73 1.562 4.084 820.01 0.0 2329.266 -2.168901600704623 1.0 -1.0 -1.0
11.0 2.0 Car -1.0 -1.0 -1.0 -1.0 -1.0 -1.0 -1.0 1.824 1.655 4.518 791.184 2.329 2294.082 0.9524087196694178 0.0 -1.0 -1.0
11.0 0.0 Car -1.0 -1.0 -1.0 -1.0 -1.0 -1.0 -1.0 1.782 1.739 4.207 766.376 3.853 2258.324 0.9681308160437712 1.0 -1.0 -1.0
11.0 1.0 Car -1.0 -1.0 -1.0 -1.0 -1.0 -1.0 -1.0 1.835 1.599 4.515 803.813 1.796 2305.592 -2.181029218930697 1.0 -1.0 -1.0
12.0 99.0 Car -1.0 -1.0 -1.0 -1.0 -1.0 -1.0 -1.0 1.73 1.562 4.084 815.66 0.0 2322.98 -2.1682264544374243 1.0 -1.0 -1.0
12.0 2.0 Car -1.0 -1.0 -1.0 -1.0 -1.0 -1.0 -1.0 1.824 1.655 4.518 794.551 1.854 2298.785 0.969852450577051 0.0 -1.0 -1.0
12.0 0.0 Car -1.0 -1.0 -1.0 -1.0 -1.0 -1.0 -1.0 1.782 1.739 4.207 769.287 3.42 2262.737 0.9623149909752237 1.0 -1.0 -1.0
12.0 1.0 Car -1.0 -1.0 -1.0 -1.0 -1.0 -1.0 -1.0 1.835 1.599 4.515 799.476 1.853 2299.268 -2.185605957694565 1.0 -1.0 -1.0
13.0 99.0 Car -1.0 -1.0 -1.0 -1.0 -1.0 -1.0 -1.0 1.73 1.562 4.084 811.297 0.0 2316.67 -2.167075806909607 1.0 -1.0 -1.0
13.0 2.0 Car -1.0 -1.0 -1.0 -1.0 -1.0 -1.0 -1.0 1.824 1.655 4.518 798.202 1.378 2303.904 0.9873153047093043 0.0 -1.0 -1.0
13.0 0.0 Car -1.0 -1.0 -1.0 -1.0 -1.0 -1.0 -1.0 1.782 1.739 4.207 772.202 2.986 2267.155 0.9564927901302023 1.0 -1.0 -1.0
13.0 1.0 Car -1.0 -1.0 -1.0 -1.0 -1.0 -1.0 -1.0 1.835 1.599 4.515 795.117 1.849 2293.027 -2.1878857357744157 1.0 -1.0 -1.0
14.0 99.0 Car -1.0 -1.0 -1.0 -1.0 -1.0 -1.0 -1.0 1.73 1.562 4.084 806.992 0.0 2310.388 -2.1664816669994207 1.0 -1.0 -1.0
14.0 2.0 Car -1.0 -1.0 -1.0 -1.0 -1.0 -1.0 -1.0 1.824 1.655 4.518 801.823 0.928 2309.185 0.9698620121893611 0.0 -1.0 -1.0
14.0 0.0 Car -1.0 -1.0 -1.0 -1.0 -1.0 -1.0 -1.0 1.782 1.739 4.207 775.547 2.537 2272.013 0.9564927901302023 0.0 -1.0 -1.0
14.0 1.0 Car -1.0 -1.0 -1.0 -1.0 -1.0 -1.0 -1.0 1.835 1.599 4.515 790.763 1.846 2286.792 -2.1901630947619823 1.0 -1.0 -1.0
15.0 99.0 Car -1.0 -1.0 -1.0 -1.0 -1.0 -1.0 -1.0 1.73 1.562 4.084 802.67 0.0 2304.085 -2.166830246261866 1.0 -1.0 -1.0
15.0 2.0 Car -1.0 -1.0 -1.0 -1.0 -1.0 -1.0 -1.0 1.824 1.655 4.518 805.542 0.512 2314.389 0.9465904395219132 0.0 -1.0 -1.0
15.0 0.0 Car -1.0 -1.0 -1.0 -1.0 -1.0 -1.0 -1.0 1.782 1.739 4.207 778.892 2.087 2276.872 0.9564927901302023 0.0 -1.0 -1.0
15.0 1.0 Car -1.0 -1.0 -1.0 -1.0 -1.0 -1.0 -1.0 1.835 1.599 4.515 786.409 1.842 2280.557 -2.192440576754242 1.0 -1.0 -1.0
16.0 99.0 Car -1.0 -1.0 -1.0 -1.0 -1.0 -1.0 -1.0 1.73 1.562 4.084 798.402 0.0 2297.899 -2.1690114433127055 1.0 -1.0 -1.0
16.0 2.0 Car -1.0 -1.0 -1.0 -1.0 -1.0 -1.0 -1.0 1.824 1.655 4.518 809.298 0.145 2319.564 0.9494994719250739 0.0 -1.0 -1.0
16.0 0.0 Car -1.0 -1.0 -1.0 -1.0 -1.0 -1.0 -1.0 1.782 1.739 4.207 781.978 1.638 2281.339 0.9652191134070444 0.0 -1.0 -1.0
16.0 1.0 Car -1.0 -1.0 -1.0 -1.0 -1.0 -1.0 -1.0 1.835 1.599 4.515 782.056 1.838 2274.323 -2.1947176715095082 1.0 -1.0 -1.0
17.0 99.0 Car -1.0 -1.0 -1.0 -1.0 -1.0 -1.0 -1.0 1.73 1.562 4.084 794.098 0.0 2291.653 -2.1703160201134595 1.0 -1.0 -1.0
17.0 2.0 Car -1.0 -1.0 -1.0 -1.0 -1.0 -1.0 -1.0 1.824 1.655 4.518 813.054 -0.222 2324.74 0.9524087196694178 0.0 -1.0 -1.0
17.0 0.0 Car -1.0 -1.0 -1.0 -1.0 -1.0 -1.0 -1.0 1.782 1.739 4.207 785.182 1.188 2286.078 0.9739460826501455 0.0 -1.0 -1.0
17.0 1.0 Car -1.0 -1.0 -1.0 -1.0 -1.0 -1.0 -1.0 1.835 1.599 4.515 777.674 1.81 2268.041 -2.193526196202067 1.0 -1.0 -1.0
18.0 99.0 Car -1.0 -1.0 -1.0 -1.0 -1.0 -1.0 -1.0 1.73 1.562 4.084 789.781 0.0 2285.406 -2.1736478385970264 1.0 -1.0 -1.0
18.0 2.0 Car -1.0 -1.0 -1.0 -1.0 -1.0 -1.0 -1.0 1.824 1.655 4.518 816.649 -0.589 2329.81 0.9524087196694178 0.0 -1.0 -1.0
18.0 0.0 Car -1.0 -1.0 -1.0 -1.0 -1.0 -1.0 -1.0 1.782 1.739 4.207 788.378 0.788 2290.62 0.9564927901302023 0.0 -1.0 -1.0
18.0 1.0 Car -1.0 -1.0 -1.0 -1.0 -1.0 -1.0 -1.0 1.835 1.599 4.515 773.25 1.773 2261.686 -2.18770405757753 1.0 -1.0 -1.0
19.0 99.0 Car -1.0 -1.0 -1.0 -1.0 -1.0 -1.0 -1.0 1.73 1.562 4.084 785.52 0.0 2279.242 -2.169057777777897 1.0 -1.0 -1.0
19.0 2.0 Car -1.0 -1.0 -1.0 -1.0 -1.0 -1.0 -1.0 1.824 1.655 4.518 820.24 -1.055 2334.873 0.9524087196694178 0.0 -1.0 -1.0
19.0 0.0 Car -1.0 -1.0 -1.0 -1.0 -1.0 -1.0 -1.0 1.782 1.739 4.207 791.839 0.339 2295.472 0.9564927901302023 0.0 -1.0 -1.0
19.0 1.0 Car -1.0 -1.0 -1.0 -1.0 -1.0 -1.0 -1.0 1.835 1.599 4.515 768.831 1.786 2255.339 -2.1818884573614685 1.0 -1.0 -1.0
20.0 99.0 Car -1.0 -1.0 -1.0 -1.0 -1.0 -1.0 -1.0 1.73 1.562 4.084 781.267 0.0 2273.11 -2.1706099074914964 1.0 -1.0 -1.0
20.0 2.0 Car -1.0 -1.0 -1.0 -1.0 -1.0 -1.0 -1.0 1.824 1.655 4.518 824.002 -1.522 2340.187 0.9698620121893611 0.0 -1.0 -1.0
20.0 0.0 Car -1.0 -1.0 -1.0 -1.0 -1.0 -1.0 -1.0 1.782 1.739 4.207 795.296 -0.11 2300.32 0.9564927901302023 0.0 -1.0 -1.0
20.0 1.0 Car -1.0 -1.0 -1.0 -1.0 -1.0 -1.0 -1.0 1.835 1.599 4.515 764.379 1.75 2248.983 -2.1814300919349923 1.0 -1.0 -1.0
21.0 99.0 Car -1.0 -1.0 -1.0 -1.0 -1.0 -1.0 -1.0 1.73 1.562 4.084 776.998 0.0 2266.945 -2.1698855035785862 1.0 -1.0 -1.0
21.0 2.0 Car -1.0 -1.0 -1.0 -1.0 -1.0 -1.0 -1.0 1.824 1.655 4.518 827.722 -1.739 2345.546 0.9698620121893611 0.0 -1.0 -1.0
21.0 0.0 Car -1.0 -1.0 -1.0 -1.0 -1.0 -1.0 -1.0 1.782 1.739 4.207 798.685 -0.535 2305.119 0.9564927901302023 0.0 -1.0 -1.0
21.0 1.0 Car -1.0 -1.0 -1.0 -1.0 -1.0 -1.0 -1.0 1.835 1.599 4.515 759.917 1.747 2242.613 -2.180970783843828 1.0 -1.0 -1.0
22.0 99.0 Car -1.0 -1.0 -1.0 -1.0 -1.0 -1.0 -1.0 1.73 1.562 4.084 772.769 0.0 2260.815 -2.1684423730290847 1.0 -1.0 -1.0
22.0 2.0 Car -1.0 -1.0 -1.0 -1.0 -1.0 -1.0 -1.0 1.824 1.655 4.518 831.437 -2.206 2350.901 0.9611352437262797 0.0 -1.0 -1.0
22.0 0.0 Car -1.0 -1.0 -1.0 -1.0 -1.0 -1.0 -1.0 1.782 1.739 4.207 802.071 -0.959 2309.913 0.9564927901302023 0.0 -1.0 -1.0
22.0 1.0 Car -1.0 -1.0 -1.0 -1.0 -1.0 -1.0 -1.0 1.835 1.599 4.515 755.46 1.743 2236.25 -2.1805119493797114 1.0 -1.0 -1.0
23.0 99.0 Car -1.0 -1.0 -1.0 -1.0 -1.0 -1.0 -1.0 1.73 1.562 4.084 768.529 0.0 2254.681 -2.1686587156763153 1.0 -1.0 -1.0
23.0 0.0 Car -1.0 -1.0 -1.0 -1.0 -1.0 -1.0 -1.0 1.782 1.739 4.207 805.522 -1.184 2314.696 0.9564927901302023 0.0 -1.0 -1.0
23.0 1.0 Car -1.0 -1.0 -1.0 -1.0 -1.0 -1.0 -1.0 1.835 1.599 4.515 751.003 1.74 2229.887 -2.1800531277659414 1.0 -1.0 -1.0
24.0 99.0 Car -1.0 -1.0 -1.0 -1.0 -1.0 -1.0 -1.0 1.73 1.562 4.084 764.304 0.0 2248.564 -2.171792253732085 1.0 -1.0 -1.0
24.0 0.0 Car -1.0 -1.0 -1.0 -1.0 -1.0 -1.0 -1.0 1.782 1.739 4.207 808.974 -1.408 2319.479 0.9564927901302023 0.0 -1.0 -1.0
24.0 1.0 Car -1.0 -1.0 -1.0 -1.0 -1.0 -1.0 -1.0 1.835 1.599 4.515 746.551 1.789 2223.52 -2.179441595103972 1.0 -1.0 -1.0
25.0 99.0 Car -1.0 -1.0 -1.0 -1.0 -1.0 -1.0 -1.0 1.73 1.562 4.084 760.028 0.0 2242.4 -2.1720981690543373 1.0 -1.0 -1.0
25.0 0.0 Car -1.0 -1.0 -1.0 -1.0 -1.0 -1.0 -1.0 1.782 1.739 4.207 812.296 -1.758 2324.289 0.9564927901302023 0.0 -1.0 -1.0
25.0 1.0 Car -1.0 -1.0 -1.0 -1.0 -1.0 -1.0 -1.0 1.835 1.599 4.515 742.047 1.769 2217.158 -2.1769933915689403 1.0 -1.0 -1.0
26.0 99.0 Car -1.0 -1.0 -1.0 -1.0 -1.0 -1.0 -1.0 1.73 1.562 4.084 755.726 0.0 2236.219 -2.1746807933604266 1.0 -1.0 -1.0
26.0 1.0 Car -1.0 -1.0 -1.0 -1.0 -1.0 -1.0 -1.0 1.835 1.599 4.515 737.539 1.818 2210.734 -2.1721031902459647 1.0 -1.0 -1.0
27.0 99.0 Car -1.0 -1.0 -1.0 -1.0 -1.0 -1.0 -1.0 1.73 1.562 4.084 751.774 0.0 2230.593 -2.1768095912158696 1.0 -1.0 -1.0
27.0 1.0 Car -1.0 -1.0 -1.0 -1.0 -1.0 -1.0 -1.0 1.835 1.599 4.515 733.466 1.772 2204.902 -2.1687114570766095 1.0 -1.0 -1.0
28.0 99.0 Car -1.0 -1.0 -1.0 -1.0 -1.0 -1.0 -1.0 1.73 1.562 4.084 746.949 0.0 2223.734 -2.1743810847980267 1.0 -1.0 -1.0
28.0 1.0 Car -1.0 -1.0 -1.0 -1.0 -1.0 -1.0 -1.0 1.835 1.599 4.515 728.494 1.824 2197.71 -2.1673140002489246 0.0 -1.0 -1.0
29.0 99.0 Car -1.0 -1.0 -1.0 -1.0 -1.0 -1.0 -1.0 1.73 1.562 4.084 742.554 0.0 2217.445 -2.1715166037943585 1.0 -1.0 -1.0
29.0 1.0 Car -1.0 -1.0 -1.0 -1.0 -1.0 -1.0 -1.0 1.835 1.599 4.515 723.981 1.871 2191.181 -2.1660455620383825 0.0 -1.0 -1.0
30.0 99.0 Car -1.0 -1.0 -1.0 -1.0 -1.0 -1.0 -1.0 1.73 1.562 4.084 738.157 0.0 2211.129 -2.168123322563943 1.0 -1.0 -1.0
30.0 1.0 Car -1.0 -1.0 -1.0 -1.0 -1.0 -1.0 -1.0 1.835 1.599 4.515 719.525 1.879 2184.595 -2.166811720217068 0.0 -1.0 -1.0
31.0 99.0 Car -1.0 -1.0 -1.0 -1.0 -1.0 -1.0 -1.0 1.73 1.562 4.084 733.719 0.0 2204.704 -2.165889511302156 1.0 -1.0 -1.0
31.0 1.0 Car -1.0 -1.0 -1.0 -1.0 -1.0 -1.0 -1.0 1.835 1.599 4.515 715.069 1.888 2178.008 -2.167577918247773 0.0 -1.0 -1.0
32.0 99.0 Car -1.0 -1.0 -1.0 -1.0 -1.0 -1.0 -1.0 1.73 1.562 4.084 729.333 0.0 2198.251 -2.1610792452167527 1.0 -1.0 -1.0
32.0 1.0 Car -1.0 -1.0 -1.0 -1.0 -1.0 -1.0 -1.0 1.835 1.599 4.515 710.744 1.956 2171.453 -2.1646775751763987 0.0 -1.0 -1.0
33.0 99.0 Car -1.0 -1.0 -1.0 -1.0 -1.0 -1.0 -1.0 1.73 1.562 4.084 724.97 0.0 2191.779 -2.1571050574066173 1.0 -1.0 -1.0
33.0 1.0 Car -1.0 -1.0 -1.0 -1.0 -1.0 -1.0 -1.0 1.835 1.599 4.515 706.504 2.058 2164.979 -2.164919996180038 0.0 -1.0 -1.0
34.0 99.0 Car -1.0 -1.0 -1.0 -1.0 -1.0 -1.0 -1.0 1.73 1.562 4.084 720.602 0.0 2185.299 -2.15588699046096 1.0 -1.0 -1.0
34.0 1.0 Car -1.0 -1.0 -1.0 -1.0 -1.0 -1.0 -1.0 1.835 1.599 4.515 702.215 2.034 2158.534 -2.1654048313980145 0.0 -1.0 -1.0
35.0 99.0 Car -1.0 -1.0 -1.0 -1.0 -1.0 -1.0 -1.0 1.73 1.562 4.084 716.25 0.0 2178.8 -2.1559725280838298 1.0 -1.0 -1.0
35.0 1.0 Car -1.0 -1.0 -1.0 -1.0 -1.0 -1.0 -1.0 1.835 1.599 4.515 698.02 2.036 2152.207 -2.1663744164860543 0.0 -1.0 -1.0
36.0 99.0 Car -1.0 -1.0 -1.0 -1.0 -1.0 -1.0 -1.0 1.73 1.562 4.084 711.913 0.0 2172.32 -2.1548475852329547 1.0 -1.0 -1.0
36.0 1.0 Car -1.0 -1.0 -1.0 -1.0 -1.0 -1.0 -1.0 1.835 1.599 4.515 693.819 2.037 2145.873 -2.1673451110967594 0.0 -1.0 -1.0
37.0 99.0 Car -1.0 -1.0 -1.0 -1.0 -1.0 -1.0 -1.0 1.73 1.562 4.084 707.627 0.0 2165.917 -2.153877010425294 1.0 -1.0 -1.0
37.0 1.0 Car -1.0 -1.0 -1.0 -1.0 -1.0 -1.0 -1.0 1.835 1.599 4.515 689.651 2.089 2139.622 -2.1688008784125663 0.0 -1.0 -1.0
38.0 99.0 Car -1.0 -1.0 -1.0 -1.0 -1.0 -1.0 -1.0 1.73 1.562 4.084 703.3 0.0 2159.45 -2.1556951391252266 1.0 -1.0 -1.0
38.0 1.0 Car -1.0 -1.0 -1.0 -1.0 -1.0 -1.0 -1.0 1.835 1.599 4.515 685.546 1.991 2133.483 -2.1731618809325437 0.0 -1.0 -1.0
39.0 99.0 Car -1.0 -1.0 -1.0 -1.0 -1.0 -1.0 -1.0 1.73 1.562 4.084 699.022 0.0 2153.028 -2.155017968565467 1.0 -1.0 -1.0
39.0 1.0 Car -1.0 -1.0 -1.0 -1.0 -1.0 -1.0 -1.0 1.835 1.599 4.515 681.484 2.042 2127.379 -2.1818884573614685 0.0 -1.0 -1.0
