0.0 99.0 Car -1.0 -1.0 -1.0 -1.0 -1.0 -1.0 -1.0 1.73 1.562 4.084 572.03 0.0 1643.23 2.1797399201220853 1.0 -1.0 -1.0
0.0 1.0 Car -1.0 -1.0 -1.0 -1.0 -1.0 -1.0 -1.0 1.742 1.58 4.536 537.199 -1.226 1701.151 -0.95078556331775 0.0 -1.0 -1.0
0.0 0.0 Car -1.0 -1.0 -1.0 -1.0 -1.0 -1.0 -1.0 1.798 1.597 4.733 535.73 -1.119 1698.698 -0.9856921483576362 0.0 -1.0 -1.0
1.0 99.0 Car -1.0 -1.0 -1.0 -1.0 -1.0 -1.0 -1.0 1.73 1.562 4.084 569.387 0.0 1647.049 2.18025504920073 1.0 -1.0 -1.0
1.0 1.0 Car -1.0 -1.0 -1.0 -1.0 -1.0 -1.0 -1.0 1.742 1.58 4.536 537.199 -1.126 1701.151 -0.95078556331775 1.0 -1.0 -1.0
1.0 0.0 Car -1.0 -1.0 -1.0 -1.0 -1.0 -1.0 -1.0 1.798 1.597 4.733 538.479 -0.845 1694.916 -0.968238855837693 1.0 -1.0 -1.0
2.0 99.0 Car -1.0 -1.0 -1.0 -1.0 -1.0 -1.0 -1.0 1.73 1.562 4.084 566.824 0.0 1650.768 2.1803319998239923 1.0 -1.0 -1.0
2.0 1.0 Car -1.0 -1.0 -1.0 -1.0 -1.0 -1.0 -1.0 1.742 1.58 4.536 537.171 -1.001 1701.179 -0.9595122095777215 1.0 -1.0 -1.0
2.0 0.0 Car -1.0 -1.0 -1.0 -1.0 -1.0 -1.0 -1.0 1.798 1.597 4.733 541.314 -0.62 1691.203 -0.8896990394979493 1.0 -1.0 -1.0
3.0 99.0 Car -1.0 -1.0 -1.0 -1.0 -1.0 -1.0 -1.0 1.73 1.562 4.084 564.364 0.0 1654.31 2.1818242345927974 1.0 -1.0 -1.0
3.0 1.0 Car -1.0 -1.0 -1.0 -1.0 -1.0 -1.0 -1.0 1.742 1.58 4.536 537.144 -0.876 1701.206 -0.968238855837693 1.0 -1.0 -1.0
3.0 0.0 Car -1.0 -1.0 -1.0 -1.0 -1.0 -1.0 -1.0 1.798 1.597 4.733 544.208 -0.296 1687.535 -0.8809723932379776 1.0 -1.0 -1.0
4.0 99.0 Car -1.0 -1.0 -1.0 -1.0 -1.0 -1.0 -1.0 1.73 1.562 4.084 562.048 0.0 1657.661 2.1828590820978637 1.0 -1.0 -1.0
4.0 1.0 Car -1.0 -1.0 -1.0 -1.0 -1.0 -1.0 -1.0 1.742 1.58 4.536 537.111 -0.726 1701.097 -0.9624210916643787 1.0 -1.0 -1.0
4.0 0.0 Car -1.0 -1.0 -1.0 -1.0 -1.0 -1.0 -1.0 1.798 1.597 4.733 547.273 -0.005 1684.001 -0.8809723932379776 1.0 -1.0 -1.0
4.0 2.0 Truck -1.0 -1.0 -1.0 -1.0 -1.0 -1.0 -1.0 2.796 3.365 8.161 501.561 -1.538 1747.713 -0.9435249936274107 0.0 -1.0 -1.0
5.0 99.0 Car -1.0 -1.0 -1.0 -1.0 -1.0 -1.0 -1.0 1.73 1.562 4.084 559.783 0.0 1660.905 2.1812446426286205 1.0 -1.0 -1.0
5.0 1.0 Car -1.0 -1.0 -1.0 -1.0 -1.0 -1.0 -1.0 1.742 1.58 4.536 537.078 -0.576 1700.988 -0.9566033274910645 1.0 -1.0 -1.0
5.0 0.0 Car -1.0 -1.0 -1.0 -1.0 -1.0 -1.0 -1.0 1.798 1.597 4.733 550.137 0.186 1680.302 -0.8809723932379776 0.0 -1.0 -1.0
5.0 2.0 Truck -1.0 -1.0 -1.0 -1.0 -1.0 -1.0 -1.0 2.796 3.365 8.161 502.101 -1.375 1745.948 -0.9871582249272688 1.0 -1.0 -1.0
6.0 99.0 Car -1.0 -1.0 -1.0 -1.0 -1.0 -1.0 -1.0 1.73 1.562 4.084 557.575 0.0 1664.086 2.1815038286264326 1.0 -1.0 -1.0
6.0 1.0 Car -1.0 -1.0 -1.0 -1.0 -1.0 -1.0 -1.0 1.742 1.58 4.536 537.557 -0.426 1700.152 -0.95078556331775 1.0 -1.0 -1.0
6.0 0.0 Car -1.0 -1.0 -1.0 -1.0 -1.0 -1.0 -1.0 1.798 1.597 4.733 553.1 0.427 1676.421 -0.9246056245378353 0.0 -1.0 -1.0
6.0 2.0 Truck -1.0 -1.0 -1.0 -1.0 -1.0 -1.0 -1.0 2.796 3.365 8.161 502.621 -1.213 1744.546 -1.1006046263068991 1.0 -1.0 -1.0
7.0 99.0 Car -1.0 -1.0 -1.0 -1.0 -1.0 -1.0 -1.0 1.73 1.562 4.084 555.364 0.0 1667.268 2.1811483370319737 1.0 -1.0 -1.0
7.0 1.0 Car -1.0 -1.0 -1.0 -1.0 -1.0 -1.0 -1.0 1.742 1.58 4.536 537.785 -0.276 1699.711 -0.95078556331775 1.0 -1.0 -1.0
7.0 0.0 Car -1.0 -1.0 -1.0 -1.0 -1.0 -1.0 -1.0 1.798 1.597 4.733 555.89 0.668 1672.414 -0.968238855837693 0.0 -1.0 -1.0
7.0 2.0 Truck -1.0 -1.0 -1.0 -1.0 -1.0 -1.0 -1.0 2.796 3.365 8.161 502.921 -1.05 1742.625 -1.3013174902862457 1.0 -1.0 -1.0
8.0 99.0 Car -1.0 -1.0 -1.0 -1.0 -1.0 -1.0 -1.0 1.73 1.562 4.084 553.086 0.0 1670.555 2.178308140977815 1.0 -1.0 -1.0
8.0 1.0 Car -1.0 -1.0 -1.0 -1.0 -1.0 -1.0 -1.0 1.742 1.58 4.536 538.013 -0.126 1699.27 -0.95078556331775 1.0 -1.0 -1.0
8.0 0.0 Car -1.0 -1.0 -1.0 -1.0 -1.0 -1.0 -1.0 1.798 1.597 4.733 558.513 1.043 1668.435 -1.0031454408775793 0.0 -1.0 -1.0
8.0 2.0 Truck -1.0 -1.0 -1.0 -1.0 -1.0 -1.0 -1.0 2.796 3.365 8.161 502.831 -0.888 1740.684 -1.5020303542655915 1.0 -1.0 -1.0
9.0 99.0 Car -1.0 -1.0 -1.0 -1.0 -1.0 -1.0 -1.0 1.73 1.562 4.084 550.241 0.0 1674.658 2.181543004724718 1.0 -1.0 -1.0
9.0 1.0 Car -1.0 -1.0 -1.0 -1.0 -1.0 -1.0 -1.0 1.742 1.58 4.536 538.115 0.024 1699.085 -0.95078556331775 1.0 -1.0 -1.0
9.0 0.0 Car -1.0 -1.0 -1.0 -1.0 -1.0 -1.0 -1.0 1.798 1.597 4.733 561.679 1.418 1663.331 -1.0031454408775793 0.0 -1.0 -1.0
9.0 2.0 Truck -1.0 -1.0 -1.0 -1.0 -1.0 -1.0 -1.0 2.796 3.365 8.161 502.513 -0.738 1738.762 -1.7114698645049091 1.0 -1.0 -1.0
10.0 99.0 Car -1.0 -1.0 -1.0 -1.0 -1.0 -1.0 -1.0 1.73 1.562 4.084 547.79 0.0 1678.186 2.185454024675603 1.0 -1.0 -1.0
10.0 1.0 Car -1.0 -1.0 -1.0 -1.0 -1.0 -1.0 -1.0 1.742 1.58 4.536 538.218 0.174 1698.9 -0.95078556331775 1.0 -1.0 -1.0
10.0 0.0 Car -1.0 -1.0 -1.0 -1.0 -1.0 -1.0 -1.0 1.798 1.597 4.733 564.232 1.718 1659.112 -1.0031454408775793 0.0 -1.0 -1.0
10.0 2.0 Truck -1.0 -1.0 -1.0 -1.0 -1.0 -1.0 -1.0 2.796 3.365 8.161 501.802 -0.588 1736.949 -1.9209093747442263 1.0 -1.0 -1.0
11.0 99.0 Car -1.0 -1.0 -1.0 -1.0 -1.0 -1.0 -1.0 1.73 1.562 4.084 545.325 0.0 1681.675 2.1919789092683635 1.0 -1.0 -1.0
11.0 1.0 Car -1.0 -1.0 -1.0 -1.0 -1.0 -1.0 -1.0 1.742 1.58 4.536 538.417 0.299 1698.554 -0.95078556331775 1.0 -1.0 -1.0
11.0 0.0 Car -1.0 -1.0 -1.0 -1.0 -1.0 -1.0 -1.0 1.798 1.597 4.733 566.785 2.018 1654.893 -1.0031454408775793 0.0 -1.0 -1.0
11.0 2.0 Truck -1.0 -1.0 -1.0 -1.0 -1.0 -1.0 -1.0 2.796 3.365 8.161 500.845 -0.488 1735.113 -2.0692623611637444 1.0 -1.0 -1.0
12.0 99.0 Car -1.0 -1.0 -1.0 -1.0 -1.0 -1.0 -1.0 1.73 1.562 4.084 542.937 0.0 1685.075 2.189904932666264 1.0 -1.0 -1.0
12.0 1.0 Car -1.0 -1.0 -1.0 -1.0 -1.0 -1.0 -1.0 1.742 1.58 4.536 538.776 0.424 1698.091 -0.95078556331775 1.0 -1.0 -1.0
12.0 0.0 Car -1.0 -1.0 -1.0 -1.0 -1.0 -1.0 -1.0 1.798 1.597 4.733 569.1 2.418 1650.714 -0.9944187946176078 0.0 -1.0 -1.0
12.0 2.0 Truck -1.0 -1.0 -1.0 -1.0 -1.0 -1.0 -1.0 2.796 3.365 8.161 499.628 -0.388 1733.439 -2.2176153475832625 1.0 -1.0 -1.0
13.0 99.0 Car -1.0 -1.0 -1.0 -1.0 -1.0 -1.0 -1.0 1.73 1.562 4.084 540.564 0.0 1688.445 2.1879676248707987 1.0 -1.0 -1.0
13.0 1.0 Car -1.0 -1.0 -1.0 -1.0 -1.0 -1.0 -1.0 1.742 1.58 4.536 539.153 0.599 1697.468 -0.9595122095777215 1.0 -1.0 -1.0
13.0 0.0 Car -1.0 -1.0 -1.0 -1.0 -1.0 -1.0 -1.0 1.798 1.597 4.733 571.634 2.718 1646.677 -0.9856921483576362 0.0 -1.0 -1.0
13.0 2.0 Truck -1.0 -1.0 -1.0 -1.0 -1.0 -1.0 -1.0 2.796 3.365 8.161 498.133 -0.263 1731.726 -2.278701871403064 1.0 -1.0 -1.0
14.0 99.0 Car -1.0 -1.0 -1.0 -1.0 -1.0 -1.0 -1.0 1.73 1.562 4.084 538.23 0.0 1691.766 2.1836707120390453 1.0 -1.0 -1.0
14.0 1.0 Car -1.0 -1.0 -1.0 -1.0 -1.0 -1.0 -1.0 1.742 1.58 4.536 539.494 0.674 1696.896 -0.968238855837693 1.0 -1.0 -1.0
14.0 0.0 Car -1.0 -1.0 -1.0 -1.0 -1.0 -1.0 -1.0 1.798 1.597 4.733 574.037 3.068 1643.161 -0.9856921483576362 0.0 -1.0 -1.0
14.0 2.0 Truck -1.0 -1.0 -1.0 -1.0 -1.0 -1.0 -1.0 2.796 3.365 8.161 496.536 -0.139 1730.108 -2.339788395222864 1.0 -1.0 -1.0
15.0 99.0 Car -1.0 -1.0 -1.0 -1.0 -1.0 -1.0 -1.0 1.73 1.562 4.084 535.925 0.0 1695.04 2.1821673329911278 1.0 -1.0 -1.0
15.0 1.0 Car -1.0 -1.0 -1.0 -1.0 -1.0 -1.0 -1.0 1.742 1.58 4.536 539.696 0.824 1696.556 -0.9856921483576362 1.0 -1.0 -1.0
15.0 0.0 Car -1.0 -1.0 -1.0 -1.0 -1.0 -1.0 -1.0 1.798 1.597 4.733 576.441 3.418 1639.644 -0.9856921483576362 0.0 -1.0 -1.0
15.0 2.0 Truck -1.0 -1.0 -1.0 -1.0 -1.0 -1.0 -1.0 2.796 3.365 8.161 494.844 -0.039 1728.649 -2.400874919042665 1.0 -1.0 -1.0
16.0 99.0 Car -1.0 -1.0 -1.0 -1.0 -1.0 -1.0 -1.0 1.73 1.562 4.084 533.705 0.0 1698.258 2.176302979514487 1.0 -1.0 -1.0
16.0 1.0 Car -1.0 -1.0 -1.0 -1.0 -1.0 -1.0 -1.0 1.742 1.58 4.536 540.088 0.974 1695.929 -1.0031454408775793 0.0 -1.0 -1.0
16.0 0.0 Car -1.0 -1.0 -1.0 -1.0 -1.0 -1.0 -1.0 1.798 1.597 4.733 578.818 3.718 1636.11 -0.968238855837693 0.0 -1.0 -1.0
16.0 2.0 Truck -1.0 -1.0 -1.0 -1.0 -1.0 -1.0 -1.0 2.796 3.365 8.161 493.144 0.061 1727.376 -2.461961442862466 0.0 -1.0 -1.0
17.0 99.0 Car -1.0 -1.0 -1.0 -1.0 -1.0 -1.0 -1.0 1.73 1.562 4.084 531.522 0.0 1701.437 2.1741487271054787 1.0 -1.0 -1.0
17.0 1.0 Car -1.0 -1.0 -1.0 -1.0 -1.0 -1.0 -1.0 1.742 1.58 4.536 540.53 1.149 1695.187 -0.9944187946176078 0.0 -1.0 -1.0
17.0 2.0 Truck -1.0 -1.0 -1.0 -1.0 -1.0 -1.0 -1.0 2.796 3.365 8.161 491.054 0.085 1726.019 -2.470688089122437 0.0 -1.0 -1.0
18.0 99.0 Car -1.0 -1.0 -1.0 -1.0 -1.0 -1.0 -1.0 1.73 1.562 4.084 529.387 0.0 1704.548 2.170675243024617 1.0 -1.0 -1.0
18.0 1.0 Car -1.0 -1.0 -1.0 -1.0 -1.0 -1.0 -1.0 1.742 1.58 4.536 540.972 1.324 1694.445 -0.9856921483576362 0.0 -1.0 -1.0
18.0 2.0 Truck -1.0 -1.0 -1.0 -1.0 -1.0 -1.0 -1.0 2.796 3.365 8.161 488.523 0.21 1724.312 -2.4794147353824085 0.0 -1.0 -1.0
19.0 99.0 Car -1.0 -1.0 -1.0 -1.0 -1.0 -1.0 -1.0 1.73 1.562 4.084 527.303 0.0 1707.62 2.1676663094380335 1.0 -1.0 -1.0
19.0 1.0 Car -1.0 -1.0 -1.0 -1.0 -1.0 -1.0 -1.0 1.742 1.58 4.536 541.423 1.474 1693.633 -0.9769655020976648 0.0 -1.0 -1.0
19.0 2.0 Truck -1.0 -1.0 -1.0 -1.0 -1.0 -1.0 -1.0 2.796 3.365 8.161 486.278 0.259 1722.821 -2.505594674162323 0.0 -1.0 -1.0
20.0 99.0 Car -1.0 -1.0 -1.0 -1.0 -1.0 -1.0 -1.0 1.73 1.562 4.084 525.708 0.0 1709.985 2.168994138415606 1.0 -1.0 -1.0
20.0 1.0 Car -1.0 -1.0 -1.0 -1.0 -1.0 -1.0 -1.0 1.742 1.58 4.536 541.873 1.624 1692.822 -0.968238855837693 0.0 -1.0 -1.0
20.0 2.0 Truck -1.0 -1.0 -1.0 -1.0 -1.0 -1.0 -1.0 2.796 3.365 8.161 483.994 0.309 1721.389 -2.5317746129422383 0.0 -1.0 -1.0
21.0 99.0 Car -1.0 -1.0 -1.0 -1.0 -1.0 -1.0 -1.0 1.73 1.562 4.084 523.93 0.0 1712.593 2.173061540597175 1.0 -1.0 -1.0
21.0 1.0 Car -1.0 -1.0 -1.0 -1.0 -1.0 -1.0 -1.0 1.742 1.58 4.536 542.681 1.774 1691.574 -0.968238855837693 0.0 -1.0 -1.0
21.0 2.0 Truck -1.0 -1.0 -1.0 -1.0 -1.0 -1.0 -1.0 2.796 3.365 8.161 481.417 0.408 1719.64 -2.54050125920221 0.0 -1.0 -1.0
22.0 99.0 Car -1.0 -1.0 -1.0 -1.0 -1.0 -1.0 -1.0 1.73 1.562 4.084 521.812 0.0 1715.671 2.179742655597148 1.0 -1.0 -1.0
22.0 1.0 Car -1.0 -1.0 -1.0 -1.0 -1.0 -1.0 -1.0 1.742 1.58 4.536 543.489 1.924 1690.325 -0.968238855837693 0.0 -1.0 -1.0
22.0 2.0 Truck -1.0 -1.0 -1.0 -1.0 -1.0 -1.0 -1.0 2.796 3.365 8.161 478.839 0.508 1717.891 -2.549227905462181 0.0 -1.0 -1.0
23.0 99.0 Car -1.0 -1.0 -1.0 -1.0 -1.0 -1.0 -1.0 1.73 1.562 4.084 519.537 0.0 1718.931 2.18781123921509 1.0 -1.0 -1.0
23.0 1.0 Car -1.0 -1.0 -1.0 -1.0 -1.0 -1.0 -1.0 1.742 1.58 4.536 544.537 2.124 1688.618 -0.9769655020976648 0.0 -1.0 -1.0
23.0 2.0 Truck -1.0 -1.0 -1.0 -1.0 -1.0 -1.0 -1.0 2.796 3.365 8.161 475.392 0.657 1715.523 -2.549227905462181 0.0 -1.0 -1.0
24.0 99.0 Car -1.0 -1.0 -1.0 -1.0 -1.0 -1.0 -1.0 1.73 1.562 4.084 517.31 0.0 1721.995 2.2152398097218238 1.0 -1.0 -1.0
24.0 1.0 Car -1.0 -1.0 -1.0 -1.0 -1.0 -1.0 -1.0 1.742 1.58 4.536 545.585 2.324 1686.91 -0.9856921483576362 0.0 -1.0 -1.0
24.0 2.0 Truck -1.0 -1.0 -1.0 -1.0 -1.0 -1.0 -1.0 2.796 3.365 8.161 471.945 0.807 1713.155 -2.549227905462181 0.0 -1.0 -1.0
25.0 99.0 Car -1.0 -1.0 -1.0 -1.0 -1.0 -1.0 -1.0 1.73 1.562 4.084 515.221 0.0 1724.62 2.285590415420321 1.0 -1.0 -1.0
25.0 1.0 Car -1.0 -1.0 -1.0 -1.0 -1.0 -1.0 -1.0 1.742 1.58 4.536 546.802 2.299 1685.033 -0.9856921483576362 0.0 -1.0 -1.0
25.0 2.0 Truck -1.0 -1.0 -1.0 -1.0 -1.0 -1.0 -1.0 2.796 3.365 8.161 468.762 0.931 1710.998 -2.549227905462181 0.0 -1.0 -1.0
26.0 99.0 Car -1.0 -1.0 -1.0 -1.0 -1.0 -1.0 -1.0 1.73 1.562 4.084 513.183 0.0 1726.741 2.3999020827761264 1.0 -1.0 -1.0
26.0 1.0 Car -1.0 -1.0 -1.0 -1.0 -1.0 -1.0 -1.0 1.742 1.58 4.536 548.018 2.274 1683.157 -0.9856921483576362 0.0 -1.0 -1.0
26.0 2.0 Truck -1.0 -1.0 -1.0 -1.0 -1.0 -1.0 -1.0 2.796 3.365 8.161 465.579 1.056 1708.842 -2.549227905462181 0.0 -1.0 -1.0
27.0 99.0 Car -1.0 -1.0 -1.0 -1.0 -1.0 -1.0 -1.0 1.73 1.562 4.084 510.975 0.0 1728.48 2.564353923921904 1.0 -1.0 -1.0
27.0 1.0 Car -1.0 -1.0 -1.0 -1.0 -1.0 -1.0 -1.0 1.742 1.58 4.536 549.365 2.299 1681.255 -0.9769655020976648 0.0 -1.0 -1.0
27.0 2.0 Truck -1.0 -1.0 -1.0 -1.0 -1.0 -1.0 -1.0 2.796 3.365 8.161 462.255 1.206 1706.895 -2.5666811979821245 0.0 -1.0 -1.0
