0.0 99.0 Car -1.0 -1.0 -1.0 -1.0 -1.0 -1.0 -1.0 1.73 1.562 4.084 1724.123 0.0 892.282 -0.5031852217537129 1.0 -1.0 -1.0
0.0 1.0 Truck -1.0 -1.0 -1.0 -1.0 -1.0 -1.0 -1.0 2.251 1.925 5.735 1769.677 1.348 869.059 -3.137613302893488 0.0 -1.0 -1.0
0.0 0.0 Car -1.0 -1.0 -1.0 -1.0 -1.0 -1.0 -1.0 1.938 1.734 5.07 1719.218 0.985 895.113 -0.5745972963368923 0.0 -1.0 -1.0
1.0 99.0 Car -1.0 -1.0 -1.0 -1.0 -1.0 -1.0 -1.0 1.73 1.562 4.084 1724.123 0.0 892.281 -0.50318180981216 1.0 -1.0 -1.0
1.0 1.0 Truck -1.0 -1.0 -1.0 -1.0 -1.0 -1.0 -1.0 2.251 1.925 5.735 1764.337 1.322 869.035 -3.137613302893488 1.0 -1.0 -1.0
1.0 0.0 Car -1.0 -1.0 -1.0 -1.0 -1.0 -1.0 -1.0 1.938 1.734 5.07 1719.213 1.035 895.116 -0.5745972963368923 1.0 -1.0 -1.0
2.0 99.0 Car -1.0 -1.0 -1.0 -1.0 -1.0 -1.0 -1.0 1.73 1.562 4.084 1724.128 0.0 892.279 -0.5001531343858651 1.0 -1.0 -1.0
2.0 1.0 Truck -1.0 -1.0 -1.0 -1.0 -1.0 -1.0 -1.0 2.251 1.925 5.735 1759.484 1.298 869.012 -3.137613302893488 1.0 -1.0 -1.0
2.0 0.0 Car -1.0 -1.0 -1.0 -1.0 -1.0 -1.0 -1.0 1.938 1.734 5.07 1719.151 1.035 895.156 -0.5745972963368923 1.0 -1.0 -1.0
3.0 99.0 Car -1.0 -1.0 -1.0 -1.0 -1.0 -1.0 -1.0 1.73 1.562 4.084 1724.408 0.0 892.127 -0.4782669154089668 1.0 -1.0 -1.0
3.0 1.0 Truck -1.0 -1.0 -1.0 -1.0 -1.0 -1.0 -1.0 2.251 1.925 5.735 1755.369 1.348 868.985 3.1368504701844957 1.0 -1.0 -1.0
3.0 0.0 Car -1.0 -1.0 -1.0 -1.0 -1.0 -1.0 -1.0 1.938 1.734 5.07 1719.03 0.985 895.236 -0.5920505888568353 1.0 -1.0 -1.0
4.0 99.0 Car -1.0 -1.0 -1.0 -1.0 -1.0 -1.0 -1.0 1.73 1.562 4.084 1724.947 0.0 891.858 -0.4365416785395967 1.0 -1.0 -1.0
4.0 1.0 Truck -1.0 -1.0 -1.0 -1.0 -1.0 -1.0 -1.0 2.251 1.925 5.735 1751.25 1.398 868.958 3.128118711766155 1.0 -1.0 -1.0
4.0 0.0 Car -1.0 -1.0 -1.0 -1.0 -1.0 -1.0 -1.0 1.938 1.734 5.07 1719.106 0.985 895.186 -0.5920505888568353 1.0 -1.0 -1.0
5.0 99.0 Car -1.0 -1.0 -1.0 -1.0 -1.0 -1.0 -1.0 1.73 1.562 4.084 1725.589 0.0 891.577 -0.37518319775341613 1.0 -1.0 -1.0
5.0 1.0 Truck -1.0 -1.0 -1.0 -1.0 -1.0 -1.0 -1.0 2.251 1.925 5.735 1747.883 1.347 869.032 3.1316362605502523 1.0 -1.0 -1.0
5.0 0.0 Car -1.0 -1.0 -1.0 -1.0 -1.0 -1.0 -1.0 1.938 1.734 5.07 1719.133 1.035 895.002 -0.5920505888568353 1.0 -1.0 -1.0
6.0 99.0 Car -1.0 -1.0 -1.0 -1.0 -1.0 -1.0 -1.0 1.73 1.562 4.084 1726.42 0.0 891.289 -0.28961245594477675 1.0 -1.0 -1.0
6.0 1.0 Truck -1.0 -1.0 -1.0 -1.0 -1.0 -1.0 -1.0 2.251 1.925 5.735 1745.338 1.295 869.681 2.995610274279051 1.0 -1.0 -1.0
6.0 0.0 Car -1.0 -1.0 -1.0 -1.0 -1.0 -1.0 -1.0 1.938 1.734 5.07 1719.403 1.035 894.953 -0.5920505888568353 1.0 -1.0 -1.0
7.0 99.0 Car -1.0 -1.0 -1.0 -1.0 -1.0 -1.0 -1.0 1.73 1.562 4.084 1727.443 0.0 891.033 -0.18028113058579492 1.0 -1.0 -1.0
7.0 1.0 Truck -1.0 -1.0 -1.0 -1.0 -1.0 -1.0 -1.0 2.251 1.925 5.735 1742.766 1.25 870.158 2.937347122813749 1.0 -1.0 -1.0
7.0 0.0 Car -1.0 -1.0 -1.0 -1.0 -1.0 -1.0 -1.0 1.938 1.734 5.07 1719.692 1.035 894.806 -0.5745972963368923 1.0 -1.0 -1.0
8.0 99.0 Car -1.0 -1.0 -1.0 -1.0 -1.0 -1.0 -1.0 1.73 1.562 4.084 1728.951 0.0 890.874 -0.021189599694228577 1.0 -1.0 -1.0
8.0 1.0 Truck -1.0 -1.0 -1.0 -1.0 -1.0 -1.0 -1.0 2.251 1.925 5.735 1740.579 1.199 871.028 2.8056140922394968 0.0 -1.0 -1.0
8.0 0.0 Car -1.0 -1.0 -1.0 -1.0 -1.0 -1.0 -1.0 1.938 1.734 5.07 1720.084 1.035 894.289 -0.6207525005908733 0.0 -1.0 -1.0
9.0 99.0 Car -1.0 -1.0 -1.0 -1.0 -1.0 -1.0 -1.0 1.73 1.562 4.084 1730.722 0.0 890.976 0.15469154029198212 1.0 -1.0 -1.0
9.0 1.0 Truck -1.0 -1.0 -1.0 -1.0 -1.0 -1.0 -1.0 2.251 1.925 5.735 1738.544 1.149 872.214 2.638808628380785 1.0 -1.0 -1.0
9.0 0.0 Car -1.0 -1.0 -1.0 -1.0 -1.0 -1.0 -1.0 1.938 1.734 5.07 1720.698 1.035 893.956 -0.6054147570628183 1.0 -1.0 -1.0
10.0 99.0 Car -1.0 -1.0 -1.0 -1.0 -1.0 -1.0 -1.0 1.73 1.562 4.084 1732.782 0.0 891.496 0.3555207782596956 1.0 -1.0 -1.0
10.0 1.0 Truck -1.0 -1.0 -1.0 -1.0 -1.0 -1.0 -1.0 2.251 1.925 5.735 1736.803 1.274 873.52 2.4559140475840713 1.0 -1.0 -1.0
10.0 0.0 Car -1.0 -1.0 -1.0 -1.0 -1.0 -1.0 -1.0 1.938 1.734 5.07 1721.415 0.956 893.547 -0.6444104664166647 1.0 -1.0 -1.0
11.0 99.0 Car -1.0 -1.0 -1.0 -1.0 -1.0 -1.0 -1.0 1.73 1.562 4.084 1734.541 0.0 892.328 0.5357686211749804 1.0 -1.0 -1.0
11.0 1.0 Truck -1.0 -1.0 -1.0 -1.0 -1.0 -1.0 -1.0 2.251 1.925 5.735 1735.45 1.388 874.965 2.2895649870127572 1.0 -1.0 -1.0
11.0 0.0 Car -1.0 -1.0 -1.0 -1.0 -1.0 -1.0 -1.0 1.938 1.734 5.07 1722.032 1.035 893.082 -0.6269571738967215 1.0 -1.0 -1.0
12.0 99.0 Car -1.0 -1.0 -1.0 -1.0 -1.0 -1.0 -1.0 1.73 1.562 4.084 1736.461 0.0 893.752 0.7390081726627775 1.0 -1.0 -1.0
12.0 1.0 Truck -1.0 -1.0 -1.0 -1.0 -1.0 -1.0 -1.0 2.251 1.925 5.735 1734.202 1.342 877.246 2.1064176289726584 1.0 -1.0 -1.0
12.0 0.0 Car -1.0 -1.0 -1.0 -1.0 -1.0 -1.0 -1.0 1.938 1.734 5.07 1722.661 1.035 892.63 -0.6444104664166647 1.0 -1.0 -1.0
13.0 99.0 Car -1.0 -1.0 -1.0 -1.0 -1.0 -1.0 -1.0 1.73 1.562 4.084 1737.899 0.0 895.229 0.8669551544592408 1.0 -1.0 -1.0
13.0 1.0 Truck -1.0 -1.0 -1.0 -1.0 -1.0 -1.0 -1.0 2.251 1.925 5.735 1733.429 1.304 879.261 1.9538399560047508 1.0 -1.0 -1.0
13.0 0.0 Car -1.0 -1.0 -1.0 -1.0 -1.0 -1.0 -1.0 1.938 1.734 5.07 1723.047 1.035 892.198 -0.6618637589366076 1.0 -1.0 -1.0
14.0 99.0 Car -1.0 -1.0 -1.0 -1.0 -1.0 -1.0 -1.0 1.73 1.562 4.084 1739.352 0.0 897.076 0.9443836084572159 1.0 -1.0 -1.0
14.0 1.0 Truck -1.0 -1.0 -1.0 -1.0 -1.0 -1.0 -1.0 2.251 1.925 5.735 1733.019 1.266 881.352 1.801104471326351 1.0 -1.0 -1.0
14.0 0.0 Car -1.0 -1.0 -1.0 -1.0 -1.0 -1.0 -1.0 1.938 1.734 5.07 1723.438 1.069 891.784 -0.6851388141625175 1.0 -1.0 -1.0
15.0 99.0 Car -1.0 -1.0 -1.0 -1.0 -1.0 -1.0 -1.0 1.73 1.562 4.084 1740.908 0.0 899.285 0.9864808090589919 1.0 -1.0 -1.0
15.0 1.0 Truck -1.0 -1.0 -1.0 -1.0 -1.0 -1.0 -1.0 2.251 1.925 5.735 1732.932 1.227 883.479 1.6485209987017713 1.0 -1.0 -1.0
15.0 0.0 Car -1.0 -1.0 -1.0 -1.0 -1.0 -1.0 -1.0 1.938 1.734 5.07 1723.813 1.102 891.364 -0.6822284419420828 1.0 -1.0 -1.0
16.0 99.0 Car -1.0 -1.0 -1.0 -1.0 -1.0 -1.0 -1.0 1.73 1.562 4.084 1742.597 0.0 901.834 1.0080176216678065 1.0 -1.0 -1.0
16.0 1.0 Truck -1.0 -1.0 -1.0 -1.0 -1.0 -1.0 -1.0 2.251 1.925 5.735 1733.28 1.218 885.903 1.4959482096552714 1.0 -1.0 -1.0
16.0 0.0 Car -1.0 -1.0 -1.0 -1.0 -1.0 -1.0 -1.0 1.938 1.734 5.07 1724.209 1.035 890.923 -0.6444104664166647 1.0 -1.0 -1.0
17.0 99.0 Car -1.0 -1.0 -1.0 -1.0 -1.0 -1.0 -1.0 1.73 1.562 4.084 1744.486 0.0 904.757 1.01508411815782 1.0 -1.0 -1.0
17.0 1.0 Truck -1.0 -1.0 -1.0 -1.0 -1.0 -1.0 -1.0 2.251 1.925 5.735 1734.051 1.208 888.236 1.3433784730596514 1.0 -1.0 -1.0
17.0 0.0 Car -1.0 -1.0 -1.0 -1.0 -1.0 -1.0 -1.0 1.938 1.734 5.07 1724.623 1.135 890.728 -0.6618637589366076 1.0 -1.0 -1.0
18.0 99.0 Car -1.0 -1.0 -1.0 -1.0 -1.0 -1.0 -1.0 1.73 1.562 4.084 1746.507 0.0 907.934 1.01624691325419 1.0 -1.0 -1.0
18.0 1.0 Truck -1.0 -1.0 -1.0 -1.0 -1.0 -1.0 -1.0 2.251 1.925 5.735 1735.167 1.198 890.426 1.1908032420524475 1.0 -1.0 -1.0
18.0 0.0 Car -1.0 -1.0 -1.0 -1.0 -1.0 -1.0 -1.0 1.938 1.734 5.07 1724.956 1.135 890.647 -0.6269571738967215 1.0 -1.0 -1.0
19.0 99.0 Car -1.0 -1.0 -1.0 -1.0 -1.0 -1.0 -1.0 1.73 1.562 4.084 1748.584 0.0 911.104 1.0113530141519467 1.0 -1.0 -1.0
19.0 1.0 Truck -1.0 -1.0 -1.0 -1.0 -1.0 -1.0 -1.0 2.251 1.925 5.735 1736.532 1.198 892.887 1.0424033268350845 1.0 -1.0 -1.0
19.0 0.0 Car -1.0 -1.0 -1.0 -1.0 -1.0 -1.0 -1.0 1.938 1.734 5.07 1725.288 1.185 890.486 -0.6444104664166647 1.0 -1.0 -1.0
20.0 99.0 Car -1.0 -1.0 -1.0 -1.0 -1.0 -1.0 -1.0 1.73 1.562 4.084 1750.606 0.0 914.128 0.9800537194986123 1.0 -1.0 -1.0
20.0 1.0 Truck -1.0 -1.0 -1.0 -1.0 -1.0 -1.0 -1.0 2.251 1.925 5.735 1738.099 1.198 895.219 0.9639104392931845 1.0 -1.0 -1.0
20.0 0.0 Car -1.0 -1.0 -1.0 -1.0 -1.0 -1.0 -1.0 1.938 1.734 5.07 1725.575 1.135 890.326 -0.6095038813767784 1.0 -1.0 -1.0
21.0 99.0 Car -1.0 -1.0 -1.0 -1.0 -1.0 -1.0 -1.0 1.73 1.562 4.084 1752.226 0.0 916.421 0.9596521793781951 1.0 -1.0 -1.0
21.0 1.0 Truck -1.0 -1.0 -1.0 -1.0 -1.0 -1.0 -1.0 2.251 1.925 5.735 1739.439 1.21 897.041 0.9659629765156823 1.0 -1.0 -1.0
21.0 0.0 Car -1.0 -1.0 -1.0 -1.0 -1.0 -1.0 -1.0 1.938 1.734 5.07 1726.006 1.185 890.028 -0.5920505888568353 1.0 -1.0 -1.0
22.0 99.0 Car -1.0 -1.0 -1.0 -1.0 -1.0 -1.0 -1.0 1.73 1.562 4.084 1754.22 0.0 919.105 0.9433232806660447 1.0 -1.0 -1.0
22.0 1.0 Truck -1.0 -1.0 -1.0 -1.0 -1.0 -1.0 -1.0 2.251 1.925 5.735 1741.115 1.225 899.319 0.9685295388707752 1.0 -1.0 -1.0
22.0 0.0 Car -1.0 -1.0 -1.0 -1.0 -1.0 -1.0 -1.0 1.938 1.734 5.07 1726.52 1.135 889.7 -0.539690711297006 1.0 -1.0 -1.0
23.0 99.0 Car -1.0 -1.0 -1.0 -1.0 -1.0 -1.0 -1.0 1.73 1.562 4.084 1756.24 0.0 921.85 0.935448907231635 1.0 -1.0 -1.0
23.0 1.0 Truck -1.0 -1.0 -1.0 -1.0 -1.0 -1.0 -1.0 2.251 1.925 5.735 1742.791 1.24 901.597 0.9710961320325645 1.0 -1.0 -1.0
23.0 0.0 Car -1.0 -1.0 -1.0 -1.0 -1.0 -1.0 -1.0 1.938 1.734 5.07 1727.095 1.185 889.546 -0.4349709561773474 1.0 -1.0 -1.0
24.0 99.0 Car -1.0 -1.0 -1.0 -1.0 -1.0 -1.0 -1.0 1.73 1.562 4.084 1758.066 0.0 924.63 0.9216644495325408 1.0 -1.0 -1.0
24.0 1.0 Truck -1.0 -1.0 -1.0 -1.0 -1.0 -1.0 -1.0 2.251 1.925 5.735 1744.33 1.204 904.11 0.9910940117000585 1.0 -1.0 -1.0
24.0 0.0 Car -1.0 -1.0 -1.0 -1.0 -1.0 -1.0 -1.0 1.938 1.734 5.07 1727.629 1.235 889.79 -0.2766447586052689 1.0 -1.0 -1.0
25.0 99.0 Car -1.0 -1.0 -1.0 -1.0 -1.0 -1.0 -1.0 1.73 1.562 4.084 1760.029 0.0 927.396 0.9147526328871147 1.0 -1.0 -1.0
25.0 1.0 Truck -1.0 -1.0 -1.0 -1.0 -1.0 -1.0 -1.0 2.251 1.925 5.735 1745.873 1.169 906.629 1.0111358263792887 1.0 -1.0 -1.0
25.0 0.0 Car -1.0 -1.0 -1.0 -1.0 -1.0 -1.0 -1.0 1.938 1.734 5.07 1728.578 1.185 890.115 -0.048004172526164846 1.0 -1.0 -1.0
26.0 99.0 Car -1.0 -1.0 -1.0 -1.0 -1.0 -1.0 -1.0 1.73 1.562 4.084 1762.1 0.0 930.191 0.9154333035193858 1.0 -1.0 -1.0
26.0 1.0 Truck -1.0 -1.0 -1.0 -1.0 -1.0 -1.0 -1.0 2.251 1.925 5.735 1747.48 1.234 909.101 1.0049755137721212 1.0 -1.0 -1.0
26.0 0.0 Car -1.0 -1.0 -1.0 -1.0 -1.0 -1.0 -1.0 1.938 1.734 5.07 1729.381 1.285 890.584 0.24156395168171674 1.0 -1.0 -1.0
27.0 99.0 Car -1.0 -1.0 -1.0 -1.0 -1.0 -1.0 -1.0 1.73 1.562 4.084 1764.294 0.0 933.102 0.9191161671789897 1.0 -1.0 -1.0
27.0 1.0 Truck -1.0 -1.0 -1.0 -1.0 -1.0 -1.0 -1.0 2.251 1.925 5.735 1749.086 1.298 911.573 0.9988170243330711 0.0 -1.0 -1.0
27.0 0.0 Car -1.0 -1.0 -1.0 -1.0 -1.0 -1.0 -1.0 1.938 1.734 5.07 1730.861 1.335 891.411 0.43798291652849963 0.0 -1.0 -1.0
28.0 99.0 Car -1.0 -1.0 -1.0 -1.0 -1.0 -1.0 -1.0 1.73 1.562 4.084 1766.514 0.0 936.013 0.9212763445885229 1.0 -1.0 -1.0
28.0 1.0 Truck -1.0 -1.0 -1.0 -1.0 -1.0 -1.0 -1.0 2.251 1.925 5.735 1750.722 1.272 913.972 0.9896403268848115 0.0 -1.0 -1.0
28.0 0.0 Car -1.0 -1.0 -1.0 -1.0 -1.0 -1.0 -1.0 1.938 1.734 5.07 1732.777 1.385 892.976 0.6296798875391938 0.0 -1.0 -1.0
29.0 99.0 Car -1.0 -1.0 -1.0 -1.0 -1.0 -1.0 -1.0 1.73 1.562 4.084 1768.44 0.0 938.522 0.9232395716565333 1.0 -1.0 -1.0
29.0 1.0 Truck -1.0 -1.0 -1.0 -1.0 -1.0 -1.0 -1.0 2.251 1.925 5.735 1752.196 1.248 916.137 0.9813637318131277 0.0 -1.0 -1.0
29.0 0.0 Car -1.0 -1.0 -1.0 -1.0 -1.0 -1.0 -1.0 1.938 1.734 5.07 1734.399 1.33 894.73 0.7738735771845001 0.0 -1.0 -1.0
30.0 99.0 Car -1.0 -1.0 -1.0 -1.0 -1.0 -1.0 -1.0 1.73 1.562 4.084 1770.542 0.0 941.253 0.9232469216578995 1.0 -1.0 -1.0
30.0 1.0 Truck -1.0 -1.0 -1.0 -1.0 -1.0 -1.0 -1.0 2.251 1.925 5.735 1753.659 1.258 918.294 0.990749934249856 0.0 -1.0 -1.0
30.0 0.0 Car -1.0 -1.0 -1.0 -1.0 -1.0 -1.0 -1.0 1.938 1.734 5.07 1736.218 1.455 896.67 0.8022062997679046 0.0 -1.0 -1.0
31.0 99.0 Car -1.0 -1.0 -1.0 -1.0 -1.0 -1.0 -1.0 1.73 1.562 4.084 1772.55 0.0 943.865 0.9290147950641444 1.0 -1.0 -1.0
31.0 1.0 Truck -1.0 -1.0 -1.0 -1.0 -1.0 -1.0 -1.0 2.251 1.925 5.735 1755.124 1.268 920.455 1.0001467833018014 0.0 -1.0 -1.0
31.0 0.0 Car -1.0 -1.0 -1.0 -1.0 -1.0 -1.0 -1.0 1.938 1.734 5.07 1737.983 1.58 898.663 0.830571159693054 0.0 -1.0 -1.0
32.0 99.0 Car -1.0 -1.0 -1.0 -1.0 -1.0 -1.0 -1.0 1.73 1.562 4.084 1774.564 0.0 946.526 0.9400431821462636 1.0 -1.0 -1.0
32.0 1.0 Truck -1.0 -1.0 -1.0 -1.0 -1.0 -1.0 -1.0 2.251 1.925 5.735 1756.481 1.278 922.475 1.073485881134151 0.0 -1.0 -1.0
32.0 0.0 Car -1.0 -1.0 -1.0 -1.0 -1.0 -1.0 -1.0 1.938 1.734 5.07 1739.776 1.58 900.6 0.8348428944830966 0.0 -1.0 -1.0
33.0 99.0 Car -1.0 -1.0 -1.0 -1.0 -1.0 -1.0 -1.0 1.73 1.562 4.084 1776.556 0.0 949.209 0.9490333413153913 1.0 -1.0 -1.0
33.0 1.0 Truck -1.0 -1.0 -1.0 -1.0 -1.0 -1.0 -1.0 2.251 1.925 5.735 1757.547 1.288 924.661 1.1469068468490669 0.0 -1.0 -1.0
33.0 0.0 Car -1.0 -1.0 -1.0 -1.0 -1.0 -1.0 -1.0 1.938 1.734 5.07 1741.571 1.58 902.54 0.8391193977785134 0.0 -1.0 -1.0
34.0 99.0 Car -1.0 -1.0 -1.0 -1.0 -1.0 -1.0 -1.0 1.73 1.562 4.084 1778.596 0.0 952.02 0.9571842632512818 1.0 -1.0 -1.0
34.0 1.0 Truck -1.0 -1.0 -1.0 -1.0 -1.0 -1.0 -1.0 2.251 1.925 5.735 1758.168 1.298 926.648 1.2203320673464095 0.0 -1.0 -1.0
34.0 0.0 Car -1.0 -1.0 -1.0 -1.0 -1.0 -1.0 -1.0 1.938 1.734 5.07 1743.853 1.507 905.205 0.8658860260895168 0.0 -1.0 -1.0
35.0 99.0 Car -1.0 -1.0 -1.0 -1.0 -1.0 -1.0 -1.0 1.73 1.562 4.084 1780.745 0.0 954.981 0.9549816731750304 1.0 -1.0 -1.0
35.0 1.0 Truck -1.0 -1.0 -1.0 -1.0 -1.0 -1.0 -1.0 2.251 1.925 5.735 1758.295 1.292 928.593 1.4670041418508282 0.0 -1.0 -1.0
35.0 0.0 Car -1.0 -1.0 -1.0 -1.0 -1.0 -1.0 -1.0 1.938 1.734 5.07 1746.062 1.434 907.93 0.8926512103195932 0.0 -1.0 -1.0
36.0 99.0 Car -1.0 -1.0 -1.0 -1.0 -1.0 -1.0 -1.0 1.73 1.562 4.084 1782.882 0.0 957.846 0.923288586843925 1.0 -1.0 -1.0
36.0 1.0 Truck -1.0 -1.0 -1.0 -1.0 -1.0 -1.0 -1.0 2.251 1.925 5.735 1757.942 1.285 930.51 1.7136678366944622 0.0 -1.0 -1.0
36.0 0.0 Car -1.0 -1.0 -1.0 -1.0 -1.0 -1.0 -1.0 1.938 1.734 5.07 1748.198 1.361 910.714 0.9194154853135302 0.0 -1.0 -1.0
37.0 99.0 Car -1.0 -1.0 -1.0 -1.0 -1.0 -1.0 -1.0 1.73 1.562 4.084 1785.028 0.0 960.485 0.8635856497917508 1.0 -1.0 -1.0
37.0 1.0 Truck -1.0 -1.0 -1.0 -1.0 -1.0 -1.0 -1.0 2.251 1.925 5.735 1757.133 1.278 932.283 1.9603551917567812 0.0 -1.0 -1.0
37.0 0.0 Car -1.0 -1.0 -1.0 -1.0 -1.0 -1.0 -1.0 1.938 1.734 5.07 1750.271 1.346 913.54 0.9316333125450585 0.0 -1.0 -1.0
38.0 99.0 Car -1.0 -1.0 -1.0 -1.0 -1.0 -1.0 -1.0 1.73 1.562 4.084 1787.276 0.0 962.867 0.7778660877269414 1.0 -1.0 -1.0
38.0 1.0 Truck -1.0 -1.0 -1.0 -1.0 -1.0 -1.0 -1.0 2.251 1.925 5.735 1756.161 1.313 933.428 2.1777221564515044 0.0 -1.0 -1.0
38.0 0.0 Car -1.0 -1.0 -1.0 -1.0 -1.0 -1.0 -1.0 1.938 1.734 5.07 1752.342 1.331 916.364 0.9438391528981732 0.0 -1.0 -1.0
