0.0 99.0 Car -1.0 -1.0 -1.0 -1.0 -1.0 -1.0 -1.0 1.73 1.562 4.084 1175.511 0.0 1637.842 1.1012225165361342 1.0 -1.0 -1.0
0.0 2.0 Truck -1.0 -1.0 -1.0 -1.0 -1.0 -1.0 -1.0 2.709 3.471 9.965 1130.765 2.001 1599.771 2.5585305103721323 0.0 -1.0 -1.0
1.0 99.0 Car -1.0 -1.0 -1.0 -1.0 -1.0 -1.0 -1.0 1.73 1.562 4.084 1176.576 0.0 1639.871 1.0976138038678398 1.0 -1.0 -1.0
1.0 2.0 Truck -1.0 -1.0 -1.0 -1.0 -1.0 -1.0 -1.0 2.709 3.471 9.965 1128.474 2.001 1601.329 2.5641572844762766 0.0 -1.0 -1.0
2.0 99.0 Car -1.0 -1.0 -1.0 -1.0 -1.0 -1.0 -1.0 1.73 1.562 4.084 1177.693 0.0 1642.019 1.0973663321947318 1.0 -1.0 -1.0
2.0 2.0 Truck -1.0 -1.0 -1.0 -1.0 -1.0 -1.0 -1.0 2.709 3.471 9.965 1125.953 2.001 1603.044 2.570350455085499 1.0 -1.0 -1.0
2.0 1.0 Car -1.0 -1.0 -1.0 -1.0 -1.0 -1.0 -1.0 1.983 1.639 4.847 1202.709 0.808 1659.931 2.5616895563229423 0.0 -1.0 -1.0
3.0 99.0 Car -1.0 -1.0 -1.0 -1.0 -1.0 -1.0 -1.0 1.73 1.562 4.084 1178.622 0.0 1643.789 1.097196794217642 1.0 -1.0 -1.0
3.0 2.0 Truck -1.0 -1.0 -1.0 -1.0 -1.0 -1.0 -1.0 2.709 3.471 9.965 1123.66 2.001 1604.604 2.5759838028920754 1.0 -1.0 -1.0
3.0 1.0 Car -1.0 -1.0 -1.0 -1.0 -1.0 -1.0 -1.0 1.983 1.639 4.847 1202.524 0.808 1660.043 2.5616895563229423 1.0 -1.0 -1.0
4.0 99.0 Car -1.0 -1.0 -1.0 -1.0 -1.0 -1.0 -1.0 1.73 1.562 4.084 1179.483 0.0 1645.417 1.0968615722331017 1.0 -1.0 -1.0
4.0 2.0 Truck -1.0 -1.0 -1.0 -1.0 -1.0 -1.0 -1.0 2.709 3.471 9.965 1121.132 2.001 1606.142 2.584705479471066 0.0 -1.0 -1.0
4.0 1.0 Car -1.0 -1.0 -1.0 -1.0 -1.0 -1.0 -1.0 1.983 1.639 4.847 1202.339 0.808 1660.155 2.5616895563229423 1.0 -1.0 -1.0
5.0 99.0 Car -1.0 -1.0 -1.0 -1.0 -1.0 -1.0 -1.0 1.73 1.562 4.084 1180.258 0.0 1646.894 1.0972502207027952 1.0 -1.0 -1.0
5.0 2.0 Truck -1.0 -1.0 -1.0 -1.0 -1.0 -1.0 -1.0 2.709 3.471 9.965 1118.601 2.001 1607.682 2.5934370954120185 0.0 -1.0 -1.0
5.0 1.0 Car -1.0 -1.0 -1.0 -1.0 -1.0 -1.0 -1.0 1.983 1.639 4.847 1202.196 0.808 1660.271 2.5616895563229423 1.0 -1.0 -1.0
6.0 99.0 Car -1.0 -1.0 -1.0 -1.0 -1.0 -1.0 -1.0 1.73 1.562 4.084 1180.918 0.0 1648.147 1.0958306962086695 1.0 -1.0 -1.0
6.0 2.0 Truck -1.0 -1.0 -1.0 -1.0 -1.0 -1.0 -1.0 2.709 3.471 9.965 1116.07 2.001 1609.223 2.5934370954120185 0.0 -1.0 -1.0
6.0 1.0 Car -1.0 -1.0 -1.0 -1.0 -1.0 -1.0 -1.0 1.983 1.639 4.847 1202.053 0.808 1660.387 2.5616895563229423 1.0 -1.0 -1.0
7.0 99.0 Car -1.0 -1.0 -1.0 -1.0 -1.0 -1.0 -1.0 1.73 1.562 4.084 1181.405 0.0 1649.066 1.0943890101968183 1.0 -1.0 -1.0
7.0 2.0 Truck -1.0 -1.0 -1.0 -1.0 -1.0 -1.0 -1.0 2.709 3.471 9.965 1113.791 2.001 1610.609 2.5934370954120185 0.0 -1.0 -1.0
7.0 1.0 Car -1.0 -1.0 -1.0 -1.0 -1.0 -1.0 -1.0 1.983 1.639 4.847 1201.925 0.808 1660.491 2.5616895563229423 0.0 -1.0 -1.0
8.0 99.0 Car -1.0 -1.0 -1.0 -1.0 -1.0 -1.0 -1.0 1.73 1.562 4.084 1181.843 0.0 1649.888 1.093280943308231 1.0 -1.0 -1.0
8.0 2.0 Truck -1.0 -1.0 -1.0 -1.0 -1.0 -1.0 -1.0 2.709 3.471 9.965 1111.263 2.001 1612.148 2.5934370954120185 0.0 -1.0 -1.0
8.0 1.0 Car -1.0 -1.0 -1.0 -1.0 -1.0 -1.0 -1.0 1.983 1.639 4.847 1201.782 0.808 1660.607 2.5616895563229423 1.0 -1.0 -1.0
9.0 99.0 Car -1.0 -1.0 -1.0 -1.0 -1.0 -1.0 -1.0 1.73 1.562 4.084 1182.157 0.0 1650.474 1.0922429180976023 1.0 -1.0 -1.0
9.0 2.0 Truck -1.0 -1.0 -1.0 -1.0 -1.0 -1.0 -1.0 2.709 3.471 9.965 1108.741 2.001 1613.748 2.5910453553885677 0.0 -1.0 -1.0
9.0 1.0 Car -1.0 -1.0 -1.0 -1.0 -1.0 -1.0 -1.0 1.983 1.639 4.847 1201.639 0.808 1660.723 2.5616895563229423 1.0 -1.0 -1.0
10.0 99.0 Car -1.0 -1.0 -1.0 -1.0 -1.0 -1.0 -1.0 1.73 1.562 4.084 1182.347 0.0 1650.828 1.0926648530903245 1.0 -1.0 -1.0
10.0 2.0 Truck -1.0 -1.0 -1.0 -1.0 -1.0 -1.0 -1.0 2.709 3.471 9.965 1105.964 2.001 1615.509 2.5884129822124278 0.0 -1.0 -1.0
10.0 0.0 Car -1.0 -1.0 -1.0 -1.0 -1.0 -1.0 -1.0 1.907 1.68 4.697 1181.482 0.827 1636.375 1.01890195114208 0.0 -1.0 -1.0
10.0 1.0 Car -1.0 -1.0 -1.0 -1.0 -1.0 -1.0 -1.0 1.983 1.639 4.847 1200.682 0.808 1661.374 2.5616895563229423 1.0 -1.0 -1.0
11.0 99.0 Car -1.0 -1.0 -1.0 -1.0 -1.0 -1.0 -1.0 1.73 1.562 4.084 1182.418 0.0 1650.954 1.0934033904458331 1.0 -1.0 -1.0
11.0 2.0 Truck -1.0 -1.0 -1.0 -1.0 -1.0 -1.0 -1.0 2.709 3.471 9.965 1103.445 2.001 1617.107 2.5860240046812755 0.0 -1.0 -1.0
11.0 0.0 Car -1.0 -1.0 -1.0 -1.0 -1.0 -1.0 -1.0 1.907 1.68 4.697 1181.477 0.832 1636.37 1.0133642468028197 0.0 -1.0 -1.0
11.0 1.0 Car -1.0 -1.0 -1.0 -1.0 -1.0 -1.0 -1.0 1.983 1.639 4.847 1199.814 0.808 1661.965 2.5616895563229423 1.0 -1.0 -1.0
12.0 99.0 Car -1.0 -1.0 -1.0 -1.0 -1.0 -1.0 -1.0 1.73 1.562 4.084 1182.439 0.0 1650.989 1.0933965002333947 1.0 -1.0 -1.0
12.0 2.0 Truck -1.0 -1.0 -1.0 -1.0 -1.0 -1.0 -1.0 2.709 3.471 9.965 1100.922 2.001 1618.707 2.5836322407608323 0.0 -1.0 -1.0
12.0 0.0 Car -1.0 -1.0 -1.0 -1.0 -1.0 -1.0 -1.0 1.907 1.68 4.697 1181.471 0.837 1636.365 1.007820083549708 0.0 -1.0 -1.0
12.0 1.0 Car -1.0 -1.0 -1.0 -1.0 -1.0 -1.0 -1.0 1.983 1.639 4.847 1198.945 0.808 1662.556 2.5616895563229423 1.0 -1.0 -1.0
13.0 99.0 Car -1.0 -1.0 -1.0 -1.0 -1.0 -1.0 -1.0 1.73 1.562 4.084 1182.436 0.0 1650.978 1.093641763429853 1.0 -1.0 -1.0
13.0 2.0 Truck -1.0 -1.0 -1.0 -1.0 -1.0 -1.0 -1.0 2.709 3.471 9.965 1097.898 2.001 1620.626 2.5807647689753974 0.0 -1.0 -1.0
13.0 0.0 Car -1.0 -1.0 -1.0 -1.0 -1.0 -1.0 -1.0 1.907 1.68 4.697 1181.465 0.843 1636.359 1.0011732186286932 1.0 -1.0 -1.0
13.0 1.0 Car -1.0 -1.0 -1.0 -1.0 -1.0 -1.0 -1.0 1.983 1.639 4.847 1197.903 0.808 1663.265 2.5616895563229423 1.0 -1.0 -1.0
14.0 99.0 Car -1.0 -1.0 -1.0 -1.0 -1.0 -1.0 -1.0 1.73 1.562 4.084 1182.437 0.0 1650.976 1.093811967874538 1.0 -1.0 -1.0
14.0 2.0 Truck -1.0 -1.0 -1.0 -1.0 -1.0 -1.0 -1.0 2.709 3.471 9.965 1095.376 2.001 1622.226 2.5783728664523995 0.0 -1.0 -1.0
14.0 0.0 Car -1.0 -1.0 -1.0 -1.0 -1.0 -1.0 -1.0 1.907 1.68 4.697 1181.492 0.836 1636.396 1.0123698797241656 1.0 -1.0 -1.0
14.0 1.0 Car -1.0 -1.0 -1.0 -1.0 -1.0 -1.0 -1.0 1.983 1.639 4.847 1197.033 0.808 1663.857 2.5616895563229423 1.0 -1.0 -1.0
15.0 99.0 Car -1.0 -1.0 -1.0 -1.0 -1.0 -1.0 -1.0 1.73 1.562 4.084 1182.439 0.0 1650.976 1.093820790059855 1.0 -1.0 -1.0
15.0 2.0 Truck -1.0 -1.0 -1.0 -1.0 -1.0 -1.0 -1.0 2.709 3.471 9.965 1092.856 2.001 1623.824 2.5759838028920754 0.0 -1.0 -1.0
15.0 0.0 Car -1.0 -1.0 -1.0 -1.0 -1.0 -1.0 -1.0 1.907 1.68 4.697 1181.52 0.828 1636.434 1.0235532514390657 1.0 -1.0 -1.0
15.0 1.0 Car -1.0 -1.0 -1.0 -1.0 -1.0 -1.0 -1.0 1.983 1.639 4.847 1195.552 0.808 1664.842 2.55567331156933 1.0 -1.0 -1.0
16.0 99.0 Car -1.0 -1.0 -1.0 -1.0 -1.0 -1.0 -1.0 1.73 1.562 4.084 1182.44 0.0 1650.975 1.0937237554204107 1.0 -1.0 -1.0
16.0 0.0 Car -1.0 -1.0 -1.0 -1.0 -1.0 -1.0 -1.0 1.907 1.68 4.697 1181.547 0.82 1636.471 1.0347486820363367 1.0 -1.0 -1.0
16.0 1.0 Car -1.0 -1.0 -1.0 -1.0 -1.0 -1.0 -1.0 1.983 1.639 4.847 1194.07 0.808 1665.828 2.549650579578268 1.0 -1.0 -1.0
17.0 99.0 Car -1.0 -1.0 -1.0 -1.0 -1.0 -1.0 -1.0 1.73 1.562 4.084 1182.441 0.0 1650.975 1.0936985067525646 1.0 -1.0 -1.0
17.0 0.0 Car -1.0 -1.0 -1.0 -1.0 -1.0 -1.0 -1.0 1.907 1.68 4.697 1181.574 0.813 1636.509 1.0459461261761192 1.0 -1.0 -1.0
17.0 1.0 Car -1.0 -1.0 -1.0 -1.0 -1.0 -1.0 -1.0 1.983 1.639 4.847 1192.587 0.808 1666.815 2.543626764375016 1.0 -1.0 -1.0
18.0 99.0 Car -1.0 -1.0 -1.0 -1.0 -1.0 -1.0 -1.0 1.73 1.562 4.084 1182.441 0.0 1650.974 1.0937031788267382 1.0 -1.0 -1.0
18.0 0.0 Car -1.0 -1.0 -1.0 -1.0 -1.0 -1.0 -1.0 1.907 1.68 4.697 1181.6 0.805 1636.547 1.057128155529345 1.0 -1.0 -1.0
18.0 1.0 Car -1.0 -1.0 -1.0 -1.0 -1.0 -1.0 -1.0 1.983 1.639 4.847 1190.742 0.808 1668.049 2.5376112417628636 1.0 -1.0 -1.0
19.0 99.0 Car -1.0 -1.0 -1.0 -1.0 -1.0 -1.0 -1.0 1.73 1.562 4.084 1182.442 0.0 1650.974 1.093695101561194 1.0 -1.0 -1.0
19.0 0.0 Car -1.0 -1.0 -1.0 -1.0 -1.0 -1.0 -1.0 1.907 1.68 4.697 1181.627 0.798 1636.585 1.068311616735023 1.0 -1.0 -1.0
19.0 1.0 Car -1.0 -1.0 -1.0 -1.0 -1.0 -1.0 -1.0 1.983 1.639 4.847 1188.896 0.808 1669.283 2.531594948866487 1.0 -1.0 -1.0
20.0 99.0 Car -1.0 -1.0 -1.0 -1.0 -1.0 -1.0 -1.0 1.73 1.562 4.084 1182.442 0.0 1650.974 1.0937501296656704 1.0 -1.0 -1.0
20.0 0.0 Car -1.0 -1.0 -1.0 -1.0 -1.0 -1.0 -1.0 1.907 1.68 4.697 1181.622 0.813 1636.842 1.0772564213769829 1.0 -1.0 -1.0
20.0 1.0 Car -1.0 -1.0 -1.0 -1.0 -1.0 -1.0 -1.0 1.983 1.639 4.847 1187.421 0.808 1670.27 2.5267829712830556 1.0 -1.0 -1.0
21.0 99.0 Car -1.0 -1.0 -1.0 -1.0 -1.0 -1.0 -1.0 1.73 1.562 4.084 1182.443 0.0 1650.974 1.0938070854777011 1.0 -1.0 -1.0
21.0 0.0 Car -1.0 -1.0 -1.0 -1.0 -1.0 -1.0 -1.0 1.907 1.68 4.697 1181.615 0.832 1637.164 1.0884396812284098 1.0 -1.0 -1.0
21.0 1.0 Car -1.0 -1.0 -1.0 -1.0 -1.0 -1.0 -1.0 1.983 1.639 4.847 1185.481 0.808 1671.632 2.52023633146803 1.0 -1.0 -1.0
22.0 99.0 Car -1.0 -1.0 -1.0 -1.0 -1.0 -1.0 -1.0 1.73 1.562 4.084 1182.443 0.0 1650.973 1.0937839230996362 1.0 -1.0 -1.0
22.0 0.0 Car -1.0 -1.0 -1.0 -1.0 -1.0 -1.0 -1.0 1.907 1.68 4.697 1181.747 0.829 1637.61 1.2490457642519783 1.0 -1.0 -1.0
22.0 1.0 Car -1.0 -1.0 -1.0 -1.0 -1.0 -1.0 -1.0 1.983 1.639 4.847 1183.541 0.808 1672.994 2.513689495199589 1.0 -1.0 -1.0
23.0 99.0 Car -1.0 -1.0 -1.0 -1.0 -1.0 -1.0 -1.0 1.73 1.562 4.084 1182.444 0.0 1650.973 1.0937960355042011 1.0 -1.0 -1.0
23.0 0.0 Car -1.0 -1.0 -1.0 -1.0 -1.0 -1.0 -1.0 1.907 1.68 4.697 1181.806 0.826 1638.07 1.4094847758496318 1.0 -1.0 -1.0
23.0 1.0 Car -1.0 -1.0 -1.0 -1.0 -1.0 -1.0 -1.0 1.983 1.639 4.847 1181.603 0.808 1674.354 2.5071494693162215 1.0 -1.0 -1.0
24.0 99.0 Car -1.0 -1.0 -1.0 -1.0 -1.0 -1.0 -1.0 1.73 1.562 4.084 1182.444 0.0 1650.973 1.0937985181385435 1.0 -1.0 -1.0
24.0 0.0 Car -1.0 -1.0 -1.0 -1.0 -1.0 -1.0 -1.0 1.907 1.68 4.697 1181.688 0.823 1638.917 1.570080256263479 1.0 -1.0 -1.0
24.0 1.0 Car -1.0 -1.0 -1.0 -1.0 -1.0 -1.0 -1.0 1.983 1.639 4.847 1179.664 0.808 1675.716 2.500603065245295 1.0 -1.0 -1.0
25.0 99.0 Car -1.0 -1.0 -1.0 -1.0 -1.0 -1.0 -1.0 1.73 1.562 4.084 1182.444 0.0 1650.973 1.0938099650982316 1.0 -1.0 -1.0
25.0 0.0 Car -1.0 -1.0 -1.0 -1.0 -1.0 -1.0 -1.0 1.907 1.68 4.697 1181.436 0.82 1639.733 1.7306898734902882 1.0 -1.0 -1.0
25.0 1.0 Car -1.0 -1.0 -1.0 -1.0 -1.0 -1.0 -1.0 1.983 1.639 4.847 1178.183 0.808 1676.848 2.5027853701887253 1.0 -1.0 -1.0
26.0 99.0 Car -1.0 -1.0 -1.0 -1.0 -1.0 -1.0 -1.0 1.73 1.562 4.084 1182.444 0.0 1650.973 1.093865954099258 1.0 -1.0 -1.0
26.0 0.0 Car -1.0 -1.0 -1.0 -1.0 -1.0 -1.0 -1.0 1.907 1.68 4.697 1181.058 0.817 1640.499 1.8912911371458014 1.0 -1.0 -1.0
26.0 1.0 Car -1.0 -1.0 -1.0 -1.0 -1.0 -1.0 -1.0 1.983 1.639 4.847 1176.702 0.808 1677.98 2.504967561626873 1.0 -1.0 -1.0
27.0 99.0 Car -1.0 -1.0 -1.0 -1.0 -1.0 -1.0 -1.0 1.73 1.562 4.084 1182.445 0.0 1650.973 1.0938842520492842 1.0 -1.0 -1.0
27.0 0.0 Car -1.0 -1.0 -1.0 -1.0 -1.0 -1.0 -1.0 1.907 1.68 4.697 1180.715 0.86 1641.334 1.897867585173422 0.0 -1.0 -1.0
27.0 1.0 Car -1.0 -1.0 -1.0 -1.0 -1.0 -1.0 -1.0 1.983 1.639 4.847 1175.222 0.808 1679.11 2.507147434937911 0.0 -1.0 -1.0
28.0 99.0 Car -1.0 -1.0 -1.0 -1.0 -1.0 -1.0 -1.0 1.73 1.562 4.084 1182.445 0.0 1650.973 1.0938965313377846 1.0 -1.0 -1.0
28.0 0.0 Car -1.0 -1.0 -1.0 -1.0 -1.0 -1.0 -1.0 1.907 1.68 4.697 1180.372 0.903 1642.171 1.9044511847924297 0.0 -1.0 -1.0
28.0 1.0 Car -1.0 -1.0 -1.0 -1.0 -1.0 -1.0 -1.0 1.983 1.639 4.847 1173.741 0.808 1680.242 2.5093296787631125 0.0 -1.0 -1.0
29.0 99.0 Car -1.0 -1.0 -1.0 -1.0 -1.0 -1.0 -1.0 1.73 1.562 4.084 1182.445 0.0 1650.973 1.0938273640169622 1.0 -1.0 -1.0
29.0 0.0 Car -1.0 -1.0 -1.0 -1.0 -1.0 -1.0 -1.0 1.907 1.68 4.697 1180.029 0.946 1643.007 1.9110347448998826 0.0 -1.0 -1.0
29.0 1.0 Car -1.0 -1.0 -1.0 -1.0 -1.0 -1.0 -1.0 1.983 1.639 4.847 1172.514 0.808 1681.201 2.5093296787631125 0.0 -1.0 -1.0
30.0 99.0 Car -1.0 -1.0 -1.0 -1.0 -1.0 -1.0 -1.0 1.73 1.562 4.084 1182.445 0.0 1650.973 1.0937797142693413 1.0 -1.0 -1.0
30.0 0.0 Car -1.0 -1.0 -1.0 -1.0 -1.0 -1.0 -1.0 1.907 1.68 4.697 1179.902 0.921 1643.859 1.8165113546643734 0.0 -1.0 -1.0
30.0 1.0 Car -1.0 -1.0 -1.0 -1.0 -1.0 -1.0 -1.0 1.983 1.639 4.847 1171.284 0.808 1682.162 2.5093296787631125 0.0 -1.0 -1.0
31.0 99.0 Car -1.0 -1.0 -1.0 -1.0 -1.0 -1.0 -1.0 1.73 1.562 4.084 1182.445 0.0 1650.973 1.0938329313146584 1.0 -1.0 -1.0
31.0 0.0 Car -1.0 -1.0 -1.0 -1.0 -1.0 -1.0 -1.0 1.907 1.68 4.697 1179.856 0.891 1644.889 1.7033037356776477 0.0 -1.0 -1.0
31.0 1.0 Car -1.0 -1.0 -1.0 -1.0 -1.0 -1.0 -1.0 1.983 1.639 4.847 1169.726 0.808 1683.251 2.5093296787631125 0.0 -1.0 -1.0
32.0 99.0 Car -1.0 -1.0 -1.0 -1.0 -1.0 -1.0 -1.0 1.73 1.562 4.084 1182.445 0.0 1650.973 1.0937963995772608 1.0 -1.0 -1.0
32.0 0.0 Car -1.0 -1.0 -1.0 -1.0 -1.0 -1.0 -1.0 1.907 1.68 4.697 1179.954 0.866 1645.498 1.6088907210310575 0.0 -1.0 -1.0
32.0 1.0 Car -1.0 -1.0 -1.0 -1.0 -1.0 -1.0 -1.0 1.983 1.639 4.847 1168.426 0.808 1684.159 2.5093296787631125 0.0 -1.0 -1.0
33.0 99.0 Car -1.0 -1.0 -1.0 -1.0 -1.0 -1.0 -1.0 1.73 1.562 4.084 1182.445 0.0 1650.972 1.0937953335572377 1.0 -1.0 -1.0
33.0 0.0 Car -1.0 -1.0 -1.0 -1.0 -1.0 -1.0 -1.0 1.907 1.68 4.697 1180.109 0.842 1646.094 1.5144692159545505 0.0 -1.0 -1.0
33.0 1.0 Car -1.0 -1.0 -1.0 -1.0 -1.0 -1.0 -1.0 1.983 1.639 4.847 1167.127 0.808 1685.068 2.5093296787631125 0.0 -1.0 -1.0
34.0 99.0 Car -1.0 -1.0 -1.0 -1.0 -1.0 -1.0 -1.0 1.73 1.562 4.084 1182.445 0.0 1650.972 1.0938123605624555 1.0 -1.0 -1.0
34.0 0.0 Car -1.0 -1.0 -1.0 -1.0 -1.0 -1.0 -1.0 1.907 1.68 4.697 1180.32 0.817 1646.674 1.420052239107333 0.0 -1.0 -1.0
34.0 1.0 Car -1.0 -1.0 -1.0 -1.0 -1.0 -1.0 -1.0 1.983 1.639 4.847 1165.909 0.808 1685.918 2.513696416010792 0.0 -1.0 -1.0
35.0 99.0 Car -1.0 -1.0 -1.0 -1.0 -1.0 -1.0 -1.0 1.73 1.562 4.084 1182.445 0.0 1650.972 1.0938521847927434 1.0 -1.0 -1.0
35.0 0.0 Car -1.0 -1.0 -1.0 -1.0 -1.0 -1.0 -1.0 1.907 1.68 4.697 1180.395 0.854 1646.752 1.3676942679343185 0.0 -1.0 -1.0
35.0 1.0 Car -1.0 -1.0 -1.0 -1.0 -1.0 -1.0 -1.0 1.983 1.639 4.847 1164.693 0.808 1686.768 2.518058231693285 0.0 -1.0 -1.0
36.0 99.0 Car -1.0 -1.0 -1.0 -1.0 -1.0 -1.0 -1.0 1.73 1.562 4.084 1182.445 0.0 1650.972 1.0938186362994473 1.0 -1.0 -1.0
36.0 0.0 Car -1.0 -1.0 -1.0 -1.0 -1.0 -1.0 -1.0 1.907 1.68 4.697 1180.473 0.891 1646.826 1.3153325258862845 0.0 -1.0 -1.0
36.0 1.0 Car -1.0 -1.0 -1.0 -1.0 -1.0 -1.0 -1.0 1.983 1.639 4.847 1163.476 0.808 1687.617 2.5224203615182366 0.0 -1.0 -1.0
37.0 99.0 Car -1.0 -1.0 -1.0 -1.0 -1.0 -1.0 -1.0 1.73 1.562 4.084 1182.446 0.0 1650.972 1.0938811415865235 1.0 -1.0 -1.0
37.0 0.0 Car -1.0 -1.0 -1.0 -1.0 -1.0 -1.0 -1.0 1.907 1.68 4.697 1180.489 0.866 1646.915 1.2629650227791915 0.0 -1.0 -1.0
37.0 1.0 Car -1.0 -1.0 -1.0 -1.0 -1.0 -1.0 -1.0 1.983 1.639 4.847 1162.26 0.808 1688.467 2.5267829712830556 0.0 -1.0 -1.0
38.0 99.0 Car -1.0 -1.0 -1.0 -1.0 -1.0 -1.0 -1.0 1.73 1.562 4.084 1182.446 0.0 1650.972 1.0938702320039837 1.0 -1.0 -1.0
38.0 0.0 Car -1.0 -1.0 -1.0 -1.0 -1.0 -1.0 -1.0 1.907 1.68 4.697 1180.51 0.841 1647.003 1.2106106129881407 0.0 -1.0 -1.0
38.0 1.0 Car -1.0 -1.0 -1.0 -1.0 -1.0 -1.0 -1.0 1.983 1.639 4.847 1161.223 0.808 1689.216 2.518056604367389 0.0 -1.0 -1.0
