0.0 99.0 Car -1.0 -1.0 -1.0 -1.0 -1.0 -1.0 -1.0 1.73 1.562 4.084 1278.899 0.0 916.846 -0.7307566170324286 1.0 -1.0 -1.0
0.0 1.0 Truck -1.0 -1.0 -1.0 -1.0 -1.0 -1.0 -1.0 3.063 3.563 7.232 1356.963 0.261 866.535 -2.31537123898876 0.0 -1.0 -1.0
0.0 2.0 Car -1.0 -1.0 -1.0 -1.0 -1.0 -1.0 -1.0 1.945 1.846 4.394 1267.192 1.18 920.27 0.8365363104823477 0.0 -1.0 -1.0
1.0 99.0 Car -1.0 -1.0 -1.0 -1.0 -1.0 -1.0 -1.0 1.73 1.562 4.084 1281.47 0.0 914.492 -0.7309986802906523 1.0 -1.0 -1.0
1.0 1.0 Truck -1.0 -1.0 -1.0 -1.0 -1.0 -1.0 -1.0 3.063 3.563 7.232 1355.171 0.461 864.591 -2.31537123898876 1.0 -1.0 -1.0
1.0 2.0 Car -1.0 -1.0 -1.0 -1.0 -1.0 -1.0 -1.0 1.945 1.846 4.394 1267.527 1.313 920.539 0.8319155220813892 1.0 -1.0 -1.0
2.0 99.0 Car -1.0 -1.0 -1.0 -1.0 -1.0 -1.0 -1.0 1.73 1.562 4.084 1284.08 0.0 912.094 -0.7339426817298946 1.0 -1.0 -1.0
2.0 1.0 Truck -1.0 -1.0 -1.0 -1.0 -1.0 -1.0 -1.0 3.063 3.563 7.232 1353.274 0.561 862.533 -2.31537123898876 1.0 -1.0 -1.0
2.0 2.0 Car -1.0 -1.0 -1.0 -1.0 -1.0 -1.0 -1.0 1.945 1.846 4.394 1267.83 1.396 920.772 0.8000049195216989 1.0 -1.0 -1.0
3.0 99.0 Car -1.0 -1.0 -1.0 -1.0 -1.0 -1.0 -1.0 1.73 1.562 4.084 1286.701 0.0 909.677 -0.7364307772474368 1.0 -1.0 -1.0
3.0 1.0 Truck -1.0 -1.0 -1.0 -1.0 -1.0 -1.0 -1.0 3.063 3.563 7.232 1351.515 0.653 860.624 -2.31537123898876 1.0 -1.0 -1.0
3.0 2.0 Car -1.0 -1.0 -1.0 -1.0 -1.0 -1.0 -1.0 1.945 1.846 4.394 1268.614 1.518 921.53 0.7727821899399401 1.0 -1.0 -1.0
4.0 99.0 Car -1.0 -1.0 -1.0 -1.0 -1.0 -1.0 -1.0 1.73 1.562 4.084 1288.831 0.0 907.704 -0.7376240148100492 1.0 -1.0 -1.0
4.0 1.0 Truck -1.0 -1.0 -1.0 -1.0 -1.0 -1.0 -1.0 3.063 3.563 7.232 1349.9 0.727 858.871 -2.31537123898876 1.0 -1.0 -1.0
4.0 2.0 Car -1.0 -1.0 -1.0 -1.0 -1.0 -1.0 -1.0 1.945 1.846 4.394 1269.044 1.616 921.798 0.7604058467738393 1.0 -1.0 -1.0
5.0 99.0 Car -1.0 -1.0 -1.0 -1.0 -1.0 -1.0 -1.0 1.73 1.562 4.084 1291.433 0.0 905.29 -0.7371540438148725 1.0 -1.0 -1.0
5.0 1.0 Truck -1.0 -1.0 -1.0 -1.0 -1.0 -1.0 -1.0 3.063 3.563 7.232 1348.171 0.869 856.994 -2.31537123898876 1.0 -1.0 -1.0
5.0 2.0 Car -1.0 -1.0 -1.0 -1.0 -1.0 -1.0 -1.0 1.945 1.846 4.394 1269.932 1.688 922.297 0.6221559285961207 1.0 -1.0 -1.0
6.0 99.0 Car -1.0 -1.0 -1.0 -1.0 -1.0 -1.0 -1.0 1.73 1.562 4.084 1294.03 0.0 902.933 -0.7231117879977008 1.0 -1.0 -1.0
6.0 1.0 Truck -1.0 -1.0 -1.0 -1.0 -1.0 -1.0 -1.0 3.063 3.563 7.232 1346.227 0.911 854.885 -2.31537123898876 1.0 -1.0 -1.0
6.0 2.0 Car -1.0 -1.0 -1.0 -1.0 -1.0 -1.0 -1.0 1.945 1.846 4.394 1270.917 1.91 922.577 0.35301452298265423 1.0 -1.0 -1.0
7.0 99.0 Car -1.0 -1.0 -1.0 -1.0 -1.0 -1.0 -1.0 1.73 1.562 4.084 1296.591 0.0 900.632 -0.7180756785613518 1.0 -1.0 -1.0
7.0 1.0 Truck -1.0 -1.0 -1.0 -1.0 -1.0 -1.0 -1.0 3.063 3.563 7.232 1344.372 0.911 852.872 -2.31537123898876 1.0 -1.0 -1.0
7.0 2.0 Car -1.0 -1.0 -1.0 -1.0 -1.0 -1.0 -1.0 1.945 1.846 4.394 1271.964 2.065 922.454 0.08414986336716601 1.0 -1.0 -1.0
8.0 99.0 Car -1.0 -1.0 -1.0 -1.0 -1.0 -1.0 -1.0 1.73 1.562 4.084 1299.101 0.0 898.396 -0.7149120363108736 1.0 -1.0 -1.0
8.0 1.0 Truck -1.0 -1.0 -1.0 -1.0 -1.0 -1.0 -1.0 3.063 3.563 7.232 1342.309 0.911 850.634 -2.31537123898876 1.0 -1.0 -1.0
8.0 2.0 Car -1.0 -1.0 -1.0 -1.0 -1.0 -1.0 -1.0 1.945 1.846 4.394 1273.969 2.161 922.645 -0.15391728732293908 1.0 -1.0 -1.0
9.0 99.0 Car -1.0 -1.0 -1.0 -1.0 -1.0 -1.0 -1.0 1.73 1.562 4.084 1301.554 0.0 896.225 -0.7132332915110349 1.0 -1.0 -1.0
9.0 1.0 Truck -1.0 -1.0 -1.0 -1.0 -1.0 -1.0 -1.0 3.063 3.563 7.232 1340.69 1.111 848.723 -2.297917946468817 1.0 -1.0 -1.0
9.0 2.0 Car -1.0 -1.0 -1.0 -1.0 -1.0 -1.0 -1.0 1.945 1.846 4.394 1275.15 2.257 922.585 -0.39171546833757276 1.0 -1.0 -1.0
10.0 99.0 Car -1.0 -1.0 -1.0 -1.0 -1.0 -1.0 -1.0 1.73 1.562 4.084 1303.975 0.0 894.084 -0.7109879817744321 1.0 -1.0 -1.0
10.0 1.0 Truck -1.0 -1.0 -1.0 -1.0 -1.0 -1.0 -1.0 3.063 3.563 7.232 1338.788 1.261 846.332 -2.297917946468817 1.0 -1.0 -1.0
10.0 2.0 Car -1.0 -1.0 -1.0 -1.0 -1.0 -1.0 -1.0 1.945 1.846 4.394 1277.0 2.353 921.594 -0.5597270911131167 1.0 -1.0 -1.0
11.0 99.0 Car -1.0 -1.0 -1.0 -1.0 -1.0 -1.0 -1.0 1.73 1.562 4.084 1306.354 0.0 891.994 -0.7102731551471783 1.0 -1.0 -1.0
11.0 1.0 Truck -1.0 -1.0 -1.0 -1.0 -1.0 -1.0 -1.0 3.063 3.563 7.232 1337.047 1.412 844.121 -2.297917946468817 1.0 -1.0 -1.0
11.0 2.0 Car -1.0 -1.0 -1.0 -1.0 -1.0 -1.0 -1.0 1.945 1.846 4.394 1280.075 2.329 918.856 -0.7168067237926046 1.0 -1.0 -1.0
12.0 99.0 Car -1.0 -1.0 -1.0 -1.0 -1.0 -1.0 -1.0 1.73 1.562 4.084 1308.404 0.0 890.19 -0.7060515059738472 1.0 -1.0 -1.0
12.0 1.0 Truck -1.0 -1.0 -1.0 -1.0 -1.0 -1.0 -1.0 3.063 3.563 7.232 1334.753 1.546 841.39 -2.297917946468817 1.0 -1.0 -1.0
12.0 2.0 Car -1.0 -1.0 -1.0 -1.0 -1.0 -1.0 -1.0 1.945 1.846 4.394 1282.556 2.174 916.52 -0.7517133088324908 1.0 -1.0 -1.0
13.0 99.0 Car -1.0 -1.0 -1.0 -1.0 -1.0 -1.0 -1.0 1.73 1.562 4.084 1310.506 0.0 888.354 -0.7091720860774082 1.0 -1.0 -1.0
13.0 1.0 Truck -1.0 -1.0 -1.0 -1.0 -1.0 -1.0 -1.0 3.063 3.563 7.232 1332.397 1.696 838.913 -2.2804646539488744 0.0 -1.0 -1.0
13.0 2.0 Car -1.0 -1.0 -1.0 -1.0 -1.0 -1.0 -1.0 1.945 1.846 4.394 1284.622 2.001 914.412 -0.7691666013524339 1.0 -1.0 -1.0
14.0 99.0 Car -1.0 -1.0 -1.0 -1.0 -1.0 -1.0 -1.0 1.73 1.562 4.084 1312.576 0.0 886.54 -0.710108704374391 1.0 -1.0 -1.0
14.0 1.0 Truck -1.0 -1.0 -1.0 -1.0 -1.0 -1.0 -1.0 3.063 3.563 7.232 1330.222 1.846 836.283 -2.2804646539488744 0.0 -1.0 -1.0
14.0 2.0 Car -1.0 -1.0 -1.0 -1.0 -1.0 -1.0 -1.0 1.945 1.846 4.394 1286.649 1.828 912.257 -0.7517133088324908 1.0 -1.0 -1.0
15.0 99.0 Car -1.0 -1.0 -1.0 -1.0 -1.0 -1.0 -1.0 1.73 1.562 4.084 1314.604 0.0 884.781 -0.7066316770373565 1.0 -1.0 -1.0
15.0 1.0 Truck -1.0 -1.0 -1.0 -1.0 -1.0 -1.0 -1.0 3.063 3.563 7.232 1328.077 1.996 833.853 -2.2804646539488744 0.0 -1.0 -1.0
15.0 2.0 Car -1.0 -1.0 -1.0 -1.0 -1.0 -1.0 -1.0 1.945 1.846 4.394 1289.165 1.83 909.547 -0.7778934835463542 1.0 -1.0 -1.0
16.0 99.0 Car -1.0 -1.0 -1.0 -1.0 -1.0 -1.0 -1.0 1.73 1.562 4.084 1316.543 0.0 883.11 -0.7031899877802843 1.0 -1.0 -1.0
16.0 1.0 Truck -1.0 -1.0 -1.0 -1.0 -1.0 -1.0 -1.0 3.063 3.563 7.232 1325.942 1.796 831.348 -2.297917946468817 0.0 -1.0 -1.0
16.0 2.0 Car -1.0 -1.0 -1.0 -1.0 -1.0 -1.0 -1.0 1.945 1.846 4.394 1291.608 1.832 906.772 -0.8040731863923201 1.0 -1.0 -1.0
17.0 99.0 Car -1.0 -1.0 -1.0 -1.0 -1.0 -1.0 -1.0 1.73 1.562 4.084 1318.412 0.0 881.51 -0.7006733910129613 1.0 -1.0 -1.0
17.0 1.0 Truck -1.0 -1.0 -1.0 -1.0 -1.0 -1.0 -1.0 3.063 3.563 7.232 1323.696 1.795 828.713 -2.2804646539488744 0.0 -1.0 -1.0
17.0 2.0 Car -1.0 -1.0 -1.0 -1.0 -1.0 -1.0 -1.0 1.945 1.846 4.394 1294.094 1.834 904.024 -0.7517133088324908 1.0 -1.0 -1.0
18.0 99.0 Car -1.0 -1.0 -1.0 -1.0 -1.0 -1.0 -1.0 1.73 1.562 4.084 1320.226 0.0 879.975 -0.6970002150624878 1.0 -1.0 -1.0
18.0 1.0 Truck -1.0 -1.0 -1.0 -1.0 -1.0 -1.0 -1.0 3.063 3.563 7.232 1321.336 1.862 826.046 -2.2804646539488744 0.0 -1.0 -1.0
18.0 2.0 Car -1.0 -1.0 -1.0 -1.0 -1.0 -1.0 -1.0 1.945 1.846 4.394 1296.709 1.769 901.431 -0.7517133088324908 1.0 -1.0 -1.0
19.0 99.0 Car -1.0 -1.0 -1.0 -1.0 -1.0 -1.0 -1.0 1.73 1.562 4.084 1321.967 0.0 878.501 -0.6980045670760446 1.0 -1.0 -1.0
19.0 1.0 Truck -1.0 -1.0 -1.0 -1.0 -1.0 -1.0 -1.0 3.063 3.563 7.232 1318.971 1.928 823.373 -2.2804646539488744 0.0 -1.0 -1.0
19.0 2.0 Car -1.0 -1.0 -1.0 -1.0 -1.0 -1.0 -1.0 1.945 1.846 4.394 1299.33 1.704 898.832 -0.7517133088324908 1.0 -1.0 -1.0
20.0 99.0 Car -1.0 -1.0 -1.0 -1.0 -1.0 -1.0 -1.0 1.73 1.562 4.084 1323.71 0.0 877.023 -0.6985646448380871 1.0 -1.0 -1.0
20.0 1.0 Truck -1.0 -1.0 -1.0 -1.0 -1.0 -1.0 -1.0 3.063 3.563 7.232 1316.602 1.995 820.697 -2.2804646539488744 0.0 -1.0 -1.0
20.0 2.0 Car -1.0 -1.0 -1.0 -1.0 -1.0 -1.0 -1.0 1.945 1.846 4.394 1301.954 1.64 896.23 -0.7517133088324908 1.0 -1.0 -1.0
21.0 99.0 Car -1.0 -1.0 -1.0 -1.0 -1.0 -1.0 -1.0 1.73 1.562 4.084 1325.362 0.0 875.613 -0.7013581509756803 1.0 -1.0 -1.0
21.0 1.0 Truck -1.0 -1.0 -1.0 -1.0 -1.0 -1.0 -1.0 3.063 3.563 7.232 1314.263 2.062 818.007 -2.263346950834952 0.0 -1.0 -1.0
21.0 2.0 Car -1.0 -1.0 -1.0 -1.0 -1.0 -1.0 -1.0 1.945 1.846 4.394 1305.021 1.608 893.563 -0.7414426869641373 1.0 -1.0 -1.0
22.0 99.0 Car -1.0 -1.0 -1.0 -1.0 -1.0 -1.0 -1.0 1.73 1.562 4.084 1327.102 0.0 874.112 -0.7019227325248623 1.0 -1.0 -1.0
22.0 1.0 Truck -1.0 -1.0 -1.0 -1.0 -1.0 -1.0 -1.0 3.063 3.563 7.232 1311.744 2.135 815.004 -2.244526886842415 0.0 -1.0 -1.0
22.0 2.0 Car -1.0 -1.0 -1.0 -1.0 -1.0 -1.0 -1.0 1.945 1.846 4.394 1308.482 1.574 890.716 -0.7301506485686152 1.0 -1.0 -1.0
22.0 0.0 Car -1.0 -1.0 -1.0 -1.0 -1.0 -1.0 -1.0 2.281 2.0 6.048 1359.885 0.697 870.189 -2.265280289458009 0.0 -1.0 -1.0
23.0 99.0 Car -1.0 -1.0 -1.0 -1.0 -1.0 -1.0 -1.0 1.73 1.562 4.084 1328.643 0.0 872.802 -0.6968414047274354 1.0 -1.0 -1.0
23.0 1.0 Truck -1.0 -1.0 -1.0 -1.0 -1.0 -1.0 -1.0 3.063 3.563 7.232 1309.503 2.202 812.233 -2.227412505107603 0.0 -1.0 -1.0
23.0 2.0 Car -1.0 -1.0 -1.0 -1.0 -1.0 -1.0 -1.0 1.945 1.846 4.394 1311.501 1.542 888.094 -0.7198820195277281 1.0 -1.0 -1.0
23.0 0.0 Car -1.0 -1.0 -1.0 -1.0 -1.0 -1.0 -1.0 2.281 2.0 6.048 1358.487 0.768 869.122 -2.265280289458009 1.0 -1.0 -1.0
24.0 99.0 Car -1.0 -1.0 -1.0 -1.0 -1.0 -1.0 -1.0 1.73 1.562 4.084 1330.11 0.0 871.569 -0.6934325067620539 1.0 -1.0 -1.0
24.0 1.0 Truck -1.0 -1.0 -1.0 -1.0 -1.0 -1.0 -1.0 3.063 3.563 7.232 1307.333 2.269 809.404 -2.210295829224332 0.0 -1.0 -1.0
24.0 2.0 Car -1.0 -1.0 -1.0 -1.0 -1.0 -1.0 -1.0 1.945 1.846 4.394 1314.18 1.511 885.771 -0.709612013997766 1.0 -1.0 -1.0
24.0 0.0 Car -1.0 -1.0 -1.0 -1.0 -1.0 -1.0 -1.0 2.281 2.0 6.048 1357.089 0.839 868.055 -2.383092724260732 1.0 -1.0 -1.0
25.0 99.0 Car -1.0 -1.0 -1.0 -1.0 -1.0 -1.0 -1.0 1.73 1.562 4.084 1331.475 0.0 870.439 -0.6889328177794299 1.0 -1.0 -1.0
25.0 2.0 Car -1.0 -1.0 -1.0 -1.0 -1.0 -1.0 -1.0 1.945 1.846 4.394 1316.856 1.48 883.45 -0.6993534312726615 1.0 -1.0 -1.0
25.0 0.0 Car -1.0 -1.0 -1.0 -1.0 -1.0 -1.0 -1.0 2.281 2.0 6.048 1355.578 0.852 867.161 -2.5007741222837154 1.0 -1.0 -1.0
26.0 99.0 Car -1.0 -1.0 -1.0 -1.0 -1.0 -1.0 -1.0 1.73 1.562 4.084 1332.716 0.0 869.425 -0.6826436913376733 1.0 -1.0 -1.0
26.0 2.0 Car -1.0 -1.0 -1.0 -1.0 -1.0 -1.0 -1.0 1.945 1.846 4.394 1319.35 1.429 881.452 -0.6957977318217843 1.0 -1.0 -1.0
26.0 0.0 Car -1.0 -1.0 -1.0 -1.0 -1.0 -1.0 -1.0 2.281 2.0 6.048 1353.971 0.865 866.45 -2.618468482578077 1.0 -1.0 -1.0
27.0 99.0 Car -1.0 -1.0 -1.0 -1.0 -1.0 -1.0 -1.0 1.73 1.562 4.084 1333.9 0.0 868.47 -0.67672541936601 1.0 -1.0 -1.0
27.0 2.0 Car -1.0 -1.0 -1.0 -1.0 -1.0 -1.0 -1.0 1.945 1.846 4.394 1321.628 1.378 879.636 -0.6922312667371004 1.0 -1.0 -1.0
27.0 0.0 Car -1.0 -1.0 -1.0 -1.0 -1.0 -1.0 -1.0 2.281 2.0 6.048 1352.287 0.852 865.931 -2.736519187496477 1.0 -1.0 -1.0
28.0 99.0 Car -1.0 -1.0 -1.0 -1.0 -1.0 -1.0 -1.0 1.73 1.562 4.084 1334.905 0.0 867.655 -0.6738856004482676 1.0 -1.0 -1.0
28.0 2.0 Car -1.0 -1.0 -1.0 -1.0 -1.0 -1.0 -1.0 1.945 1.846 4.394 1323.642 1.327 878.041 -0.6886719431409803 0.0 -1.0 -1.0
28.0 0.0 Car -1.0 -1.0 -1.0 -1.0 -1.0 -1.0 -1.0 2.281 2.0 6.048 1350.555 0.873 865.745 -2.976456500312659 0.0 -1.0 -1.0
29.0 99.0 Car -1.0 -1.0 -1.0 -1.0 -1.0 -1.0 -1.0 1.73 1.562 4.084 1335.658 0.0 867.053 -0.6707737635249232 1.0 -1.0 -1.0
29.0 2.0 Car -1.0 -1.0 -1.0 -1.0 -1.0 -1.0 -1.0 1.945 1.846 4.394 1325.158 1.281 876.851 -0.6854632502570297 0.0 -1.0 -1.0
29.0 0.0 Car -1.0 -1.0 -1.0 -1.0 -1.0 -1.0 -1.0 2.281 2.0 6.048 1348.705 0.837 865.946 3.106161796467725 0.0 -1.0 -1.0
30.0 99.0 Car -1.0 -1.0 -1.0 -1.0 -1.0 -1.0 -1.0 1.73 1.562 4.084 1336.409 0.0 866.46 -0.669729557393031 1.0 -1.0 -1.0
30.0 2.0 Car -1.0 -1.0 -1.0 -1.0 -1.0 -1.0 -1.0 1.945 1.846 4.394 1326.594 1.23 875.731 -0.6819001387527185 0.0 -1.0 -1.0
30.0 0.0 Car -1.0 -1.0 -1.0 -1.0 -1.0 -1.0 -1.0 2.281 2.0 6.048 1346.665 0.858 866.617 2.883441003925264 0.0 -1.0 -1.0
31.0 99.0 Car -1.0 -1.0 -1.0 -1.0 -1.0 -1.0 -1.0 1.73 1.562 4.084 1336.898 0.0 866.065 -0.6689910212117705 1.0 -1.0 -1.0
31.0 2.0 Car -1.0 -1.0 -1.0 -1.0 -1.0 -1.0 -1.0 1.945 1.846 4.394 1327.608 1.23 874.951 -0.6819001387527185 0.0 -1.0 -1.0
31.0 0.0 Car -1.0 -1.0 -1.0 -1.0 -1.0 -1.0 -1.0 2.281 2.0 6.048 1345.081 0.901 867.424 2.7162947156725616 0.0 -1.0 -1.0
32.0 99.0 Car -1.0 -1.0 -1.0 -1.0 -1.0 -1.0 -1.0 1.73 1.562 4.084 1337.277 0.0 865.76 -0.6683373807803449 1.0 -1.0 -1.0
32.0 2.0 Car -1.0 -1.0 -1.0 -1.0 -1.0 -1.0 -1.0 1.945 1.846 4.394 1328.663 1.18 874.062 -0.6819001387527185 0.0 -1.0 -1.0
32.0 0.0 Car -1.0 -1.0 -1.0 -1.0 -1.0 -1.0 -1.0 2.281 2.0 6.048 1343.336 0.944 868.515 2.5877010072830355 0.0 -1.0 -1.0
33.0 99.0 Car -1.0 -1.0 -1.0 -1.0 -1.0 -1.0 -1.0 1.73 1.562 4.084 1337.523 0.0 865.564 -0.6665811707665312 1.0 -1.0 -1.0
33.0 2.0 Car -1.0 -1.0 -1.0 -1.0 -1.0 -1.0 -1.0 1.945 1.846 4.394 1329.757 1.23 873.149 -0.6819001387527185 0.0 -1.0 -1.0
33.0 0.0 Car -1.0 -1.0 -1.0 -1.0 -1.0 -1.0 -1.0 2.281 2.0 6.048 1340.928 1.009 870.446 2.4820152759665683 0.0 -1.0 -1.0
34.0 99.0 Car -1.0 -1.0 -1.0 -1.0 -1.0 -1.0 -1.0 1.73 1.562 4.084 1337.628 0.0 865.481 -0.6654280647814657 1.0 -1.0 -1.0
34.0 2.0 Car -1.0 -1.0 -1.0 -1.0 -1.0 -1.0 -1.0 1.945 1.846 4.394 1330.315 1.13 872.715 -0.6819001387527185 0.0 -1.0 -1.0
34.0 0.0 Car -1.0 -1.0 -1.0 -1.0 -1.0 -1.0 -1.0 2.281 2.0 6.048 1338.342 1.063 872.441 2.487828639243224 0.0 -1.0 -1.0
35.0 99.0 Car -1.0 -1.0 -1.0 -1.0 -1.0 -1.0 -1.0 1.73 1.562 4.084 1337.707 0.0 865.416 -0.6649602026294807 1.0 -1.0 -1.0
35.0 2.0 Car -1.0 -1.0 -1.0 -1.0 -1.0 -1.0 -1.0 1.945 1.846 4.394 1330.649 1.08 872.423 -0.6819001387527185 0.0 -1.0 -1.0
35.0 0.0 Car -1.0 -1.0 -1.0 -1.0 -1.0 -1.0 -1.0 2.281 2.0 6.048 1335.754 1.116 874.438 2.4936486155074515 0.0 -1.0 -1.0
36.0 99.0 Car -1.0 -1.0 -1.0 -1.0 -1.0 -1.0 -1.0 1.73 1.562 4.084 1337.864 0.0 865.288 -0.6646290052965033 1.0 -1.0 -1.0
36.0 2.0 Car -1.0 -1.0 -1.0 -1.0 -1.0 -1.0 -1.0 1.945 1.846 4.394 1330.775 1.08 872.349 -0.6819001387527185 0.0 -1.0 -1.0
36.0 0.0 Car -1.0 -1.0 -1.0 -1.0 -1.0 -1.0 -1.0 2.281 2.0 6.048 1332.767 1.17 876.736 2.4994685684865114 0.0 -1.0 -1.0
37.0 99.0 Car -1.0 -1.0 -1.0 -1.0 -1.0 -1.0 -1.0 1.73 1.562 4.084 1338.26 0.0 864.973 -0.6658546727792102 1.0 -1.0 -1.0
37.0 2.0 Car -1.0 -1.0 -1.0 -1.0 -1.0 -1.0 -1.0 1.945 1.846 4.394 1330.901 1.08 872.275 -0.6819001387527185 0.0 -1.0 -1.0
37.0 0.0 Car -1.0 -1.0 -1.0 -1.0 -1.0 -1.0 -1.0 2.281 2.0 6.048 1329.649 1.316 879.011 2.5040640192489803 0.0 -1.0 -1.0
38.0 99.0 Car -1.0 -1.0 -1.0 -1.0 -1.0 -1.0 -1.0 1.73 1.562 4.084 1338.819 0.0 864.526 -0.6696981450763828 1.0 -1.0 -1.0
38.0 2.0 Car -1.0 -1.0 -1.0 -1.0 -1.0 -1.0 -1.0 1.945 1.846 4.394 1331.002 1.08 872.216 -0.6819001387527185 0.0 -1.0 -1.0
38.0 0.0 Car -1.0 -1.0 -1.0 -1.0 -1.0 -1.0 -1.0 2.281 2.0 6.048 1327.035 1.433 880.919 2.5077406847493147 0.0 -1.0 -1.0
39.0 99.0 Car -1.0 -1.0 -1.0 -1.0 -1.0 -1.0 -1.0 1.73 1.562 4.084 1339.766 0.0 863.774 -0.6742136493131812 1.0 -1.0 -1.0
39.0 2.0 Car -1.0 -1.0 -1.0 -1.0 -1.0 -1.0 -1.0 1.945 1.846 4.394 1331.128 1.08 872.142 -0.6819001387527185 0.0 -1.0 -1.0
39.0 0.0 Car -1.0 -1.0 -1.0 -1.0 -1.0 -1.0 -1.0 2.281 2.0 6.048 1323.678 1.579 883.371 2.512331213185495 0.0 -1.0 -1.0
