0.0 99.0 Car -1.0 -1.0 -1.0 -1.0 -1.0 -1.0 -1.0 1.73 1.562 4.084 2003.428 0.0 1236.369 -0.4841642181180101 1.0 -1.0 -1.0
0.0 0.0 Truck -1.0 -1.0 -1.0 -1.0 -1.0 -1.0 -1.0 3.342 4.488 8.787 2052.494 2.613 1191.408 1.0826102817127605 0.0 -1.0 -1.0
1.0 99.0 Car -1.0 -1.0 -1.0 -1.0 -1.0 -1.0 -1.0 1.73 1.562 4.084 2006.874 0.0 1234.556 -0.48853975122553983 1.0 -1.0 -1.0
1.0 0.0 Truck -1.0 -1.0 -1.0 -1.0 -1.0 -1.0 -1.0 3.342 4.488 8.787 2053.028 2.779 1192.756 1.100087580019998 1.0 -1.0 -1.0
2.0 99.0 Car -1.0 -1.0 -1.0 -1.0 -1.0 -1.0 -1.0 1.73 1.562 4.084 2010.208 0.0 1232.77 -0.49083073986097064 1.0 -1.0 -1.0
2.0 0.0 Truck -1.0 -1.0 -1.0 -1.0 -1.0 -1.0 -1.0 3.342 4.488 8.787 2053.491 2.944 1194.128 1.1175037483571595 0.0 -1.0 -1.0
3.0 99.0 Car -1.0 -1.0 -1.0 -1.0 -1.0 -1.0 -1.0 1.73 1.562 4.084 2013.512 0.0 1230.989 -0.491782895811496 1.0 -1.0 -1.0
3.0 0.0 Truck -1.0 -1.0 -1.0 -1.0 -1.0 -1.0 -1.0 3.342 4.488 8.787 2053.919 3.109 1195.513 1.1524234517925338 0.0 -1.0 -1.0
4.0 99.0 Car -1.0 -1.0 -1.0 -1.0 -1.0 -1.0 -1.0 1.73 1.562 4.084 2016.632 0.0 1229.297 -0.4929944317424675 1.0 -1.0 -1.0
4.0 0.0 Truck -1.0 -1.0 -1.0 -1.0 -1.0 -1.0 -1.0 3.342 4.488 8.787 2054.576 2.991 1197.173 1.1559882622286588 0.0 -1.0 -1.0
5.0 99.0 Car -1.0 -1.0 -1.0 -1.0 -1.0 -1.0 -1.0 1.73 1.562 4.084 2019.488 0.0 1227.73 -0.4946538348307674 1.0 -1.0 -1.0
5.0 0.0 Truck -1.0 -1.0 -1.0 -1.0 -1.0 -1.0 -1.0 3.342 4.488 8.787 2055.232 2.873 1198.831 1.1595491762299934 0.0 -1.0 -1.0
6.0 99.0 Car -1.0 -1.0 -1.0 -1.0 -1.0 -1.0 -1.0 1.73 1.562 4.084 2022.092 0.0 1226.296 -0.4944262358465482 1.0 -1.0 -1.0
6.0 0.0 Truck -1.0 -1.0 -1.0 -1.0 -1.0 -1.0 -1.0 3.342 4.488 8.787 2055.888 2.755 1200.49 1.1631136305020608 0.0 -1.0 -1.0
7.0 99.0 Car -1.0 -1.0 -1.0 -1.0 -1.0 -1.0 -1.0 1.73 1.562 4.084 2024.197 0.0 1225.128 -0.4938990039466048 1.0 -1.0 -1.0
7.0 0.0 Truck -1.0 -1.0 -1.0 -1.0 -1.0 -1.0 -1.0 3.342 4.488 8.787 2056.478 2.649 1201.981 1.1663159371603595 0.0 -1.0 -1.0
8.0 99.0 Car -1.0 -1.0 -1.0 -1.0 -1.0 -1.0 -1.0 1.73 1.562 4.084 2026.307 0.0 1223.969 -0.4929038879903986 1.0 -1.0 -1.0
8.0 0.0 Truck -1.0 -1.0 -1.0 -1.0 -1.0 -1.0 -1.0 3.342 4.488 8.787 2057.134 2.531 1203.639 1.1698767443124771 0.0 -1.0 -1.0
9.0 99.0 Car -1.0 -1.0 -1.0 -1.0 -1.0 -1.0 -1.0 1.73 1.562 4.084 2028.372 0.0 1222.84 -0.4936292890877592 1.0 -1.0 -1.0
9.0 0.0 Truck -1.0 -1.0 -1.0 -1.0 -1.0 -1.0 -1.0 3.342 4.488 8.787 2057.905 2.468 1205.49 1.1839068567429054 0.0 -1.0 -1.0
10.0 99.0 Car -1.0 -1.0 -1.0 -1.0 -1.0 -1.0 -1.0 1.73 1.562 4.084 2030.632 0.0 1221.608 -0.4943584067489559 1.0 -1.0 -1.0
10.0 0.0 Truck -1.0 -1.0 -1.0 -1.0 -1.0 -1.0 -1.0 3.342 4.488 8.787 2058.753 2.399 1207.524 1.1801427508909388 0.0 -1.0 -1.0
11.0 99.0 Car -1.0 -1.0 -1.0 -1.0 -1.0 -1.0 -1.0 1.73 1.562 4.084 2032.728 0.0 1220.453 -0.496669197695908 1.0 -1.0 -1.0
11.0 0.0 Truck -1.0 -1.0 -1.0 -1.0 -1.0 -1.0 -1.0 3.342 4.488 8.787 2059.524 2.335 1209.375 1.1767194749261114 0.0 -1.0 -1.0
12.0 99.0 Car -1.0 -1.0 -1.0 -1.0 -1.0 -1.0 -1.0 1.73 1.562 4.084 2034.695 0.0 1219.369 -0.49900888296027346 1.0 -1.0 -1.0
12.0 0.0 Truck -1.0 -1.0 -1.0 -1.0 -1.0 -1.0 -1.0 3.342 4.488 8.787 2060.294 2.272 1211.223 1.173299890160809 0.0 -1.0 -1.0
13.0 99.0 Car -1.0 -1.0 -1.0 -1.0 -1.0 -1.0 -1.0 1.73 1.562 4.084 2036.408 0.0 1218.413 -0.5014205691093706 1.0 -1.0 -1.0
13.0 0.0 Truck -1.0 -1.0 -1.0 -1.0 -1.0 -1.0 -1.0 3.342 4.488 8.787 2061.065 2.174 1213.074 1.1349701592725903 0.0 -1.0 -1.0
