0.0 99.0 Car -1.0 -1.0 -1.0 -1.0 -1.0 -1.0 -1.0 1.73 1.562 4.084 951.534 0.0 399.598 -2.273109208708202 1.0 -1.0 -1.0
0.0 3.0 Car -1.0 -1.0 -1.0 -1.0 -1.0 -1.0 -1.0 2.055 1.858 4.623 957.046 0.871 405.938 -2.299628369128955 0.0 -1.0 -1.0
0.0 0.0 Car -1.0 -1.0 -1.0 -1.0 -1.0 -1.0 -1.0 1.843 1.824 4.507 923.272 1.086 367.035 -2.3416035376551454 0.0 -1.0 -1.0
0.0 1.0 Car -1.0 -1.0 -1.0 -1.0 -1.0 -1.0 -1.0 1.871 1.9 4.652 959.895 0.778 393.463 2.4275086434102153 0.0 -1.0 -1.0
1.0 99.0 Car -1.0 -1.0 -1.0 -1.0 -1.0 -1.0 -1.0 1.73 1.562 4.084 950.582 0.0 398.497 -2.280485963345267 1.0 -1.0 -1.0
1.0 3.0 Car -1.0 -1.0 -1.0 -1.0 -1.0 -1.0 -1.0 2.055 1.858 4.623 955.817 0.871 404.412 -2.299628369128955 1.0 -1.0 -1.0
1.0 0.0 Car -1.0 -1.0 -1.0 -1.0 -1.0 -1.0 -1.0 1.843 1.824 4.507 920.92 1.086 364.571 -2.3416035376551454 1.0 -1.0 -1.0
1.0 1.0 Car -1.0 -1.0 -1.0 -1.0 -1.0 -1.0 -1.0 1.871 1.9 4.652 959.882 0.828 393.496 2.4275086434102153 1.0 -1.0 -1.0
2.0 99.0 Car -1.0 -1.0 -1.0 -1.0 -1.0 -1.0 -1.0 1.73 1.562 4.084 949.669 0.0 397.463 -2.2886186331702656 1.0 -1.0 -1.0
2.0 3.0 Car -1.0 -1.0 -1.0 -1.0 -1.0 -1.0 -1.0 2.055 1.858 4.623 954.697 0.871 403.296 -2.299628369128955 1.0 -1.0 -1.0
2.0 0.0 Car -1.0 -1.0 -1.0 -1.0 -1.0 -1.0 -1.0 1.843 1.824 4.507 918.439 1.096 361.806 -2.3346223100302996 1.0 -1.0 -1.0
2.0 1.0 Car -1.0 -1.0 -1.0 -1.0 -1.0 -1.0 -1.0 1.871 1.9 4.652 959.868 0.778 393.529 2.4275086434102153 1.0 -1.0 -1.0
3.0 99.0 Car -1.0 -1.0 -1.0 -1.0 -1.0 -1.0 -1.0 1.73 1.562 4.084 948.678 0.0 396.36 -2.2941162423421138 1.0 -1.0 -1.0
3.0 3.0 Car -1.0 -1.0 -1.0 -1.0 -1.0 -1.0 -1.0 2.055 1.858 4.623 953.796 0.871 402.281 -2.299628369128955 1.0 -1.0 -1.0
3.0 0.0 Car -1.0 -1.0 -1.0 -1.0 -1.0 -1.0 -1.0 1.843 1.824 4.507 915.957 1.106 359.04 -2.3276409148120822 1.0 -1.0 -1.0
3.0 1.0 Car -1.0 -1.0 -1.0 -1.0 -1.0 -1.0 -1.0 1.871 1.9 4.652 959.923 0.828 393.587 2.4275086434102153 1.0 -1.0 -1.0
4.0 99.0 Car -1.0 -1.0 -1.0 -1.0 -1.0 -1.0 -1.0 1.73 1.562 4.084 947.402 0.0 394.935 -2.297666203761433 1.0 -1.0 -1.0
4.0 3.0 Car -1.0 -1.0 -1.0 -1.0 -1.0 -1.0 -1.0 2.055 1.858 4.623 952.897 0.888 401.265 -2.299628369128955 1.0 -1.0 -1.0
4.0 0.0 Car -1.0 -1.0 -1.0 -1.0 -1.0 -1.0 -1.0 1.843 1.824 4.507 913.476 1.116 356.274 -2.320659701153351 1.0 -1.0 -1.0
4.0 1.0 Car -1.0 -1.0 -1.0 -1.0 -1.0 -1.0 -1.0 1.871 1.9 4.652 959.895 0.828 393.548 2.4275086434102153 1.0 -1.0 -1.0
5.0 99.0 Car -1.0 -1.0 -1.0 -1.0 -1.0 -1.0 -1.0 1.73 1.562 4.084 945.893 0.0 393.266 -2.3005918769348246 1.0 -1.0 -1.0
5.0 3.0 Car -1.0 -1.0 -1.0 -1.0 -1.0 -1.0 -1.0 2.055 1.858 4.623 951.997 0.904 400.248 -2.299628369128955 1.0 -1.0 -1.0
5.0 0.0 Car -1.0 -1.0 -1.0 -1.0 -1.0 -1.0 -1.0 1.843 1.824 4.507 910.995 1.126 353.508 -2.313678138341761 1.0 -1.0 -1.0
5.0 1.0 Car -1.0 -1.0 -1.0 -1.0 -1.0 -1.0 -1.0 1.871 1.9 4.652 959.853 0.778 393.613 2.4275086434102153 1.0 -1.0 -1.0
6.0 99.0 Car -1.0 -1.0 -1.0 -1.0 -1.0 -1.0 -1.0 1.73 1.562 4.084 944.269 0.0 391.462 -2.297350214469958 1.0 -1.0 -1.0
6.0 3.0 Car -1.0 -1.0 -1.0 -1.0 -1.0 -1.0 -1.0 2.055 1.858 4.623 951.034 0.921 399.161 -2.299628369128955 1.0 -1.0 -1.0
6.0 0.0 Car -1.0 -1.0 -1.0 -1.0 -1.0 -1.0 -1.0 1.843 1.824 4.507 908.514 1.136 350.743 -2.3066969526152588 1.0 -1.0 -1.0
6.0 1.0 Car -1.0 -1.0 -1.0 -1.0 -1.0 -1.0 -1.0 1.871 1.9 4.652 959.699 0.754 393.713 2.4275086434102153 1.0 -1.0 -1.0
7.0 99.0 Car -1.0 -1.0 -1.0 -1.0 -1.0 -1.0 -1.0 1.73 1.562 4.084 942.469 0.0 389.457 -2.290645573396321 1.0 -1.0 -1.0
7.0 3.0 Car -1.0 -1.0 -1.0 -1.0 -1.0 -1.0 -1.0 2.055 1.858 4.623 949.735 0.939 397.696 -2.299628369128955 1.0 -1.0 -1.0
7.0 0.0 Car -1.0 -1.0 -1.0 -1.0 -1.0 -1.0 -1.0 1.843 1.824 4.507 906.353 1.188 348.349 -2.3066969526152588 1.0 -1.0 -1.0
7.0 1.0 Car -1.0 -1.0 -1.0 -1.0 -1.0 -1.0 -1.0 1.871 1.9 4.652 959.529 0.728 393.822 2.4275086434102153 1.0 -1.0 -1.0
8.0 99.0 Car -1.0 -1.0 -1.0 -1.0 -1.0 -1.0 -1.0 1.73 1.562 4.084 940.813 0.0 387.574 -2.2796637952897716 1.0 -1.0 -1.0
8.0 3.0 Car -1.0 -1.0 -1.0 -1.0 -1.0 -1.0 -1.0 2.055 1.858 4.623 948.339 0.956 396.124 -2.299628369128955 1.0 -1.0 -1.0
8.0 0.0 Car -1.0 -1.0 -1.0 -1.0 -1.0 -1.0 -1.0 1.843 1.824 4.507 904.386 1.236 346.17 -2.3066969526152588 1.0 -1.0 -1.0
8.0 1.0 Car -1.0 -1.0 -1.0 -1.0 -1.0 -1.0 -1.0 1.871 1.9 4.652 959.511 0.778 393.838 2.4275086434102153 1.0 -1.0 -1.0
9.0 99.0 Car -1.0 -1.0 -1.0 -1.0 -1.0 -1.0 -1.0 1.73 1.562 4.084 939.333 0.0 385.86 -2.2682954904139208 1.0 -1.0 -1.0
9.0 3.0 Car -1.0 -1.0 -1.0 -1.0 -1.0 -1.0 -1.0 2.055 1.858 4.623 947.085 0.971 394.712 -2.299628369128955 1.0 -1.0 -1.0
9.0 0.0 Car -1.0 -1.0 -1.0 -1.0 -1.0 -1.0 -1.0 1.843 1.824 4.507 902.618 1.278 344.212 -2.3066969526152588 1.0 -1.0 -1.0
9.0 1.0 Car -1.0 -1.0 -1.0 -1.0 -1.0 -1.0 -1.0 1.871 1.9 4.652 959.24 0.778 394.024 2.4449619359301584 1.0 -1.0 -1.0
10.0 99.0 Car -1.0 -1.0 -1.0 -1.0 -1.0 -1.0 -1.0 1.73 1.562 4.084 937.516 0.0 383.677 -2.2558441212058913 1.0 -1.0 -1.0
10.0 3.0 Car -1.0 -1.0 -1.0 -1.0 -1.0 -1.0 -1.0 2.055 1.858 4.623 945.583 0.975 392.983 -2.2953685118719864 1.0 -1.0 -1.0
10.0 0.0 Car -1.0 -1.0 -1.0 -1.0 -1.0 -1.0 -1.0 1.843 1.824 4.507 900.953 1.326 342.429 -2.3066969526152588 1.0 -1.0 -1.0
10.0 1.0 Car -1.0 -1.0 -1.0 -1.0 -1.0 -1.0 -1.0 1.871 1.9 4.652 958.71 0.778 394.343 2.479868520970045 1.0 -1.0 -1.0
11.0 99.0 Car -1.0 -1.0 -1.0 -1.0 -1.0 -1.0 -1.0 1.73 1.562 4.084 935.558 0.0 381.289 -2.245362356097721 1.0 -1.0 -1.0
11.0 3.0 Car -1.0 -1.0 -1.0 -1.0 -1.0 -1.0 -1.0 2.055 1.858 4.623 943.966 0.98 391.126 -2.291113455499623 1.0 -1.0 -1.0
11.0 0.0 Car -1.0 -1.0 -1.0 -1.0 -1.0 -1.0 -1.0 1.843 1.824 4.507 899.523 1.325 340.903 -2.3066969526152588 1.0 -1.0 -1.0
11.0 1.0 Car -1.0 -1.0 -1.0 -1.0 -1.0 -1.0 -1.0 1.871 1.9 4.652 957.411 0.787 395.109 2.6139970117118962 1.0 -1.0 -1.0
12.0 99.0 Car -1.0 -1.0 -1.0 -1.0 -1.0 -1.0 -1.0 1.73 1.562 4.084 933.369 0.0 378.565 -2.236699709413053 1.0 -1.0 -1.0
12.0 3.0 Car -1.0 -1.0 -1.0 -1.0 -1.0 -1.0 -1.0 2.055 1.858 4.623 942.009 0.985 388.881 -2.286430081908135 1.0 -1.0 -1.0
12.0 0.0 Car -1.0 -1.0 -1.0 -1.0 -1.0 -1.0 -1.0 1.843 1.824 4.507 897.949 1.323 339.225 -2.3066969526152588 1.0 -1.0 -1.0
12.0 1.0 Car -1.0 -1.0 -1.0 -1.0 -1.0 -1.0 -1.0 1.871 1.9 4.652 955.711 0.796 395.309 2.90828076570682 1.0 -1.0 -1.0
13.0 99.0 Car -1.0 -1.0 -1.0 -1.0 -1.0 -1.0 -1.0 1.73 1.562 4.084 931.451 0.0 376.15 -2.229305659964737 1.0 -1.0 -1.0
13.0 3.0 Car -1.0 -1.0 -1.0 -1.0 -1.0 -1.0 -1.0 2.055 1.858 4.623 940.153 0.989 386.751 -2.2821750766090125 1.0 -1.0 -1.0
13.0 0.0 Car -1.0 -1.0 -1.0 -1.0 -1.0 -1.0 -1.0 1.843 1.824 4.507 896.519 1.322 337.699 -2.3066969526152588 0.0 -1.0 -1.0
13.0 1.0 Car -1.0 -1.0 -1.0 -1.0 -1.0 -1.0 -1.0 1.871 1.9 4.652 953.5 0.828 395.227 -3.1360587435133693 1.0 -1.0 -1.0
14.0 99.0 Car -1.0 -1.0 -1.0 -1.0 -1.0 -1.0 -1.0 1.73 1.562 4.084 929.636 0.0 373.837 -2.226024373001845 1.0 -1.0 -1.0
14.0 3.0 Car -1.0 -1.0 -1.0 -1.0 -1.0 -1.0 -1.0 2.055 1.858 4.623 938.302 1.004 384.646 -2.285739925571415 1.0 -1.0 -1.0
14.0 0.0 Car -1.0 -1.0 -1.0 -1.0 -1.0 -1.0 -1.0 1.843 1.824 4.507 895.088 1.321 336.172 -2.3066969526152588 0.0 -1.0 -1.0
14.0 1.0 Car -1.0 -1.0 -1.0 -1.0 -1.0 -1.0 -1.0 1.871 1.9 4.652 951.15 0.961 394.671 -2.9440725257939926 1.0 -1.0 -1.0
15.0 99.0 Car -1.0 -1.0 -1.0 -1.0 -1.0 -1.0 -1.0 1.73 1.562 4.084 927.786 0.0 371.491 -2.2380739047856744 1.0 -1.0 -1.0
15.0 3.0 Car -1.0 -1.0 -1.0 -1.0 -1.0 -1.0 -1.0 2.055 1.858 4.623 936.453 1.019 382.543 -2.2893004150821934 1.0 -1.0 -1.0
15.0 0.0 Car -1.0 -1.0 -1.0 -1.0 -1.0 -1.0 -1.0 1.843 1.824 4.507 894.217 1.281 335.312 -2.3156457256996377 0.0 -1.0 -1.0
15.0 1.0 Car -1.0 -1.0 -1.0 -1.0 -1.0 -1.0 -1.0 1.871 1.9 4.652 948.901 1.043 393.576 -2.7171899360602896 1.0 -1.0 -1.0
16.0 99.0 Car -1.0 -1.0 -1.0 -1.0 -1.0 -1.0 -1.0 1.73 1.562 4.084 925.878 0.0 369.146 -2.258854756565204 1.0 -1.0 -1.0
16.0 3.0 Car -1.0 -1.0 -1.0 -1.0 -1.0 -1.0 -1.0 2.055 1.858 4.623 934.565 1.033 380.394 -2.292861225140886 1.0 -1.0 -1.0
16.0 0.0 Car -1.0 -1.0 -1.0 -1.0 -1.0 -1.0 -1.0 1.843 1.824 4.507 893.374 1.241 334.483 -2.324595304434624 0.0 -1.0 -1.0
16.0 1.0 Car -1.0 -1.0 -1.0 -1.0 -1.0 -1.0 -1.0 1.871 1.9 4.652 946.957 1.125 392.003 -2.4902869202754694 1.0 -1.0 -1.0
17.0 99.0 Car -1.0 -1.0 -1.0 -1.0 -1.0 -1.0 -1.0 1.73 1.562 4.084 923.912 0.0 366.843 -2.283381580407804 1.0 -1.0 -1.0
17.0 3.0 Car -1.0 -1.0 -1.0 -1.0 -1.0 -1.0 -1.0 2.055 1.858 4.623 932.676 1.048 378.246 -2.296422013829718 1.0 -1.0 -1.0
17.0 0.0 Car -1.0 -1.0 -1.0 -1.0 -1.0 -1.0 -1.0 1.843 1.824 4.507 892.532 1.202 333.653 -2.3335448294595706 0.0 -1.0 -1.0
17.0 1.0 Car -1.0 -1.0 -1.0 -1.0 -1.0 -1.0 -1.0 1.871 1.9 4.652 944.406 1.207 389.883 -2.403020457675754 1.0 -1.0 -1.0
18.0 99.0 Car -1.0 -1.0 -1.0 -1.0 -1.0 -1.0 -1.0 1.73 1.562 4.084 922.046 0.0 364.736 -2.3047056152238623 1.0 -1.0 -1.0
18.0 3.0 Car -1.0 -1.0 -1.0 -1.0 -1.0 -1.0 -1.0 2.055 1.858 4.623 930.884 1.061 376.208 -2.299628369128955 1.0 -1.0 -1.0
18.0 0.0 Car -1.0 -1.0 -1.0 -1.0 -1.0 -1.0 -1.0 1.843 1.824 4.507 891.773 1.166 332.906 -2.3416035376551454 0.0 -1.0 -1.0
18.0 2.0 Car -1.0 -1.0 -1.0 -1.0 -1.0 -1.0 -1.0 1.712 1.496 4.604 894.328 0.84 316.228 2.3718537354047333 0.0 -1.0 -1.0
18.0 1.0 Car -1.0 -1.0 -1.0 -1.0 -1.0 -1.0 -1.0 1.871 1.9 4.652 942.136 1.181 387.725 -2.3506605801159246 1.0 -1.0 -1.0
19.0 99.0 Car -1.0 -1.0 -1.0 -1.0 -1.0 -1.0 -1.0 1.73 1.562 4.084 919.943 0.0 362.468 -2.3253594221979585 1.0 -1.0 -1.0
19.0 3.0 Car -1.0 -1.0 -1.0 -1.0 -1.0 -1.0 -1.0 2.055 1.858 4.623 928.811 1.038 373.911 -2.3039904618387315 1.0 -1.0 -1.0
19.0 0.0 Car -1.0 -1.0 -1.0 -1.0 -1.0 -1.0 -1.0 1.843 1.824 4.507 891.042 1.101 332.246 -2.3852358960878717 0.0 -1.0 -1.0
19.0 2.0 Car -1.0 -1.0 -1.0 -1.0 -1.0 -1.0 -1.0 1.712 1.496 4.604 893.299 0.733 317.159 2.3718537354047333 1.0 -1.0 -1.0
19.0 1.0 Car -1.0 -1.0 -1.0 -1.0 -1.0 -1.0 -1.0 1.871 1.9 4.652 939.848 1.156 385.592 -2.385567165155811 1.0 -1.0 -1.0
20.0 99.0 Car -1.0 -1.0 -1.0 -1.0 -1.0 -1.0 -1.0 1.73 1.562 4.084 917.871 0.0 360.312 -2.338147834333512 1.0 -1.0 -1.0
20.0 3.0 Car -1.0 -1.0 -1.0 -1.0 -1.0 -1.0 -1.0 2.055 1.858 4.623 926.737 1.016 371.613 -2.3083527290761965 1.0 -1.0 -1.0
20.0 0.0 Car -1.0 -1.0 -1.0 -1.0 -1.0 -1.0 -1.0 1.843 1.824 4.507 890.282 1.036 331.618 -2.428870000254861 0.0 -1.0 -1.0
20.0 2.0 Car -1.0 -1.0 -1.0 -1.0 -1.0 -1.0 -1.0 1.712 1.496 4.604 892.821 0.713 317.687 2.3718537354047333 1.0 -1.0 -1.0
20.0 1.0 Car -1.0 -1.0 -1.0 -1.0 -1.0 -1.0 -1.0 1.871 1.9 4.652 937.682 1.143 383.325 -2.362303926568157 1.0 -1.0 -1.0
21.0 99.0 Car -1.0 -1.0 -1.0 -1.0 -1.0 -1.0 -1.0 1.73 1.562 4.084 915.978 0.0 358.377 -2.340478915411576 1.0 -1.0 -1.0
21.0 3.0 Car -1.0 -1.0 -1.0 -1.0 -1.0 -1.0 -1.0 2.055 1.858 4.623 924.469 0.993 369.101 -2.31271962129743 1.0 -1.0 -1.0
21.0 0.0 Car -1.0 -1.0 -1.0 -1.0 -1.0 -1.0 -1.0 1.843 1.824 4.507 889.346 0.951 331.015 -2.530178676826515 0.0 -1.0 -1.0
21.0 2.0 Car -1.0 -1.0 -1.0 -1.0 -1.0 -1.0 -1.0 1.712 1.496 4.604 892.611 0.637 317.774 2.41551121969932 1.0 -1.0 -1.0
21.0 1.0 Car -1.0 -1.0 -1.0 -1.0 -1.0 -1.0 -1.0 1.871 1.9 4.652 935.595 1.129 380.981 -2.339016023718777 1.0 -1.0 -1.0
22.0 99.0 Car -1.0 -1.0 -1.0 -1.0 -1.0 -1.0 -1.0 1.73 1.562 4.084 914.315 0.0 356.671 -2.3389499963323073 1.0 -1.0 -1.0
22.0 3.0 Car -1.0 -1.0 -1.0 -1.0 -1.0 -1.0 -1.0 2.055 1.858 4.623 922.203 0.97 366.592 -2.3170816616488987 1.0 -1.0 -1.0
22.0 0.0 Car -1.0 -1.0 -1.0 -1.0 -1.0 -1.0 -1.0 1.843 1.824 4.507 888.605 0.866 330.634 -2.613940892697778 0.0 -1.0 -1.0
22.0 2.0 Car -1.0 -1.0 -1.0 -1.0 -1.0 -1.0 -1.0 1.712 1.496 4.604 892.397 0.56 317.851 2.45912019800445 1.0 -1.0 -1.0
22.0 1.0 Car -1.0 -1.0 -1.0 -1.0 -1.0 -1.0 -1.0 1.871 1.9 4.652 933.51 1.116 378.641 -2.3157539950760384 1.0 -1.0 -1.0
23.0 99.0 Car -1.0 -1.0 -1.0 -1.0 -1.0 -1.0 -1.0 1.73 1.562 4.084 912.781 0.0 355.093 -2.335934815182606 1.0 -1.0 -1.0
23.0 3.0 Car -1.0 -1.0 -1.0 -1.0 -1.0 -1.0 -1.0 2.055 1.858 4.623 920.125 0.959 364.31 -2.3170816616488987 1.0 -1.0 -1.0
23.0 0.0 Car -1.0 -1.0 -1.0 -1.0 -1.0 -1.0 -1.0 1.843 1.824 4.507 887.076 0.93 330.064 -2.6976111133692813 0.0 -1.0 -1.0
23.0 2.0 Car -1.0 -1.0 -1.0 -1.0 -1.0 -1.0 -1.0 1.712 1.496 4.604 892.222 0.553 317.994 2.536342075255804 1.0 -1.0 -1.0
23.0 1.0 Car -1.0 -1.0 -1.0 -1.0 -1.0 -1.0 -1.0 1.871 1.9 4.652 931.403 1.078 376.372 -2.3157539950760384 1.0 -1.0 -1.0
24.0 99.0 Car -1.0 -1.0 -1.0 -1.0 -1.0 -1.0 -1.0 1.73 1.562 4.084 911.028 0.0 353.276 -2.3277990942952034 1.0 -1.0 -1.0
24.0 3.0 Car -1.0 -1.0 -1.0 -1.0 -1.0 -1.0 -1.0 2.055 1.858 4.623 918.017 0.948 361.993 -2.3170816616488987 1.0 -1.0 -1.0
24.0 0.0 Car -1.0 -1.0 -1.0 -1.0 -1.0 -1.0 -1.0 1.843 1.824 4.507 885.268 0.892 329.536 -2.7898097414938885 0.0 -1.0 -1.0
24.0 2.0 Car -1.0 -1.0 -1.0 -1.0 -1.0 -1.0 -1.0 1.712 1.496 4.604 891.932 0.495 318.221 2.62143508787895 0.0 -1.0 -1.0
24.0 1.0 Car -1.0 -1.0 -1.0 -1.0 -1.0 -1.0 -1.0 1.871 1.9 4.652 929.08 1.035 373.872 -2.3157539950760384 1.0 -1.0 -1.0
25.0 99.0 Car -1.0 -1.0 -1.0 -1.0 -1.0 -1.0 -1.0 1.73 1.562 4.084 909.424 0.0 351.591 -2.32044090058356 1.0 -1.0 -1.0
25.0 3.0 Car -1.0 -1.0 -1.0 -1.0 -1.0 -1.0 -1.0 2.055 1.858 4.623 916.257 0.937 360.055 -2.3170816616488987 1.0 -1.0 -1.0
25.0 2.0 Car -1.0 -1.0 -1.0 -1.0 -1.0 -1.0 -1.0 1.712 1.496 4.604 891.356 0.537 318.587 2.6986565011671226 0.0 -1.0 -1.0
25.0 1.0 Car -1.0 -1.0 -1.0 -1.0 -1.0 -1.0 -1.0 1.871 1.9 4.652 926.972 0.997 371.603 -2.3157539950760384 1.0 -1.0 -1.0
26.0 99.0 Car -1.0 -1.0 -1.0 -1.0 -1.0 -1.0 -1.0 1.73 1.562 4.084 907.779 0.0 349.831 -2.3095561201575583 1.0 -1.0 -1.0
26.0 3.0 Car -1.0 -1.0 -1.0 -1.0 -1.0 -1.0 -1.0 2.055 1.858 4.623 914.494 0.926 358.114 -2.3170816616488987 1.0 -1.0 -1.0
26.0 2.0 Car -1.0 -1.0 -1.0 -1.0 -1.0 -1.0 -1.0 1.712 1.496 4.604 889.968 0.48 319.248 2.776045714472554 0.0 -1.0 -1.0
26.0 1.0 Car -1.0 -1.0 -1.0 -1.0 -1.0 -1.0 -1.0 1.871 1.9 4.652 924.859 0.958 369.329 -2.3157539950760384 1.0 -1.0 -1.0
27.0 99.0 Car -1.0 -1.0 -1.0 -1.0 -1.0 -1.0 -1.0 1.73 1.562 4.084 906.14 0.0 348.022 -2.295981833936623 1.0 -1.0 -1.0
27.0 3.0 Car -1.0 -1.0 -1.0 -1.0 -1.0 -1.0 -1.0 2.055 1.858 4.623 912.767 0.928 356.213 -2.3170816616488987 1.0 -1.0 -1.0
27.0 2.0 Car -1.0 -1.0 -1.0 -1.0 -1.0 -1.0 -1.0 1.712 1.496 4.604 888.565 0.472 319.798 2.85343879413783 0.0 -1.0 -1.0
27.0 1.0 Car -1.0 -1.0 -1.0 -1.0 -1.0 -1.0 -1.0 1.871 1.9 4.652 922.747 0.919 367.055 -2.3157539950760384 1.0 -1.0 -1.0
28.0 99.0 Car -1.0 -1.0 -1.0 -1.0 -1.0 -1.0 -1.0 1.73 1.562 4.084 904.561 0.0 346.232 -2.2832558853550706 1.0 -1.0 -1.0
28.0 3.0 Car -1.0 -1.0 -1.0 -1.0 -1.0 -1.0 -1.0 2.055 1.858 4.623 911.084 0.93 354.358 -2.3170816616488987 0.0 -1.0 -1.0
28.0 2.0 Car -1.0 -1.0 -1.0 -1.0 -1.0 -1.0 -1.0 1.712 1.496 4.604 886.378 0.615 319.813 3.079825937682342 0.0 -1.0 -1.0
28.0 1.0 Car -1.0 -1.0 -1.0 -1.0 -1.0 -1.0 -1.0 1.871 1.9 4.652 921.38 0.89 365.575 -2.3157539950760384 0.0 -1.0 -1.0
29.0 99.0 Car -1.0 -1.0 -1.0 -1.0 -1.0 -1.0 -1.0 1.73 1.562 4.084 903.128 0.0 344.585 -2.2802755816438585 1.0 -1.0 -1.0
29.0 3.0 Car -1.0 -1.0 -1.0 -1.0 -1.0 -1.0 -1.0 2.055 1.858 4.623 909.423 0.932 352.527 -2.3170816616488987 0.0 -1.0 -1.0
29.0 2.0 Car -1.0 -1.0 -1.0 -1.0 -1.0 -1.0 -1.0 1.712 1.496 4.604 883.9 0.557 319.247 -2.8896961607309444 0.0 -1.0 -1.0
29.0 1.0 Car -1.0 -1.0 -1.0 -1.0 -1.0 -1.0 -1.0 1.871 1.9 4.652 920.013 0.862 364.094 -2.3157539950760384 0.0 -1.0 -1.0
30.0 99.0 Car -1.0 -1.0 -1.0 -1.0 -1.0 -1.0 -1.0 1.73 1.562 4.084 901.802 0.0 343.097 -2.3019937835473536 1.0 -1.0 -1.0
30.0 3.0 Car -1.0 -1.0 -1.0 -1.0 -1.0 -1.0 -1.0 2.055 1.858 4.623 907.763 0.934 350.697 -2.3170816616488987 0.0 -1.0 -1.0
30.0 2.0 Car -1.0 -1.0 -1.0 -1.0 -1.0 -1.0 -1.0 1.712 1.496 4.604 881.138 0.55 317.965 -2.64608744011212 0.0 -1.0 -1.0
30.0 1.0 Car -1.0 -1.0 -1.0 -1.0 -1.0 -1.0 -1.0 1.871 1.9 4.652 918.648 0.833 362.615 -2.3157539950760384 0.0 -1.0 -1.0
31.0 99.0 Car -1.0 -1.0 -1.0 -1.0 -1.0 -1.0 -1.0 1.73 1.562 4.084 900.577 0.0 341.774 -2.3197098147193906 1.0 -1.0 -1.0
31.0 3.0 Car -1.0 -1.0 -1.0 -1.0 -1.0 -1.0 -1.0 2.055 1.858 4.623 906.252 0.946 349.025 -2.313587929845002 0.0 -1.0 -1.0
31.0 2.0 Car -1.0 -1.0 -1.0 -1.0 -1.0 -1.0 -1.0 1.712 1.496 4.604 878.145 0.592 316.154 -2.5069726042416294 0.0 -1.0 -1.0
31.0 1.0 Car -1.0 -1.0 -1.0 -1.0 -1.0 -1.0 -1.0 1.871 1.9 4.652 917.05 0.867 360.811 -2.302653206972433 0.0 -1.0 -1.0
32.0 99.0 Car -1.0 -1.0 -1.0 -1.0 -1.0 -1.0 -1.0 1.73 1.562 4.084 899.396 0.0 340.529 -2.3249971028718592 1.0 -1.0 -1.0
32.0 3.0 Car -1.0 -1.0 -1.0 -1.0 -1.0 -1.0 -1.0 2.055 1.858 4.623 904.743 0.958 347.354 -2.310098086791784 0.0 -1.0 -1.0
32.0 2.0 Car -1.0 -1.0 -1.0 -1.0 -1.0 -1.0 -1.0 1.712 1.496 4.604 874.875 0.585 313.278 -2.3855436113473254 0.0 -1.0 -1.0
32.0 1.0 Car -1.0 -1.0 -1.0 -1.0 -1.0 -1.0 -1.0 1.871 1.9 4.652 915.502 0.9 358.969 -2.2895670008978706 0.0 -1.0 -1.0
33.0 99.0 Car -1.0 -1.0 -1.0 -1.0 -1.0 -1.0 -1.0 1.73 1.562 4.084 898.343 0.0 339.413 -2.3243654782423415 1.0 -1.0 -1.0
33.0 3.0 Car -1.0 -1.0 -1.0 -1.0 -1.0 -1.0 -1.0 2.055 1.858 4.623 903.455 0.97 345.926 -2.306608145996179 0.0 -1.0 -1.0
33.0 2.0 Car -1.0 -1.0 -1.0 -1.0 -1.0 -1.0 -1.0 1.712 1.496 4.604 872.067 0.657 310.434 -2.3471463678034508 0.0 -1.0 -1.0
33.0 1.0 Car -1.0 -1.0 -1.0 -1.0 -1.0 -1.0 -1.0 1.871 1.9 4.652 913.954 0.934 357.126 -2.2764804283091125 0.0 -1.0 -1.0
34.0 99.0 Car -1.0 -1.0 -1.0 -1.0 -1.0 -1.0 -1.0 1.73 1.562 4.084 897.442 0.0 338.464 -2.320300051440806 1.0 -1.0 -1.0
34.0 3.0 Car -1.0 -1.0 -1.0 -1.0 -1.0 -1.0 -1.0 2.055 1.858 4.623 902.339 0.981 344.686 -2.303118275016565 0.0 -1.0 -1.0
34.0 2.0 Car -1.0 -1.0 -1.0 -1.0 -1.0 -1.0 -1.0 1.712 1.496 4.604 868.675 0.73 306.893 -2.3436561282815522 0.0 -1.0 -1.0
34.0 1.0 Car -1.0 -1.0 -1.0 -1.0 -1.0 -1.0 -1.0 1.871 1.9 4.652 912.405 0.968 355.283 -2.2633941175162087 0.0 -1.0 -1.0
35.0 99.0 Car -1.0 -1.0 -1.0 -1.0 -1.0 -1.0 -1.0 1.73 1.562 4.084 896.661 0.0 337.642 -2.3132995320198666 1.0 -1.0 -1.0
35.0 3.0 Car -1.0 -1.0 -1.0 -1.0 -1.0 -1.0 -1.0 2.055 1.858 4.623 901.393 0.993 343.635 -2.299628369128955 0.0 -1.0 -1.0
35.0 2.0 Car -1.0 -1.0 -1.0 -1.0 -1.0 -1.0 -1.0 1.712 1.496 4.604 865.415 0.802 303.171 -2.322712386748665 0.0 -1.0 -1.0
35.0 1.0 Car -1.0 -1.0 -1.0 -1.0 -1.0 -1.0 -1.0 1.871 1.9 4.652 910.877 0.989 353.424 -2.280847119078308 0.0 -1.0 -1.0
36.0 99.0 Car -1.0 -1.0 -1.0 -1.0 -1.0 -1.0 -1.0 1.73 1.562 4.084 895.951 0.0 336.882 -2.3115820569677066 1.0 -1.0 -1.0
36.0 3.0 Car -1.0 -1.0 -1.0 -1.0 -1.0 -1.0 -1.0 2.055 1.858 4.623 900.633 0.993 342.787 -2.299628369128955 0.0 -1.0 -1.0
36.0 1.0 Car -1.0 -1.0 -1.0 -1.0 -1.0 -1.0 -1.0 1.871 1.9 4.652 909.301 1.01 351.605 -2.29830022538523 0.0 -1.0 -1.0
37.0 99.0 Car -1.0 -1.0 -1.0 -1.0 -1.0 -1.0 -1.0 1.73 1.562 4.084 895.357 0.0 336.256 -2.319222458213698 1.0 -1.0 -1.0
37.0 3.0 Car -1.0 -1.0 -1.0 -1.0 -1.0 -1.0 -1.0 2.055 1.858 4.623 900.001 0.992 342.082 -2.299628369128955 0.0 -1.0 -1.0
37.0 1.0 Car -1.0 -1.0 -1.0 -1.0 -1.0 -1.0 -1.0 1.871 1.9 4.652 907.724 1.031 349.786 -2.3157539950760384 0.0 -1.0 -1.0
38.0 99.0 Car -1.0 -1.0 -1.0 -1.0 -1.0 -1.0 -1.0 1.73 1.562 4.084 894.833 0.0 335.714 -2.3311595039919744 1.0 -1.0 -1.0
38.0 3.0 Car -1.0 -1.0 -1.0 -1.0 -1.0 -1.0 -1.0 2.055 1.858 4.623 899.368 0.991 341.376 -2.299628369128955 0.0 -1.0 -1.0
38.0 1.0 Car -1.0 -1.0 -1.0 -1.0 -1.0 -1.0 -1.0 1.871 1.9 4.652 906.121 1.102 347.993 -2.3157539950760384 0.0 -1.0 -1.0
39.0 99.0 Car -1.0 -1.0 -1.0 -1.0 -1.0 -1.0 -1.0 1.73 1.562 4.084 894.421 0.0 335.294 -2.339877807522386 1.0 -1.0 -1.0
39.0 3.0 Car -1.0 -1.0 -1.0 -1.0 -1.0 -1.0 -1.0 2.055 1.858 4.623 898.736 0.991 340.671 -2.299628369128955 0.0 -1.0 -1.0
39.0 1.0 Car -1.0 -1.0 -1.0 -1.0 -1.0 -1.0 -1.0 1.871 1.9 4.652 904.518 1.174 346.2 -2.3157539950760384 0.0 -1.0 -1.0
