0.0 99.0 Car -1.0 -1.0 -1.0 -1.0 -1.0 -1.0 -1.0 1.73 1.562 4.084 1292.95 0.0 1628.698 -0.4565822727381232 1.0 -1.0 -1.0
0.0 2.0 Car -1.0 -1.0 -1.0 -1.0 -1.0 -1.0 -1.0 2.232 1.71 4.437 1266.94 1.087 1637.147 -0.2100678287750113 0.0 -1.0 -1.0
0.0 0.0 Car -1.0 -1.0 -1.0 -1.0 -1.0 -1.0 -1.0 1.83 1.805 4.11 1279.287 0.96 1634.047 -0.2616946680390558 0.0 -1.0 -1.0
1.0 99.0 Car -1.0 -1.0 -1.0 -1.0 -1.0 -1.0 -1.0 1.73 1.562 4.084 1297.589 0.0 1626.248 -0.4978596326236763 1.0 -1.0 -1.0
1.0 2.0 Car -1.0 -1.0 -1.0 -1.0 -1.0 -1.0 -1.0 2.232 1.71 4.437 1271.6 1.087 1636.211 -0.23624776755492638 1.0 -1.0 -1.0
1.0 0.0 Car -1.0 -1.0 -1.0 -1.0 -1.0 -1.0 -1.0 1.83 1.805 4.11 1284.482 0.96 1632.41 -0.33150783811882906 1.0 -1.0 -1.0
2.0 99.0 Car -1.0 -1.0 -1.0 -1.0 -1.0 -1.0 -1.0 1.73 1.562 4.084 1302.27 0.0 1623.661 -0.5213700582949314 1.0 -1.0 -1.0
2.0 2.0 Car -1.0 -1.0 -1.0 -1.0 -1.0 -1.0 -1.0 2.232 1.71 4.437 1276.234 1.087 1635.153 -0.26242770633484125 1.0 -1.0 -1.0
2.0 0.0 Car -1.0 -1.0 -1.0 -1.0 -1.0 -1.0 -1.0 1.83 1.805 4.11 1289.626 0.96 1630.289 -0.38137438817580965 1.0 -1.0 -1.0
3.0 99.0 Car -1.0 -1.0 -1.0 -1.0 -1.0 -1.0 -1.0 1.73 1.562 4.084 1306.003 0.0 1621.465 -0.5439630975828167 1.0 -1.0 -1.0
3.0 2.0 Car -1.0 -1.0 -1.0 -1.0 -1.0 -1.0 -1.0 2.232 1.71 4.437 1280.987 1.053 1633.868 -0.3206053480679856 1.0 -1.0 -1.0
3.0 0.0 Car -1.0 -1.0 -1.0 -1.0 -1.0 -1.0 -1.0 1.83 1.805 4.11 1293.785 0.96 1628.462 -0.466147523272677 1.0 -1.0 -1.0
4.0 99.0 Car -1.0 -1.0 -1.0 -1.0 -1.0 -1.0 -1.0 1.73 1.562 4.084 1310.633 0.0 1618.558 -0.5778723043680669 1.0 -1.0 -1.0
4.0 2.0 Car -1.0 -1.0 -1.0 -1.0 -1.0 -1.0 -1.0 2.232 1.71 4.437 1285.658 1.02 1632.309 -0.3787829898011299 1.0 -1.0 -1.0
4.0 0.0 Car -1.0 -1.0 -1.0 -1.0 -1.0 -1.0 -1.0 1.83 1.805 4.11 1298.868 0.96 1625.767 -0.5439393413615671 1.0 -1.0 -1.0
5.0 99.0 Car -1.0 -1.0 -1.0 -1.0 -1.0 -1.0 -1.0 1.73 1.562 4.084 1315.214 0.0 1615.453 -0.6059218193173882 1.0 -1.0 -1.0
5.0 2.0 Car -1.0 -1.0 -1.0 -1.0 -1.0 -1.0 -1.0 2.232 1.71 4.437 1290.23 0.987 1630.481 -0.4369606315342742 1.0 -1.0 -1.0
5.0 0.0 Car -1.0 -1.0 -1.0 -1.0 -1.0 -1.0 -1.0 1.83 1.805 4.11 1303.695 0.96 1622.916 -0.5780979281505986 1.0 -1.0 -1.0
6.0 99.0 Car -1.0 -1.0 -1.0 -1.0 -1.0 -1.0 -1.0 1.73 1.562 4.084 1319.682 0.0 1612.288 -0.6190677020701367 1.0 -1.0 -1.0
6.0 2.0 Car -1.0 -1.0 -1.0 -1.0 -1.0 -1.0 -1.0 2.232 1.71 4.437 1294.951 0.992 1627.804 -0.450386241165 1.0 -1.0 -1.0
6.0 0.0 Car -1.0 -1.0 -1.0 -1.0 -1.0 -1.0 -1.0 1.83 1.805 4.11 1308.47 0.96 1619.973 -0.6122565149396307 1.0 -1.0 -1.0
7.0 99.0 Car -1.0 -1.0 -1.0 -1.0 -1.0 -1.0 -1.0 1.73 1.562 4.084 1324.17 0.0 1609.049 -0.6212697677297537 1.0 -1.0 -1.0
7.0 2.0 Car -1.0 -1.0 -1.0 -1.0 -1.0 -1.0 -1.0 2.232 1.71 4.437 1299.636 0.997 1625.063 -0.4638118507957257 1.0 -1.0 -1.0
7.0 0.0 Car -1.0 -1.0 -1.0 -1.0 -1.0 -1.0 -1.0 1.83 1.805 4.11 1313.189 0.96 1616.886 -0.646415101728663 1.0 -1.0 -1.0
8.0 99.0 Car -1.0 -1.0 -1.0 -1.0 -1.0 -1.0 -1.0 1.73 1.562 4.084 1328.606 0.0 1605.85 -0.6241906926371925 1.0 -1.0 -1.0
8.0 2.0 Car -1.0 -1.0 -1.0 -1.0 -1.0 -1.0 -1.0 2.232 1.71 4.437 1304.283 1.002 1622.26 -0.4772374604264513 1.0 -1.0 -1.0
8.0 0.0 Car -1.0 -1.0 -1.0 -1.0 -1.0 -1.0 -1.0 1.83 1.805 4.11 1317.821 0.96 1613.621 -0.6805736885176947 1.0 -1.0 -1.0
9.0 99.0 Car -1.0 -1.0 -1.0 -1.0 -1.0 -1.0 -1.0 1.73 1.562 4.084 1332.925 0.0 1602.696 -0.6289320844582279 1.0 -1.0 -1.0
9.0 2.0 Car -1.0 -1.0 -1.0 -1.0 -1.0 -1.0 -1.0 2.232 1.71 4.437 1308.892 1.007 1619.395 -0.490663070057177 1.0 -1.0 -1.0
9.0 0.0 Car -1.0 -1.0 -1.0 -1.0 -1.0 -1.0 -1.0 1.83 1.805 4.11 1322.179 1.085 1610.325 -0.5881607422262012 1.0 -1.0 -1.0
10.0 99.0 Car -1.0 -1.0 -1.0 -1.0 -1.0 -1.0 -1.0 1.73 1.562 4.084 1337.134 0.0 1599.593 -0.6299245368860906 1.0 -1.0 -1.0
10.0 2.0 Car -1.0 -1.0 -1.0 -1.0 -1.0 -1.0 -1.0 2.232 1.71 4.437 1313.463 1.012 1616.468 -0.5040886796879027 1.0 -1.0 -1.0
10.0 0.0 Car -1.0 -1.0 -1.0 -1.0 -1.0 -1.0 -1.0 1.83 1.805 4.11 1326.59 1.16 1607.095 -0.6353741360942524 1.0 -1.0 -1.0
11.0 99.0 Car -1.0 -1.0 -1.0 -1.0 -1.0 -1.0 -1.0 1.73 1.562 4.084 1340.841 0.0 1596.84 -0.6336823357777169 1.0 -1.0 -1.0
11.0 2.0 Car -1.0 -1.0 -1.0 -1.0 -1.0 -1.0 -1.0 2.232 1.71 4.437 1317.993 1.018 1613.48 -0.5175142893186285 1.0 -1.0 -1.0
11.0 0.0 Car -1.0 -1.0 -1.0 -1.0 -1.0 -1.0 -1.0 1.83 1.805 4.11 1330.418 1.16 1604.109 -0.6476809449224175 1.0 -1.0 -1.0
12.0 99.0 Car -1.0 -1.0 -1.0 -1.0 -1.0 -1.0 -1.0 1.73 1.562 4.084 1344.822 0.0 1593.876 -0.6345504421499457 1.0 -1.0 -1.0
12.0 2.0 Car -1.0 -1.0 -1.0 -1.0 -1.0 -1.0 -1.0 2.232 1.71 4.437 1322.484 1.023 1610.431 -0.5309398989493541 1.0 -1.0 -1.0
12.0 0.0 Car -1.0 -1.0 -1.0 -1.0 -1.0 -1.0 -1.0 1.83 1.805 4.11 1334.691 1.06 1600.88 -0.6599877537505825 1.0 -1.0 -1.0
13.0 99.0 Car -1.0 -1.0 -1.0 -1.0 -1.0 -1.0 -1.0 1.73 1.562 4.084 1348.676 0.0 1591.043 -0.6271098214195421 1.0 -1.0 -1.0
13.0 2.0 Car -1.0 -1.0 -1.0 -1.0 -1.0 -1.0 -1.0 2.232 1.71 4.437 1326.932 1.028 1607.322 -0.5443655085800793 1.0 -1.0 -1.0
13.0 0.0 Car -1.0 -1.0 -1.0 -1.0 -1.0 -1.0 -1.0 1.83 1.805 4.11 1339.037 1.01 1597.595 -0.6548412700588043 1.0 -1.0 -1.0
14.0 99.0 Car -1.0 -1.0 -1.0 -1.0 -1.0 -1.0 -1.0 1.73 1.562 4.084 1352.697 0.0 1588.113 -0.6203858201937203 1.0 -1.0 -1.0
14.0 2.0 Car -1.0 -1.0 -1.0 -1.0 -1.0 -1.0 -1.0 2.232 1.71 4.437 1331.339 1.033 1604.154 -0.5577911182108046 1.0 -1.0 -1.0
14.0 0.0 Car -1.0 -1.0 -1.0 -1.0 -1.0 -1.0 -1.0 1.83 1.805 4.11 1343.644 1.01 1594.111 -0.6496947863670264 1.0 -1.0 -1.0
15.0 99.0 Car -1.0 -1.0 -1.0 -1.0 -1.0 -1.0 -1.0 1.73 1.562 4.084 1356.103 0.0 1585.667 -0.6130356788922842 1.0 -1.0 -1.0
15.0 2.0 Car -1.0 -1.0 -1.0 -1.0 -1.0 -1.0 -1.0 2.232 1.71 4.437 1335.659 1.038 1600.869 -0.5712167278415302 1.0 -1.0 -1.0
15.0 0.0 Car -1.0 -1.0 -1.0 -1.0 -1.0 -1.0 -1.0 1.83 1.805 4.11 1347.727 1.01 1591.092 -0.6241861280686479 1.0 -1.0 -1.0
16.0 99.0 Car -1.0 -1.0 -1.0 -1.0 -1.0 -1.0 -1.0 1.73 1.562 4.084 1359.35 0.0 1583.379 -0.6065448137845147 1.0 -1.0 -1.0
16.0 2.0 Car -1.0 -1.0 -1.0 -1.0 -1.0 -1.0 -1.0 2.232 1.71 4.437 1339.979 1.043 1597.584 -0.584642337472256 1.0 -1.0 -1.0
16.0 0.0 Car -1.0 -1.0 -1.0 -1.0 -1.0 -1.0 -1.0 1.83 1.805 4.11 1351.29 1.01 1588.482 -0.6161307622902127 1.0 -1.0 -1.0
17.0 99.0 Car -1.0 -1.0 -1.0 -1.0 -1.0 -1.0 -1.0 1.73 1.562 4.084 1362.409 0.0 1581.258 -0.6016084105254436 1.0 -1.0 -1.0
17.0 2.0 Car -1.0 -1.0 -1.0 -1.0 -1.0 -1.0 -1.0 2.232 1.71 4.437 1344.298 1.048 1594.299 -0.5980679471029813 1.0 -1.0 -1.0
17.0 0.0 Car -1.0 -1.0 -1.0 -1.0 -1.0 -1.0 -1.0 1.83 1.805 4.11 1354.853 1.01 1585.872 -0.6080753965117776 1.0 -1.0 -1.0
18.0 99.0 Car -1.0 -1.0 -1.0 -1.0 -1.0 -1.0 -1.0 1.73 1.562 4.084 1365.256 0.0 1579.302 -0.5964870298718087 1.0 -1.0 -1.0
18.0 2.0 Car -1.0 -1.0 -1.0 -1.0 -1.0 -1.0 -1.0 2.232 1.71 4.437 1348.563 1.053 1590.94 -0.6114935567337071 1.0 -1.0 -1.0
18.0 0.0 Car -1.0 -1.0 -1.0 -1.0 -1.0 -1.0 -1.0 1.83 1.805 4.11 1357.94 1.01 1583.82 -0.6000200307333419 1.0 -1.0 -1.0
19.0 99.0 Car -1.0 -1.0 -1.0 -1.0 -1.0 -1.0 -1.0 1.73 1.562 4.084 1367.873 0.0 1577.508 -0.5959922139161585 1.0 -1.0 -1.0
19.0 2.0 Car -1.0 -1.0 -1.0 -1.0 -1.0 -1.0 -1.0 2.232 1.71 4.437 1350.705 1.078 1589.453 -0.6155212396229244 1.0 -1.0 -1.0
19.0 0.0 Car -1.0 -1.0 -1.0 -1.0 -1.0 -1.0 -1.0 1.83 1.805 4.11 1360.56 1.01 1582.087 -0.5919646649549066 1.0 -1.0 -1.0
20.0 99.0 Car -1.0 -1.0 -1.0 -1.0 -1.0 -1.0 -1.0 1.73 1.562 4.084 1370.289 0.0 1575.836 -0.600388073173198 1.0 -1.0 -1.0
20.0 2.0 Car -1.0 -1.0 -1.0 -1.0 -1.0 -1.0 -1.0 2.232 1.71 4.437 1352.847 1.102 1587.966 -0.6195489225121423 1.0 -1.0 -1.0
20.0 0.0 Car -1.0 -1.0 -1.0 -1.0 -1.0 -1.0 -1.0 1.83 1.805 4.11 1363.074 1.01 1580.476 -0.5839092991764714 1.0 -1.0 -1.0
21.0 99.0 Car -1.0 -1.0 -1.0 -1.0 -1.0 -1.0 -1.0 1.73 1.562 4.084 1372.582 0.0 1574.232 -0.6050574759998318 1.0 -1.0 -1.0
21.0 2.0 Car -1.0 -1.0 -1.0 -1.0 -1.0 -1.0 -1.0 2.232 1.71 4.437 1354.989 1.127 1586.48 -0.6235766054013601 0.0 -1.0 -1.0
21.0 0.0 Car -1.0 -1.0 -1.0 -1.0 -1.0 -1.0 -1.0 1.83 1.805 4.11 1365.398 1.01 1578.945 -0.5758539333980361 1.0 -1.0 -1.0
22.0 99.0 Car -1.0 -1.0 -1.0 -1.0 -1.0 -1.0 -1.0 1.73 1.562 4.084 1374.83 0.0 1572.648 -0.6072102202144453 1.0 -1.0 -1.0
22.0 2.0 Car -1.0 -1.0 -1.0 -1.0 -1.0 -1.0 -1.0 2.232 1.71 4.437 1357.131 1.151 1584.993 -0.6276042882905776 0.0 -1.0 -1.0
22.0 0.0 Car -1.0 -1.0 -1.0 -1.0 -1.0 -1.0 -1.0 1.83 1.805 4.11 1367.56 1.01 1577.56 -0.5583396951516644 1.0 -1.0 -1.0
23.0 99.0 Car -1.0 -1.0 -1.0 -1.0 -1.0 -1.0 -1.0 1.73 1.562 4.084 1377.027 0.0 1571.103 -0.5976972786503247 1.0 -1.0 -1.0
23.0 2.0 Car -1.0 -1.0 -1.0 -1.0 -1.0 -1.0 -1.0 2.232 1.71 4.437 1359.273 1.175 1583.506 -0.6316319711797949 0.0 -1.0 -1.0
23.0 0.0 Car -1.0 -1.0 -1.0 -1.0 -1.0 -1.0 -1.0 1.83 1.805 4.11 1369.64 1.01 1576.151 -0.5617694079292246 1.0 -1.0 -1.0
24.0 99.0 Car -1.0 -1.0 -1.0 -1.0 -1.0 -1.0 -1.0 1.73 1.562 4.084 1379.198 0.0 1569.65 -0.5622833017640577 1.0 -1.0 -1.0
24.0 2.0 Car -1.0 -1.0 -1.0 -1.0 -1.0 -1.0 -1.0 2.232 1.71 4.437 1361.415 1.2 1582.02 -0.6356596540690128 0.0 -1.0 -1.0
24.0 1.0 Car -1.0 -1.0 -1.0 -1.0 -1.0 -1.0 -1.0 2.199 1.584 4.776 1430.294 0.37 1538.821 2.253097891223203 0.0 -1.0 -1.0
24.0 0.0 Car -1.0 -1.0 -1.0 -1.0 -1.0 -1.0 -1.0 1.83 1.805 4.11 1371.374 1.11 1574.961 -0.5651991207067847 1.0 -1.0 -1.0
25.0 99.0 Car -1.0 -1.0 -1.0 -1.0 -1.0 -1.0 -1.0 1.73 1.562 4.084 1381.359 0.0 1568.328 -0.5231491531026916 1.0 -1.0 -1.0
25.0 2.0 Car -1.0 -1.0 -1.0 -1.0 -1.0 -1.0 -1.0 2.232 1.71 4.437 1363.557 1.224 1580.533 -0.6396873369582305 0.0 -1.0 -1.0
25.0 1.0 Car -1.0 -1.0 -1.0 -1.0 -1.0 -1.0 -1.0 2.199 1.584 4.776 1427.856 0.345 1541.713 2.3447276769529055 1.0 -1.0 -1.0
25.0 0.0 Car -1.0 -1.0 -1.0 -1.0 -1.0 -1.0 -1.0 1.83 1.805 4.11 1373.123 1.16 1573.762 -0.5686288334843449 1.0 -1.0 -1.0
26.0 99.0 Car -1.0 -1.0 -1.0 -1.0 -1.0 -1.0 -1.0 1.73 1.562 4.084 1383.314 0.0 1567.22 -0.4923990508630303 1.0 -1.0 -1.0
26.0 2.0 Car -1.0 -1.0 -1.0 -1.0 -1.0 -1.0 -1.0 2.232 1.71 4.437 1365.699 1.248 1579.046 -0.643715019847448 0.0 -1.0 -1.0
26.0 1.0 Car -1.0 -1.0 -1.0 -1.0 -1.0 -1.0 -1.0 2.199 1.584 4.776 1424.828 0.337 1544.783 2.427630816422636 1.0 -1.0 -1.0
26.0 0.0 Car -1.0 -1.0 -1.0 -1.0 -1.0 -1.0 -1.0 1.83 1.805 4.11 1374.873 1.16 1572.562 -0.5720585462619051 1.0 -1.0 -1.0
27.0 99.0 Car -1.0 -1.0 -1.0 -1.0 -1.0 -1.0 -1.0 1.73 1.562 4.084 1385.562 0.0 1566.042 -0.4557315322942227 1.0 -1.0 -1.0
27.0 2.0 Car -1.0 -1.0 -1.0 -1.0 -1.0 -1.0 -1.0 2.232 1.71 4.437 1367.841 1.273 1577.56 -0.6477427027366653 0.0 -1.0 -1.0
27.0 1.0 Car -1.0 -1.0 -1.0 -1.0 -1.0 -1.0 -1.0 2.199 1.584 4.776 1421.555 0.328 1547.591 2.5105339558923667 1.0 -1.0 -1.0
27.0 0.0 Car -1.0 -1.0 -1.0 -1.0 -1.0 -1.0 -1.0 1.83 1.805 4.11 1376.765 1.16 1571.27 -0.5754882590394654 1.0 -1.0 -1.0
28.0 99.0 Car -1.0 -1.0 -1.0 -1.0 -1.0 -1.0 -1.0 1.73 1.562 4.084 1387.949 0.0 1564.902 -0.41666041550415306 1.0 -1.0 -1.0
28.0 2.0 Car -1.0 -1.0 -1.0 -1.0 -1.0 -1.0 -1.0 2.232 1.71 4.437 1369.983 1.297 1576.073 -0.6517703856258833 0.0 -1.0 -1.0
28.0 1.0 Car -1.0 -1.0 -1.0 -1.0 -1.0 -1.0 -1.0 2.199 1.584 4.776 1418.075 0.27 1549.691 2.6196170341420126 0.0 -1.0 -1.0
28.0 0.0 Car -1.0 -1.0 -1.0 -1.0 -1.0 -1.0 -1.0 1.83 1.805 4.11 1378.79 1.11 1569.957 -0.5754273133130373 0.0 -1.0 -1.0
29.0 99.0 Car -1.0 -1.0 -1.0 -1.0 -1.0 -1.0 -1.0 1.73 1.562 4.084 1390.388 0.0 1563.85 -0.37972632747782004 1.0 -1.0 -1.0
29.0 2.0 Car -1.0 -1.0 -1.0 -1.0 -1.0 -1.0 -1.0 2.232 1.71 4.437 1372.084 1.321 1574.597 -0.655798068515101 0.0 -1.0 -1.0
29.0 1.0 Car -1.0 -1.0 -1.0 -1.0 -1.0 -1.0 -1.0 2.199 1.584 4.776 1414.024 0.37 1551.914 2.689430204221786 0.0 -1.0 -1.0
29.0 0.0 Car -1.0 -1.0 -1.0 -1.0 -1.0 -1.0 -1.0 1.83 1.805 4.11 1380.861 1.16 1568.716 -0.575366367586609 0.0 -1.0 -1.0
30.0 99.0 Car -1.0 -1.0 -1.0 -1.0 -1.0 -1.0 -1.0 1.73 1.562 4.084 1392.808 0.0 1562.892 -0.3626896612563236 1.0 -1.0 -1.0
30.0 2.0 Car -1.0 -1.0 -1.0 -1.0 -1.0 -1.0 -1.0 2.232 1.71 4.437 1374.185 1.346 1573.122 -0.6598257514043189 0.0 -1.0 -1.0
30.0 1.0 Car -1.0 -1.0 -1.0 -1.0 -1.0 -1.0 -1.0 2.199 1.584 4.776 1410.503 0.42 1553.38 2.8116032518613885 0.0 -1.0 -1.0
30.0 0.0 Car -1.0 -1.0 -1.0 -1.0 -1.0 -1.0 -1.0 1.83 1.805 4.11 1383.026 1.11 1567.412 -0.5753054218601803 0.0 -1.0 -1.0
31.0 99.0 Car -1.0 -1.0 -1.0 -1.0 -1.0 -1.0 -1.0 1.73 1.562 4.084 1395.071 0.0 1562.036 -0.35336411482014407 1.0 -1.0 -1.0
31.0 2.0 Car -1.0 -1.0 -1.0 -1.0 -1.0 -1.0 -1.0 2.232 1.71 4.437 1376.287 1.37 1571.646 -0.6638534342935363 0.0 -1.0 -1.0
31.0 1.0 Car -1.0 -1.0 -1.0 -1.0 -1.0 -1.0 -1.0 2.199 1.584 4.776 1407.42 0.57 1554.347 2.8232387802080177 0.0 -1.0 -1.0
31.0 0.0 Car -1.0 -1.0 -1.0 -1.0 -1.0 -1.0 -1.0 1.83 1.805 4.11 1385.263 1.06 1566.194 -0.5325808721961129 0.0 -1.0 -1.0
32.0 99.0 Car -1.0 -1.0 -1.0 -1.0 -1.0 -1.0 -1.0 1.73 1.562 4.084 1397.118 0.0 1561.281 -0.34493974797826915 1.0 -1.0 -1.0
32.0 2.0 Car -1.0 -1.0 -1.0 -1.0 -1.0 -1.0 -1.0 2.232 1.71 4.437 1378.175 1.395 1570.344 -0.6638534342935363 0.0 -1.0 -1.0
32.0 1.0 Car -1.0 -1.0 -1.0 -1.0 -1.0 -1.0 -1.0 2.199 1.584 4.776 1404.649 0.62 1555.211 2.8348743085546464 0.0 -1.0 -1.0
32.0 0.0 Car -1.0 -1.0 -1.0 -1.0 -1.0 -1.0 -1.0 1.83 1.805 4.11 1387.55 1.01 1565.072 -0.4898563225320461 0.0 -1.0 -1.0
33.0 99.0 Car -1.0 -1.0 -1.0 -1.0 -1.0 -1.0 -1.0 1.73 1.562 4.084 1399.029 0.0 1560.59 -0.33828388312819624 1.0 -1.0 -1.0
33.0 1.0 Car -1.0 -1.0 -1.0 -1.0 -1.0 -1.0 -1.0 2.199 1.584 4.776 1402.285 0.67 1555.948 2.8465098369012756 0.0 -1.0 -1.0
33.0 0.0 Car -1.0 -1.0 -1.0 -1.0 -1.0 -1.0 -1.0 1.83 1.805 4.11 1389.569 1.01 1564.175 -0.4510984302588752 0.0 -1.0 -1.0
34.0 99.0 Car -1.0 -1.0 -1.0 -1.0 -1.0 -1.0 -1.0 1.73 1.562 4.084 1400.915 0.0 1559.918 -0.33754654417154945 1.0 -1.0 -1.0
34.0 1.0 Car -1.0 -1.0 -1.0 -1.0 -1.0 -1.0 -1.0 2.199 1.584 4.776 1400.411 0.783 1556.558 2.8537820421179183 0.0 -1.0 -1.0
34.0 0.0 Car -1.0 -1.0 -1.0 -1.0 -1.0 -1.0 -1.0 1.83 1.805 4.11 1391.621 1.06 1563.357 -0.41234053798570436 0.0 -1.0 -1.0
35.0 99.0 Car -1.0 -1.0 -1.0 -1.0 -1.0 -1.0 -1.0 1.73 1.562 4.084 1402.917 0.0 1559.216 -0.3358750662574017 1.0 -1.0 -1.0
35.0 1.0 Car -1.0 -1.0 -1.0 -1.0 -1.0 -1.0 -1.0 2.199 1.584 4.776 1398.536 0.895 1557.168 2.8610542473345615 0.0 -1.0 -1.0
35.0 0.0 Car -1.0 -1.0 -1.0 -1.0 -1.0 -1.0 -1.0 1.83 1.805 4.11 1393.637 1.085 1562.563 -0.3796241700463596 0.0 -1.0 -1.0
36.0 99.0 Car -1.0 -1.0 -1.0 -1.0 -1.0 -1.0 -1.0 1.73 1.562 4.084 1405.028 0.0 1558.459 -0.33578565171036945 1.0 -1.0 -1.0
36.0 1.0 Car -1.0 -1.0 -1.0 -1.0 -1.0 -1.0 -1.0 2.199 1.584 4.776 1396.52 0.983 1557.824 2.8159665749913745 0.0 -1.0 -1.0
36.0 0.0 Car -1.0 -1.0 -1.0 -1.0 -1.0 -1.0 -1.0 1.83 1.805 4.11 1395.677 1.06 1561.837 -0.3469078021070149 0.0 -1.0 -1.0
37.0 99.0 Car -1.0 -1.0 -1.0 -1.0 -1.0 -1.0 -1.0 1.73 1.562 4.084 1407.257 0.0 1557.667 -0.3346709059393558 1.0 -1.0 -1.0
37.0 1.0 Car -1.0 -1.0 -1.0 -1.0 -1.0 -1.0 -1.0 2.199 1.584 4.776 1394.137 1.02 1558.596 2.7592433743015587 0.0 -1.0 -1.0
37.0 0.0 Car -1.0 -1.0 -1.0 -1.0 -1.0 -1.0 -1.0 1.83 1.805 4.11 1397.885 1.11 1561.091 -0.37120552306615195 0.0 -1.0 -1.0
38.0 99.0 Car -1.0 -1.0 -1.0 -1.0 -1.0 -1.0 -1.0 1.73 1.562 4.084 1409.539 0.0 1556.85 -0.3331629368824923 1.0 -1.0 -1.0
38.0 1.0 Car -1.0 -1.0 -1.0 -1.0 -1.0 -1.0 -1.0 2.199 1.584 4.776 1391.68 1.208 1559.646 2.762152256388216 0.0 -1.0 -1.0
38.0 0.0 Car -1.0 -1.0 -1.0 -1.0 -1.0 -1.0 -1.0 1.83 1.805 4.11 1400.092 1.11 1560.345 -0.3955032440252888 0.0 -1.0 -1.0
39.0 99.0 Car -1.0 -1.0 -1.0 -1.0 -1.0 -1.0 -1.0 1.73 1.562 4.084 1411.824 0.0 1556.042 -0.33392837264469266 1.0 -1.0 -1.0
39.0 1.0 Car -1.0 -1.0 -1.0 -1.0 -1.0 -1.0 -1.0 2.199 1.584 4.776 1388.795 1.295 1560.866 2.765061138474873 0.0 -1.0 -1.0
39.0 0.0 Car -1.0 -1.0 -1.0 -1.0 -1.0 -1.0 -1.0 1.83 1.805 4.11 1402.268 1.11 1559.54 -0.36641442315871653 0.0 -1.0 -1.0
