0.0 99.0 Car -1.0 -1.0 -1.0 -1.0 -1.0 -1.0 -1.0 1.73 1.562 4.084 754.487 0.0 1519.888 -0.7101158904299045 1.0 -1.0 -1.0
0.0 1.0 Bus -1.0 -1.0 -1.0 -1.0 -1.0 -1.0 -1.0 3.402 3.111 12.988 737.524 1.651 1530.435 -0.7162831250182098 0.0 -1.0 -1.0
0.0 2.0 Car -1.0 -1.0 -1.0 -1.0 -1.0 -1.0 -1.0 2.011 1.52 4.144 705.38 1.271 1560.4 -0.760981007162449 0.0 -1.0 -1.0
1.0 99.0 Car -1.0 -1.0 -1.0 -1.0 -1.0 -1.0 -1.0 1.73 1.562 4.084 755.729 0.0 1518.79 -0.7115827283075126 1.0 -1.0 -1.0
1.0 1.0 Bus -1.0 -1.0 -1.0 -1.0 -1.0 -1.0 -1.0 3.402 3.111 12.988 739.332 1.668 1528.803 -0.7206464481481953 1.0 -1.0 -1.0
1.0 2.0 Car -1.0 -1.0 -1.0 -1.0 -1.0 -1.0 -1.0 2.011 1.52 4.144 707.574 1.262 1558.335 -0.760981007162449 1.0 -1.0 -1.0
2.0 99.0 Car -1.0 -1.0 -1.0 -1.0 -1.0 -1.0 -1.0 1.73 1.562 4.084 756.846 0.0 1517.798 -0.7124088509528299 1.0 -1.0 -1.0
2.0 1.0 Bus -1.0 -1.0 -1.0 -1.0 -1.0 -1.0 -1.0 3.402 3.111 12.988 741.139 1.685 1527.17 -0.7250097712781812 1.0 -1.0 -1.0
2.0 2.0 Car -1.0 -1.0 -1.0 -1.0 -1.0 -1.0 -1.0 2.011 1.52 4.144 709.767 1.254 1556.27 -0.760981007162449 1.0 -1.0 -1.0
3.0 99.0 Car -1.0 -1.0 -1.0 -1.0 -1.0 -1.0 -1.0 1.73 1.562 4.084 757.816 0.0 1516.936 -0.7131713888713009 1.0 -1.0 -1.0
3.0 1.0 Bus -1.0 -1.0 -1.0 -1.0 -1.0 -1.0 -1.0 3.402 3.111 12.988 742.946 1.702 1525.538 -0.7293730944081673 1.0 -1.0 -1.0
3.0 2.0 Car -1.0 -1.0 -1.0 -1.0 -1.0 -1.0 -1.0 2.011 1.52 4.144 711.96 1.246 1554.206 -0.760981007162449 1.0 -1.0 -1.0
4.0 99.0 Car -1.0 -1.0 -1.0 -1.0 -1.0 -1.0 -1.0 1.73 1.562 4.084 758.653 0.0 1516.189 -0.7134527596032305 1.0 -1.0 -1.0
4.0 1.0 Bus -1.0 -1.0 -1.0 -1.0 -1.0 -1.0 -1.0 3.402 3.111 12.988 744.753 1.719 1523.905 -0.7337364175381529 1.0 -1.0 -1.0
4.0 2.0 Car -1.0 -1.0 -1.0 -1.0 -1.0 -1.0 -1.0 2.011 1.52 4.144 714.153 1.238 1552.141 -0.760981007162449 1.0 -1.0 -1.0
5.0 99.0 Car -1.0 -1.0 -1.0 -1.0 -1.0 -1.0 -1.0 1.73 1.562 4.084 759.346 0.0 1515.577 -0.7124149363983222 1.0 -1.0 -1.0
5.0 1.0 Bus -1.0 -1.0 -1.0 -1.0 -1.0 -1.0 -1.0 3.402 3.111 12.988 745.883 1.691 1522.898 -0.7302457590341646 1.0 -1.0 -1.0
5.0 2.0 Car -1.0 -1.0 -1.0 -1.0 -1.0 -1.0 -1.0 2.011 1.52 4.144 716.347 1.23 1550.076 -0.760981007162449 1.0 -1.0 -1.0
6.0 99.0 Car -1.0 -1.0 -1.0 -1.0 -1.0 -1.0 -1.0 1.73 1.562 4.084 759.701 0.0 1515.256 -0.7130913888857084 1.0 -1.0 -1.0
6.0 1.0 Bus -1.0 -1.0 -1.0 -1.0 -1.0 -1.0 -1.0 3.402 3.111 12.988 747.012 1.663 1521.892 -0.726755100530176 1.0 -1.0 -1.0
6.0 2.0 Car -1.0 -1.0 -1.0 -1.0 -1.0 -1.0 -1.0 2.011 1.52 4.144 718.476 1.222 1548.073 -0.760981007162449 1.0 -1.0 -1.0
7.0 99.0 Car -1.0 -1.0 -1.0 -1.0 -1.0 -1.0 -1.0 1.73 1.562 4.084 759.912 0.0 1515.066 -0.7128022155666222 1.0 -1.0 -1.0
7.0 1.0 Bus -1.0 -1.0 -1.0 -1.0 -1.0 -1.0 -1.0 3.402 3.111 12.988 748.141 1.635 1520.885 -0.7232644420261871 1.0 -1.0 -1.0
7.0 2.0 Car -1.0 -1.0 -1.0 -1.0 -1.0 -1.0 -1.0 2.011 1.52 4.144 720.604 1.214 1546.07 -0.760981007162449 1.0 -1.0 -1.0
8.0 99.0 Car -1.0 -1.0 -1.0 -1.0 -1.0 -1.0 -1.0 1.73 1.562 4.084 759.945 0.0 1515.032 -0.7120656127801851 1.0 -1.0 -1.0
8.0 1.0 Bus -1.0 -1.0 -1.0 -1.0 -1.0 -1.0 -1.0 3.402 3.111 12.988 749.271 1.607 1519.878 -0.7197737835221982 1.0 -1.0 -1.0
8.0 2.0 Car -1.0 -1.0 -1.0 -1.0 -1.0 -1.0 -1.0 2.011 1.52 4.144 722.817 1.18 1543.947 -0.7522543609024774 1.0 -1.0 -1.0
9.0 99.0 Car -1.0 -1.0 -1.0 -1.0 -1.0 -1.0 -1.0 1.73 1.562 4.084 759.933 0.0 1515.038 -0.711654635077235 1.0 -1.0 -1.0
9.0 1.0 Bus -1.0 -1.0 -1.0 -1.0 -1.0 -1.0 -1.0 3.402 3.111 12.988 750.4 1.579 1518.871 -0.7162831250182098 1.0 -1.0 -1.0
9.0 2.0 Car -1.0 -1.0 -1.0 -1.0 -1.0 -1.0 -1.0 2.011 1.52 4.144 725.029 1.147 1541.825 -0.7435277146425059 1.0 -1.0 -1.0
10.0 99.0 Car -1.0 -1.0 -1.0 -1.0 -1.0 -1.0 -1.0 1.73 1.562 4.084 759.931 0.0 1515.037 -0.7115119522236057 1.0 -1.0 -1.0
10.0 1.0 Bus -1.0 -1.0 -1.0 -1.0 -1.0 -1.0 -1.0 3.402 3.111 12.988 750.917 1.577 1518.421 -0.7162831250182098 0.0 -1.0 -1.0
10.0 2.0 Car -1.0 -1.0 -1.0 -1.0 -1.0 -1.0 -1.0 2.011 1.52 4.144 727.05 1.114 1540.007 -0.7377099504691914 1.0 -1.0 -1.0
11.0 99.0 Car -1.0 -1.0 -1.0 -1.0 -1.0 -1.0 -1.0 1.73 1.562 4.084 759.93 0.0 1515.036 -0.7115054651554183 1.0 -1.0 -1.0
11.0 1.0 Bus -1.0 -1.0 -1.0 -1.0 -1.0 -1.0 -1.0 3.402 3.111 12.988 751.435 1.574 1517.971 -0.7162831250182098 0.0 -1.0 -1.0
11.0 2.0 Car -1.0 -1.0 -1.0 -1.0 -1.0 -1.0 -1.0 2.011 1.52 4.144 729.071 1.081 1538.19 -0.7318921862958772 1.0 -1.0 -1.0
12.0 99.0 Car -1.0 -1.0 -1.0 -1.0 -1.0 -1.0 -1.0 1.73 1.562 4.084 759.929 0.0 1515.035 -0.7114053939862596 1.0 -1.0 -1.0
12.0 1.0 Bus -1.0 -1.0 -1.0 -1.0 -1.0 -1.0 -1.0 3.402 3.111 12.988 751.952 1.571 1517.52 -0.7162831250182098 0.0 -1.0 -1.0
12.0 2.0 Car -1.0 -1.0 -1.0 -1.0 -1.0 -1.0 -1.0 2.011 1.52 4.144 731.092 1.048 1536.372 -0.7260744221225628 1.0 -1.0 -1.0
13.0 99.0 Car -1.0 -1.0 -1.0 -1.0 -1.0 -1.0 -1.0 1.73 1.562 4.084 759.928 0.0 1515.034 -0.7113804067374818 1.0 -1.0 -1.0
13.0 1.0 Bus -1.0 -1.0 -1.0 -1.0 -1.0 -1.0 -1.0 3.402 3.111 12.988 752.469 1.568 1517.07 -0.7162831250182098 0.0 -1.0 -1.0
13.0 2.0 Car -1.0 -1.0 -1.0 -1.0 -1.0 -1.0 -1.0 2.011 1.52 4.144 732.79 1.031 1534.888 -0.7173477758625912 1.0 -1.0 -1.0
14.0 99.0 Car -1.0 -1.0 -1.0 -1.0 -1.0 -1.0 -1.0 1.73 1.562 4.084 759.927 0.0 1515.033 -0.7113720461152261 1.0 -1.0 -1.0
14.0 1.0 Bus -1.0 -1.0 -1.0 -1.0 -1.0 -1.0 -1.0 3.402 3.111 12.988 752.986 1.565 1516.62 -0.7162831250182098 0.0 -1.0 -1.0
14.0 2.0 Car -1.0 -1.0 -1.0 -1.0 -1.0 -1.0 -1.0 2.011 1.52 4.144 734.487 1.015 1533.403 -0.7086211296026197 1.0 -1.0 -1.0
15.0 99.0 Car -1.0 -1.0 -1.0 -1.0 -1.0 -1.0 -1.0 1.73 1.562 4.084 759.926 0.0 1515.032 -0.7113276563701965 1.0 -1.0 -1.0
15.0 1.0 Bus -1.0 -1.0 -1.0 -1.0 -1.0 -1.0 -1.0 3.402 3.111 12.988 753.05 1.566 1516.564 -0.7162831250182098 0.0 -1.0 -1.0
15.0 2.0 Car -1.0 -1.0 -1.0 -1.0 -1.0 -1.0 -1.0 2.011 1.52 4.144 736.121 0.998 1531.975 -0.7173477758625912 1.0 -1.0 -1.0
16.0 99.0 Car -1.0 -1.0 -1.0 -1.0 -1.0 -1.0 -1.0 1.73 1.562 4.084 759.926 0.0 1515.032 -0.7114052785507083 1.0 -1.0 -1.0
16.0 1.0 Bus -1.0 -1.0 -1.0 -1.0 -1.0 -1.0 -1.0 3.402 3.111 12.988 753.114 1.566 1516.508 -0.7162831250182098 0.0 -1.0 -1.0
16.0 2.0 Car -1.0 -1.0 -1.0 -1.0 -1.0 -1.0 -1.0 2.011 1.52 4.144 737.754 0.982 1530.547 -0.7260744221225628 1.0 -1.0 -1.0
17.0 99.0 Car -1.0 -1.0 -1.0 -1.0 -1.0 -1.0 -1.0 1.73 1.562 4.084 759.926 0.0 1515.031 -0.7113922580596266 1.0 -1.0 -1.0
17.0 1.0 Bus -1.0 -1.0 -1.0 -1.0 -1.0 -1.0 -1.0 3.402 3.111 12.988 753.178 1.567 1516.452 -0.7162831250182098 0.0 -1.0 -1.0
17.0 2.0 Car -1.0 -1.0 -1.0 -1.0 -1.0 -1.0 -1.0 2.011 1.52 4.144 739.004 0.965 1529.42 -0.7260744221225628 1.0 -1.0 -1.0
18.0 99.0 Car -1.0 -1.0 -1.0 -1.0 -1.0 -1.0 -1.0 1.73 1.562 4.084 759.925 0.0 1515.031 -0.711369106764394 1.0 -1.0 -1.0
18.0 1.0 Bus -1.0 -1.0 -1.0 -1.0 -1.0 -1.0 -1.0 3.402 3.111 12.988 753.242 1.567 1516.397 -0.7162831250182098 0.0 -1.0 -1.0
18.0 2.0 Car -1.0 -1.0 -1.0 -1.0 -1.0 -1.0 -1.0 2.011 1.52 4.144 740.255 0.949 1528.292 -0.7260744221225628 1.0 -1.0 -1.0
19.0 99.0 Car -1.0 -1.0 -1.0 -1.0 -1.0 -1.0 -1.0 1.73 1.562 4.084 759.925 0.0 1515.03 -0.7113340298068466 1.0 -1.0 -1.0
19.0 1.0 Bus -1.0 -1.0 -1.0 -1.0 -1.0 -1.0 -1.0 3.402 3.111 12.988 753.306 1.568 1516.341 -0.7162831250182098 0.0 -1.0 -1.0
19.0 2.0 Car -1.0 -1.0 -1.0 -1.0 -1.0 -1.0 -1.0 2.011 1.52 4.144 741.26 0.973 1527.384 -0.7435277146425059 0.0 -1.0 -1.0
20.0 99.0 Car -1.0 -1.0 -1.0 -1.0 -1.0 -1.0 -1.0 1.73 1.562 4.084 759.925 0.0 1515.03 -0.7113167808849363 1.0 -1.0 -1.0
20.0 1.0 Bus -1.0 -1.0 -1.0 -1.0 -1.0 -1.0 -1.0 3.402 3.111 12.988 753.308 1.578 1516.34 -0.7162831250182098 0.0 -1.0 -1.0
20.0 2.0 Car -1.0 -1.0 -1.0 -1.0 -1.0 -1.0 -1.0 2.011 1.52 4.144 742.069 0.948 1526.653 -0.7435277146425059 0.0 -1.0 -1.0
21.0 99.0 Car -1.0 -1.0 -1.0 -1.0 -1.0 -1.0 -1.0 1.73 1.562 4.084 759.924 0.0 1515.03 -0.7113653742376032 1.0 -1.0 -1.0
21.0 1.0 Bus -1.0 -1.0 -1.0 -1.0 -1.0 -1.0 -1.0 3.402 3.111 12.988 753.31 1.588 1516.338 -0.7162831250182098 0.0 -1.0 -1.0
21.0 3.0 Car -1.0 -1.0 -1.0 -1.0 -1.0 -1.0 -1.0 2.08 1.602 4.198 793.527 0.701 1503.259 -2.2525393859168035 0.0 -1.0 -1.0
21.0 2.0 Car -1.0 -1.0 -1.0 -1.0 -1.0 -1.0 -1.0 2.011 1.52 4.144 742.878 0.923 1525.922 -0.7435277146425059 0.0 -1.0 -1.0
22.0 99.0 Car -1.0 -1.0 -1.0 -1.0 -1.0 -1.0 -1.0 1.73 1.562 4.084 759.924 0.0 1515.029 -0.7113454582463933 1.0 -1.0 -1.0
22.0 3.0 Car -1.0 -1.0 -1.0 -1.0 -1.0 -1.0 -1.0 2.08 1.602 4.198 793.527 0.701 1503.259 -2.2525393859168035 0.0 -1.0 -1.0
22.0 2.0 Car -1.0 -1.0 -1.0 -1.0 -1.0 -1.0 -1.0 2.011 1.52 4.144 743.287 0.898 1525.559 -0.7348010683825343 0.0 -1.0 -1.0
23.0 99.0 Car -1.0 -1.0 -1.0 -1.0 -1.0 -1.0 -1.0 1.73 1.562 4.084 759.924 0.0 1515.029 -0.7112787288740281 1.0 -1.0 -1.0
23.0 3.0 Car -1.0 -1.0 -1.0 -1.0 -1.0 -1.0 -1.0 2.08 1.602 4.198 793.527 0.701 1503.259 -2.2525393859168035 0.0 -1.0 -1.0
23.0 2.0 Car -1.0 -1.0 -1.0 -1.0 -1.0 -1.0 -1.0 2.011 1.52 4.144 743.696 0.873 1525.196 -0.7260744221225628 0.0 -1.0 -1.0
24.0 99.0 Car -1.0 -1.0 -1.0 -1.0 -1.0 -1.0 -1.0 1.73 1.562 4.084 759.924 0.0 1515.029 -0.7112368110142252 1.0 -1.0 -1.0
24.0 3.0 Car -1.0 -1.0 -1.0 -1.0 -1.0 -1.0 -1.0 2.08 1.602 4.198 793.527 0.701 1503.259 -2.2525393859168035 1.0 -1.0 -1.0
24.0 2.0 Car -1.0 -1.0 -1.0 -1.0 -1.0 -1.0 -1.0 2.011 1.52 4.144 743.859 0.873 1525.051 -0.7260744221225628 0.0 -1.0 -1.0
25.0 99.0 Car -1.0 -1.0 -1.0 -1.0 -1.0 -1.0 -1.0 1.73 1.562 4.084 759.924 0.0 1515.029 -0.7112395236588217 1.0 -1.0 -1.0
25.0 3.0 Car -1.0 -1.0 -1.0 -1.0 -1.0 -1.0 -1.0 2.08 1.602 4.198 793.527 0.701 1503.259 -2.2525393859168035 1.0 -1.0 -1.0
25.0 0.0 Car -1.0 -1.0 -1.0 -1.0 -1.0 -1.0 -1.0 2.123 1.92 4.504 760.701 1.015 1479.033 1.0523113659039656 0.0 -1.0 -1.0
25.0 2.0 Car -1.0 -1.0 -1.0 -1.0 -1.0 -1.0 -1.0 2.011 1.52 4.144 744.023 0.873 1524.905 -0.7260744221225628 0.0 -1.0 -1.0
26.0 99.0 Car -1.0 -1.0 -1.0 -1.0 -1.0 -1.0 -1.0 1.73 1.562 4.084 759.924 0.0 1515.029 -0.7113035558725941 1.0 -1.0 -1.0
26.0 3.0 Car -1.0 -1.0 -1.0 -1.0 -1.0 -1.0 -1.0 2.08 1.602 4.198 793.527 0.701 1503.259 -2.2525393859168035 1.0 -1.0 -1.0
26.0 0.0 Car -1.0 -1.0 -1.0 -1.0 -1.0 -1.0 -1.0 2.123 1.92 4.504 761.825 0.97 1481.005 1.0523113659039656 1.0 -1.0 -1.0
26.0 2.0 Car -1.0 -1.0 -1.0 -1.0 -1.0 -1.0 -1.0 2.011 1.52 4.144 744.035 0.873 1524.894 -0.7260744221225628 0.0 -1.0 -1.0
27.0 99.0 Car -1.0 -1.0 -1.0 -1.0 -1.0 -1.0 -1.0 1.73 1.562 4.084 759.924 0.0 1515.029 -0.711244117185164 1.0 -1.0 -1.0
27.0 3.0 Car -1.0 -1.0 -1.0 -1.0 -1.0 -1.0 -1.0 2.08 1.602 4.198 793.527 0.701 1503.259 -2.2525393859168035 0.0 -1.0 -1.0
27.0 0.0 Car -1.0 -1.0 -1.0 -1.0 -1.0 -1.0 -1.0 2.123 1.92 4.504 762.95 0.926 1482.978 1.0523113659039656 0.0 -1.0 -1.0
27.0 2.0 Car -1.0 -1.0 -1.0 -1.0 -1.0 -1.0 -1.0 2.011 1.52 4.144 744.047 0.873 1524.884 -0.7260744221225628 0.0 -1.0 -1.0
28.0 99.0 Car -1.0 -1.0 -1.0 -1.0 -1.0 -1.0 -1.0 1.73 1.562 4.084 759.923 0.0 1515.029 -0.7112655195752567 1.0 -1.0 -1.0
28.0 3.0 Car -1.0 -1.0 -1.0 -1.0 -1.0 -1.0 -1.0 2.08 1.602 4.198 793.616 0.701 1503.186 -2.2525393859168035 0.0 -1.0 -1.0
28.0 0.0 Car -1.0 -1.0 -1.0 -1.0 -1.0 -1.0 -1.0 2.123 1.92 4.504 763.504 0.882 1484.007 1.0523113659039656 0.0 -1.0 -1.0
28.0 2.0 Car -1.0 -1.0 -1.0 -1.0 -1.0 -1.0 -1.0 2.011 1.52 4.144 744.047 0.873 1524.884 -0.7260744221225628 0.0 -1.0 -1.0
29.0 99.0 Car -1.0 -1.0 -1.0 -1.0 -1.0 -1.0 -1.0 1.73 1.562 4.084 759.923 0.0 1515.029 -0.7112419593169779 1.0 -1.0 -1.0
29.0 3.0 Car -1.0 -1.0 -1.0 -1.0 -1.0 -1.0 -1.0 2.08 1.602 4.198 793.572 0.701 1503.222 -2.2525393859168035 0.0 -1.0 -1.0
29.0 0.0 Car -1.0 -1.0 -1.0 -1.0 -1.0 -1.0 -1.0 2.123 1.92 4.504 764.058 0.838 1485.037 1.0523113659039656 0.0 -1.0 -1.0
29.0 2.0 Car -1.0 -1.0 -1.0 -1.0 -1.0 -1.0 -1.0 2.011 1.52 4.144 744.047 0.873 1524.884 -0.7260744221225628 0.0 -1.0 -1.0
30.0 99.0 Car -1.0 -1.0 -1.0 -1.0 -1.0 -1.0 -1.0 1.73 1.562 4.084 759.923 0.0 1515.029 -0.7112594965259834 1.0 -1.0 -1.0
30.0 3.0 Car -1.0 -1.0 -1.0 -1.0 -1.0 -1.0 -1.0 2.08 1.602 4.198 793.616 0.701 1503.186 -2.2525393859168035 0.0 -1.0 -1.0
30.0 0.0 Car -1.0 -1.0 -1.0 -1.0 -1.0 -1.0 -1.0 2.123 1.92 4.504 764.971 0.844 1486.542 1.0523113659039656 0.0 -1.0 -1.0
30.0 2.0 Car -1.0 -1.0 -1.0 -1.0 -1.0 -1.0 -1.0 2.011 1.52 4.144 744.047 0.873 1524.884 -0.7260744221225628 0.0 -1.0 -1.0
31.0 99.0 Car -1.0 -1.0 -1.0 -1.0 -1.0 -1.0 -1.0 1.73 1.562 4.084 759.923 0.0 1515.028 -0.7112165359985325 1.0 -1.0 -1.0
31.0 3.0 Car -1.0 -1.0 -1.0 -1.0 -1.0 -1.0 -1.0 2.08 1.602 4.198 793.584 0.695 1503.247 -2.2525393859168035 0.0 -1.0 -1.0
31.0 0.0 Car -1.0 -1.0 -1.0 -1.0 -1.0 -1.0 -1.0 2.123 1.92 4.504 765.829 0.85 1488.039 1.046493601730651 0.0 -1.0 -1.0
32.0 99.0 Car -1.0 -1.0 -1.0 -1.0 -1.0 -1.0 -1.0 1.73 1.562 4.084 759.923 0.0 1515.028 -0.7111945283203129 1.0 -1.0 -1.0
32.0 3.0 Car -1.0 -1.0 -1.0 -1.0 -1.0 -1.0 -1.0 2.08 1.602 4.198 793.551 0.688 1503.308 -2.2525393859168035 0.0 -1.0 -1.0
32.0 0.0 Car -1.0 -1.0 -1.0 -1.0 -1.0 -1.0 -1.0 2.123 1.92 4.504 766.57 0.856 1489.334 1.05812913007728 0.0 -1.0 -1.0
33.0 99.0 Car -1.0 -1.0 -1.0 -1.0 -1.0 -1.0 -1.0 1.73 1.562 4.084 759.923 0.0 1515.028 -0.7112383020656743 1.0 -1.0 -1.0
33.0 3.0 Car -1.0 -1.0 -1.0 -1.0 -1.0 -1.0 -1.0 2.08 1.602 4.198 793.132 0.707 1502.755 -2.2350860933968613 0.0 -1.0 -1.0
33.0 0.0 Car -1.0 -1.0 -1.0 -1.0 -1.0 -1.0 -1.0 2.123 1.92 4.504 767.311 0.861 1490.63 1.0697646584239089 0.0 -1.0 -1.0
34.0 99.0 Car -1.0 -1.0 -1.0 -1.0 -1.0 -1.0 -1.0 1.73 1.562 4.084 759.923 0.0 1515.028 -0.7113039234004508 1.0 -1.0 -1.0
34.0 3.0 Car -1.0 -1.0 -1.0 -1.0 -1.0 -1.0 -1.0 2.08 1.602 4.198 792.713 0.725 1502.202 -2.2176328008769173 0.0 -1.0 -1.0
34.0 0.0 Car -1.0 -1.0 -1.0 -1.0 -1.0 -1.0 -1.0 2.123 1.92 4.504 767.385 0.867 1490.771 1.0784913046838802 0.0 -1.0 -1.0
35.0 99.0 Car -1.0 -1.0 -1.0 -1.0 -1.0 -1.0 -1.0 1.73 1.562 4.084 759.923 0.0 1515.028 -0.7112512817971128 1.0 -1.0 -1.0
35.0 3.0 Car -1.0 -1.0 -1.0 -1.0 -1.0 -1.0 -1.0 2.08 1.602 4.198 791.886 0.711 1501.009 -2.2089061546169457 0.0 -1.0 -1.0
35.0 0.0 Car -1.0 -1.0 -1.0 -1.0 -1.0 -1.0 -1.0 2.123 1.92 4.504 767.459 0.873 1490.912 1.0872179509438522 0.0 -1.0 -1.0
36.0 99.0 Car -1.0 -1.0 -1.0 -1.0 -1.0 -1.0 -1.0 1.73 1.562 4.084 759.923 0.0 1515.028 -0.711262819943939 1.0 -1.0 -1.0
36.0 3.0 Car -1.0 -1.0 -1.0 -1.0 -1.0 -1.0 -1.0 2.08 1.602 4.198 791.058 0.697 1499.816 -2.200179508356975 0.0 -1.0 -1.0
36.0 0.0 Car -1.0 -1.0 -1.0 -1.0 -1.0 -1.0 -1.0 2.123 1.92 4.504 767.516 0.854 1491.02 1.0872179509438522 0.0 -1.0 -1.0
37.0 99.0 Car -1.0 -1.0 -1.0 -1.0 -1.0 -1.0 -1.0 1.73 1.562 4.084 759.923 0.0 1515.028 -0.7112676112302979 1.0 -1.0 -1.0
37.0 3.0 Car -1.0 -1.0 -1.0 -1.0 -1.0 -1.0 -1.0 2.08 1.602 4.198 790.149 0.758 1498.442 -2.1478196307971444 0.0 -1.0 -1.0
37.0 0.0 Car -1.0 -1.0 -1.0 -1.0 -1.0 -1.0 -1.0 2.123 1.92 4.504 767.572 0.835 1491.127 1.0872179509438522 0.0 -1.0 -1.0
38.0 99.0 Car -1.0 -1.0 -1.0 -1.0 -1.0 -1.0 -1.0 1.73 1.562 4.084 759.923 0.0 1515.028 -0.7113498470939846 1.0 -1.0 -1.0
38.0 3.0 Car -1.0 -1.0 -1.0 -1.0 -1.0 -1.0 -1.0 2.08 1.602 4.198 789.312 0.818 1497.023 -2.0954597532373165 0.0 -1.0 -1.0
38.0 0.0 Car -1.0 -1.0 -1.0 -1.0 -1.0 -1.0 -1.0 2.123 1.92 4.504 767.541 0.835 1491.069 1.0872179509438522 0.0 -1.0 -1.0
