0.0 99.0 Car -1.0 -1.0 -1.0 -1.0 -1.0 -1.0 -1.0 1.73 1.562 4.084 414.424 0.0 1669.253 -1.6829313464127396 1.0 -1.0 -1.0
0.0 0.0 Truck -1.0 -1.0 -1.0 -1.0 -1.0 -1.0 -1.0 2.827 3.31 7.128 453.035 3.851 1634.433 -0.6996850439122477 0.0 -1.0 -1.0
1.0 99.0 Car -1.0 -1.0 -1.0 -1.0 -1.0 -1.0 -1.0 1.73 1.562 4.084 414.333 0.0 1667.89 -1.57300312113666 1.0 -1.0 -1.0
1.0 0.0 Truck -1.0 -1.0 -1.0 -1.0 -1.0 -1.0 -1.0 2.827 3.31 7.128 455.865 3.56 1632.178 -0.6996850439122477 1.0 -1.0 -1.0
2.0 99.0 Car -1.0 -1.0 -1.0 -1.0 -1.0 -1.0 -1.0 1.73 1.562 4.084 414.424 0.0 1666.212 -1.4355726820854555 1.0 -1.0 -1.0
2.0 0.0 Truck -1.0 -1.0 -1.0 -1.0 -1.0 -1.0 -1.0 2.827 3.31 7.128 458.332 3.197 1630.063 -0.6996850439122477 1.0 -1.0 -1.0
3.0 99.0 Car -1.0 -1.0 -1.0 -1.0 -1.0 -1.0 -1.0 1.73 1.562 4.084 414.711 0.0 1664.686 -1.2909430221526375 1.0 -1.0 -1.0
3.0 0.0 Truck -1.0 -1.0 -1.0 -1.0 -1.0 -1.0 -1.0 2.827 3.31 7.128 460.295 3.049 1628.303 -0.6996850439122477 1.0 -1.0 -1.0
4.0 99.0 Car -1.0 -1.0 -1.0 -1.0 -1.0 -1.0 -1.0 1.73 1.562 4.084 415.498 0.0 1662.7 -1.082860159772876 1.0 -1.0 -1.0
4.0 0.0 Truck -1.0 -1.0 -1.0 -1.0 -1.0 -1.0 -1.0 2.827 3.31 7.128 462.845 2.507 1626.051 -0.7142401576829922 1.0 -1.0 -1.0
5.0 99.0 Car -1.0 -1.0 -1.0 -1.0 -1.0 -1.0 -1.0 1.73 1.562 4.084 416.708 0.0 1660.843 -0.8789686653422305 1.0 -1.0 -1.0
5.0 0.0 Truck -1.0 -1.0 -1.0 -1.0 -1.0 -1.0 -1.0 2.827 3.31 7.128 465.111 2.451 1623.995 -0.7273320554188012 0.0 -1.0 -1.0
6.0 99.0 Car -1.0 -1.0 -1.0 -1.0 -1.0 -1.0 -1.0 1.73 1.562 4.084 418.761 0.0 1658.798 -0.6825448785105508 1.0 -1.0 -1.0
6.0 0.0 Truck -1.0 -1.0 -1.0 -1.0 -1.0 -1.0 -1.0 2.827 3.31 7.128 467.841 2.382 1621.444 -0.7433181588714809 1.0 -1.0 -1.0
7.0 99.0 Car -1.0 -1.0 -1.0 -1.0 -1.0 -1.0 -1.0 1.73 1.562 4.084 421.125 0.0 1657.047 -0.5929551555664835 1.0 -1.0 -1.0
7.0 0.0 Truck -1.0 -1.0 -1.0 -1.0 -1.0 -1.0 -1.0 2.827 3.31 7.128 470.256 2.32 1619.048 -0.7578732144719127 1.0 -1.0 -1.0
8.0 99.0 Car -1.0 -1.0 -1.0 -1.0 -1.0 -1.0 -1.0 1.73 1.562 4.084 423.859 0.0 1655.28 -0.5572657415310783 1.0 -1.0 -1.0
8.0 0.0 Truck -1.0 -1.0 -1.0 -1.0 -1.0 -1.0 -1.0 2.827 3.31 7.128 472.671 2.258 1616.652 -0.7724286481793747 1.0 -1.0 -1.0
9.0 99.0 Car -1.0 -1.0 -1.0 -1.0 -1.0 -1.0 -1.0 1.73 1.562 4.084 426.818 0.0 1653.427 -0.5502603037075066 1.0 -1.0 -1.0
9.0 0.0 Truck -1.0 -1.0 -1.0 -1.0 -1.0 -1.0 -1.0 2.827 3.31 7.128 475.081 2.196 1614.262 -0.7869515065119632 1.0 -1.0 -1.0
10.0 99.0 Car -1.0 -1.0 -1.0 -1.0 -1.0 -1.0 -1.0 1.73 1.562 4.084 429.985 0.0 1651.434 -0.5538656273528866 1.0 -1.0 -1.0
10.0 0.0 Truck -1.0 -1.0 -1.0 -1.0 -1.0 -1.0 -1.0 2.827 3.31 7.128 477.883 2.17 1611.116 -0.804397372333565 1.0 -1.0 -1.0
11.0 99.0 Car -1.0 -1.0 -1.0 -1.0 -1.0 -1.0 -1.0 1.73 1.562 4.084 433.373 0.0 1649.285 -0.566227780913288 1.0 -1.0 -1.0
11.0 0.0 Truck -1.0 -1.0 -1.0 -1.0 -1.0 -1.0 -1.0 2.827 3.31 7.128 480.63 2.143 1607.921 -0.8218433079549635 1.0 -1.0 -1.0
12.0 99.0 Car -1.0 -1.0 -1.0 -1.0 -1.0 -1.0 -1.0 1.73 1.562 4.084 436.923 0.0 1646.915 -0.5900211235932562 1.0 -1.0 -1.0
12.0 0.0 Truck -1.0 -1.0 -1.0 -1.0 -1.0 -1.0 -1.0 2.827 3.31 7.128 483.323 2.117 1604.676 -0.8393076358227236 1.0 -1.0 -1.0
13.0 99.0 Car -1.0 -1.0 -1.0 -1.0 -1.0 -1.0 -1.0 1.73 1.562 4.084 440.549 0.0 1644.38 -0.6071740649064664 1.0 -1.0 -1.0
13.0 0.0 Truck -1.0 -1.0 -1.0 -1.0 -1.0 -1.0 -1.0 2.827 3.31 7.128 485.931 2.091 1601.362 -0.8567728710878373 1.0 -1.0 -1.0
14.0 99.0 Car -1.0 -1.0 -1.0 -1.0 -1.0 -1.0 -1.0 1.73 1.562 4.084 444.231 0.0 1641.695 -0.6241998099082565 1.0 -1.0 -1.0
14.0 0.0 Truck -1.0 -1.0 -1.0 -1.0 -1.0 -1.0 -1.0 2.827 3.31 7.128 488.535 2.065 1598.051 -0.8742179691116788 1.0 -1.0 -1.0
15.0 99.0 Car -1.0 -1.0 -1.0 -1.0 -1.0 -1.0 -1.0 1.73 1.562 4.084 447.982 0.0 1638.891 -0.6495925306479348 1.0 -1.0 -1.0
15.0 0.0 Truck -1.0 -1.0 -1.0 -1.0 -1.0 -1.0 -1.0 2.827 3.31 7.128 491.466 2.097 1594.218 -0.9010680913834328 1.0 -1.0 -1.0
16.0 99.0 Car -1.0 -1.0 -1.0 -1.0 -1.0 -1.0 -1.0 1.73 1.562 4.084 452.506 0.0 1635.328 -0.6755764327404655 1.0 -1.0 -1.0
16.0 0.0 Truck -1.0 -1.0 -1.0 -1.0 -1.0 -1.0 -1.0 2.827 3.31 7.128 494.847 2.136 1589.515 -0.9332936738897449 1.0 -1.0 -1.0
17.0 99.0 Car -1.0 -1.0 -1.0 -1.0 -1.0 -1.0 -1.0 1.73 1.562 4.084 456.221 0.0 1632.288 -0.691400133131684 1.0 -1.0 -1.0
17.0 0.0 Truck -1.0 -1.0 -1.0 -1.0 -1.0 -1.0 -1.0 2.827 3.31 7.128 497.547 2.168 1585.516 -0.9601444407204167 1.0 -1.0 -1.0
18.0 99.0 Car -1.0 -1.0 -1.0 -1.0 -1.0 -1.0 -1.0 1.73 1.562 4.084 459.939 0.0 1629.134 -0.7132425446574472 1.0 -1.0 -1.0
18.0 0.0 Truck -1.0 -1.0 -1.0 -1.0 -1.0 -1.0 -1.0 2.827 3.31 7.128 500.135 2.201 1581.45 -0.9869650207084394 1.0 -1.0 -1.0
19.0 99.0 Car -1.0 -1.0 -1.0 -1.0 -1.0 -1.0 -1.0 1.73 1.562 4.084 463.678 0.0 1625.791 -0.7450679995351552 1.0 -1.0 -1.0
19.0 0.0 Truck -1.0 -1.0 -1.0 -1.0 -1.0 -1.0 -1.0 2.827 3.31 7.128 502.619 2.233 1577.306 -1.0138443092712235 1.0 -1.0 -1.0
20.0 99.0 Car -1.0 -1.0 -1.0 -1.0 -1.0 -1.0 -1.0 1.73 1.562 4.084 467.397 0.0 1622.189 -0.7792780470930164 1.0 -1.0 -1.0
20.0 0.0 Truck -1.0 -1.0 -1.0 -1.0 -1.0 -1.0 -1.0 2.827 3.31 7.128 505.052 2.257 1573.094 -1.05226603013919 1.0 -1.0 -1.0
21.0 99.0 Car -1.0 -1.0 -1.0 -1.0 -1.0 -1.0 -1.0 1.73 1.562 4.084 471.054 0.0 1618.448 -0.8068354614242738 1.0 -1.0 -1.0
21.0 0.0 Truck -1.0 -1.0 -1.0 -1.0 -1.0 -1.0 -1.0 2.827 3.31 7.128 507.318 2.28 1568.796 -1.0906470578397518 1.0 -1.0 -1.0
22.0 99.0 Car -1.0 -1.0 -1.0 -1.0 -1.0 -1.0 -1.0 1.73 1.562 4.084 474.686 0.0 1614.518 -0.8340109059090058 1.0 -1.0 -1.0
22.0 0.0 Truck -1.0 -1.0 -1.0 -1.0 -1.0 -1.0 -1.0 2.827 3.31 7.128 509.418 2.304 1564.415 -1.1290280855403139 1.0 -1.0 -1.0
23.0 99.0 Car -1.0 -1.0 -1.0 -1.0 -1.0 -1.0 -1.0 1.73 1.562 4.084 478.318 0.0 1610.367 -0.85734030880317 1.0 -1.0 -1.0
23.0 0.0 Truck -1.0 -1.0 -1.0 -1.0 -1.0 -1.0 -1.0 2.827 3.31 7.128 511.351 2.328 1559.951 -1.167449038612669 1.0 -1.0 -1.0
24.0 99.0 Car -1.0 -1.0 -1.0 -1.0 -1.0 -1.0 -1.0 1.73 1.562 4.084 481.961 0.0 1606.029 -0.8804569870084812 1.0 -1.0 -1.0
24.0 0.0 Truck -1.0 -1.0 -1.0 -1.0 -1.0 -1.0 -1.0 2.827 3.31 7.128 513.109 2.352 1555.421 -1.2058305269905976 1.0 -1.0 -1.0
25.0 99.0 Car -1.0 -1.0 -1.0 -1.0 -1.0 -1.0 -1.0 1.73 1.562 4.084 485.515 0.0 1601.57 -0.9032440186882856 1.0 -1.0 -1.0
25.0 0.0 Truck -1.0 -1.0 -1.0 -1.0 -1.0 -1.0 -1.0 2.827 3.31 7.128 514.651 2.354 1551.085 -1.212804145842453 1.0 -1.0 -1.0
26.0 99.0 Car -1.0 -1.0 -1.0 -1.0 -1.0 -1.0 -1.0 1.73 1.562 4.084 488.321 0.0 1597.886 -0.9195493493586492 1.0 -1.0 -1.0
26.0 0.0 Truck -1.0 -1.0 -1.0 -1.0 -1.0 -1.0 -1.0 2.827 3.31 7.128 515.886 2.355 1547.614 -1.2183879067395995 1.0 -1.0 -1.0
27.0 99.0 Car -1.0 -1.0 -1.0 -1.0 -1.0 -1.0 -1.0 1.73 1.562 4.084 491.807 0.0 1593.183 -0.9361954082637854 1.0 -1.0 -1.0
27.0 0.0 Truck -1.0 -1.0 -1.0 -1.0 -1.0 -1.0 -1.0 2.827 3.31 7.128 517.431 2.358 1543.274 -1.2253688578337694 1.0 -1.0 -1.0
28.0 99.0 Car -1.0 -1.0 -1.0 -1.0 -1.0 -1.0 -1.0 1.73 1.562 4.084 495.178 0.0 1588.346 -0.9659794092079477 1.0 -1.0 -1.0
28.0 0.0 Truck -1.0 -1.0 -1.0 -1.0 -1.0 -1.0 -1.0 2.827 3.31 7.128 518.977 2.36 1538.928 -1.2323581188025634 0.0 -1.0 -1.0
29.0 99.0 Car -1.0 -1.0 -1.0 -1.0 -1.0 -1.0 -1.0 1.73 1.562 4.084 498.996 0.0 1582.451 -1.006602869672416 1.0 -1.0 -1.0
29.0 0.0 Truck -1.0 -1.0 -1.0 -1.0 -1.0 -1.0 -1.0 2.827 3.31 7.128 520.83 2.362 1533.719 -1.240737112030484 0.0 -1.0 -1.0
30.0 99.0 Car -1.0 -1.0 -1.0 -1.0 -1.0 -1.0 -1.0 1.73 1.562 4.084 501.923 0.0 1577.596 -1.0387959345921776 1.0 -1.0 -1.0
30.0 0.0 Truck -1.0 -1.0 -1.0 -1.0 -1.0 -1.0 -1.0 2.827 3.31 7.128 522.007 2.305 1529.824 -1.258198876307748 0.0 -1.0 -1.0
31.0 99.0 Car -1.0 -1.0 -1.0 -1.0 -1.0 -1.0 -1.0 1.73 1.562 4.084 504.61 0.0 1572.784 -1.072055626276987 1.0 -1.0 -1.0
31.0 0.0 Truck -1.0 -1.0 -1.0 -1.0 -1.0 -1.0 -1.0 2.827 3.31 7.128 523.117 2.247 1525.91 -1.2756587215296054 0.0 -1.0 -1.0
32.0 99.0 Car -1.0 -1.0 -1.0 -1.0 -1.0 -1.0 -1.0 1.73 1.562 4.084 507.115 0.0 1567.989 -1.100781337255742 1.0 -1.0 -1.0
32.0 0.0 Truck -1.0 -1.0 -1.0 -1.0 -1.0 -1.0 -1.0 2.827 3.31 7.128 524.158 2.189 1521.972 -1.2931398857124314 0.0 -1.0 -1.0
33.0 99.0 Car -1.0 -1.0 -1.0 -1.0 -1.0 -1.0 -1.0 1.73 1.562 4.084 509.466 0.0 1563.225 -1.1232720468618016 1.0 -1.0 -1.0
33.0 0.0 Truck -1.0 -1.0 -1.0 -1.0 -1.0 -1.0 -1.0 2.827 3.31 7.128 525.094 2.132 1518.021 -1.3105614545019124 0.0 -1.0 -1.0
34.0 99.0 Car -1.0 -1.0 -1.0 -1.0 -1.0 -1.0 -1.0 1.73 1.562 4.084 511.683 0.0 1558.423 -1.146301822543294 1.0 -1.0 -1.0
34.0 0.0 Truck -1.0 -1.0 -1.0 -1.0 -1.0 -1.0 -1.0 2.827 3.31 7.128 526.03 2.074 1514.066 -1.3280035746301992 0.0 -1.0 -1.0
35.0 99.0 Car -1.0 -1.0 -1.0 -1.0 -1.0 -1.0 -1.0 1.73 1.562 4.084 513.333 0.0 1554.63 -1.1637284783657345 1.0 -1.0 -1.0
35.0 0.0 Truck -1.0 -1.0 -1.0 -1.0 -1.0 -1.0 -1.0 2.827 3.31 7.128 526.549 1.978 1511.455 -1.3454490272555917 0.0 -1.0 -1.0
36.0 99.0 Car -1.0 -1.0 -1.0 -1.0 -1.0 -1.0 -1.0 1.73 1.562 4.084 515.276 0.0 1549.894 -1.1890364868755974 1.0 -1.0 -1.0
36.0 0.0 Truck -1.0 -1.0 -1.0 -1.0 -1.0 -1.0 -1.0 2.827 3.31 7.128 527.134 1.858 1508.178 -1.3672607629711573 0.0 -1.0 -1.0
37.0 99.0 Car -1.0 -1.0 -1.0 -1.0 -1.0 -1.0 -1.0 1.73 1.562 4.084 517.122 0.0 1545.083 -1.2144593726981552 1.0 -1.0 -1.0
37.0 0.0 Truck -1.0 -1.0 -1.0 -1.0 -1.0 -1.0 -1.0 2.827 3.31 7.128 527.647 1.739 1504.892 -1.389048979003071 0.0 -1.0 -1.0
38.0 99.0 Car -1.0 -1.0 -1.0 -1.0 -1.0 -1.0 -1.0 1.73 1.562 4.084 518.888 0.0 1540.118 -1.236049462773593 1.0 -1.0 -1.0
38.0 0.0 Truck -1.0 -1.0 -1.0 -1.0 -1.0 -1.0 -1.0 2.827 3.31 7.128 528.053 1.619 1501.584 -1.4108854562040367 0.0 -1.0 -1.0
39.0 99.0 Car -1.0 -1.0 -1.0 -1.0 -1.0 -1.0 -1.0 1.73 1.562 4.084 520.526 0.0 1535.157 -1.257382534320468 1.0 -1.0 -1.0
39.0 0.0 Truck -1.0 -1.0 -1.0 -1.0 -1.0 -1.0 -1.0 2.827 3.31 7.128 528.459 1.499 1498.276 -1.432723329749858 0.0 -1.0 -1.0
