0.0 99.0 Car -1.0 -1.0 -1.0 -1.0 -1.0 -1.0 -1.0 1.73 1.562 4.084 839.031 0.0 1889.046 2.5753607058713768 1.0 -1.0 -1.0
0.0 0.0 Car -1.0 -1.0 -1.0 -1.0 -1.0 -1.0 -1.0 2.016 1.946 4.741 807.712 0.663 1875.39 -2.0842547386953623 0.0 -1.0 -1.0
1.0 99.0 Car -1.0 -1.0 -1.0 -1.0 -1.0 -1.0 -1.0 1.73 1.562 4.084 836.967 0.0 1890.366 2.5911542869378277 1.0 -1.0 -1.0
1.0 1.0 Truck -1.0 -1.0 -1.0 -1.0 -1.0 -1.0 -1.0 2.432 2.0 5.11 803.538 0.935 1869.006 -2.0872741583411036 0.0 -1.0 -1.0
1.0 0.0 Car -1.0 -1.0 -1.0 -1.0 -1.0 -1.0 -1.0 2.016 1.946 4.741 807.712 0.663 1875.39 -2.0842547386953623 0.0 -1.0 -1.0
2.0 99.0 Car -1.0 -1.0 -1.0 -1.0 -1.0 -1.0 -1.0 1.73 1.562 4.084 835.058 0.0 1891.537 2.6099793649465672 1.0 -1.0 -1.0
2.0 1.0 Truck -1.0 -1.0 -1.0 -1.0 -1.0 -1.0 -1.0 2.432 2.0 5.11 803.52 0.935 1868.975 -2.0872741583411036 1.0 -1.0 -1.0
2.0 0.0 Car -1.0 -1.0 -1.0 -1.0 -1.0 -1.0 -1.0 2.016 1.946 4.741 807.648 0.663 1875.277 -2.0842547386953623 1.0 -1.0 -1.0
3.0 99.0 Car -1.0 -1.0 -1.0 -1.0 -1.0 -1.0 -1.0 1.73 1.562 4.084 833.253 0.0 1892.584 2.6345897407090044 1.0 -1.0 -1.0
3.0 1.0 Truck -1.0 -1.0 -1.0 -1.0 -1.0 -1.0 -1.0 2.432 2.0 5.11 803.503 0.935 1868.944 -2.0872741583411036 1.0 -1.0 -1.0
3.0 0.0 Car -1.0 -1.0 -1.0 -1.0 -1.0 -1.0 -1.0 2.016 1.946 4.741 807.584 0.663 1875.163 -2.0842547386953623 1.0 -1.0 -1.0
4.0 99.0 Car -1.0 -1.0 -1.0 -1.0 -1.0 -1.0 -1.0 1.73 1.562 4.084 831.707 0.0 1893.427 2.6648776311263034 1.0 -1.0 -1.0
4.0 1.0 Truck -1.0 -1.0 -1.0 -1.0 -1.0 -1.0 -1.0 2.432 2.0 5.11 803.486 0.935 1868.914 -2.0872741583411036 1.0 -1.0 -1.0
4.0 0.0 Car -1.0 -1.0 -1.0 -1.0 -1.0 -1.0 -1.0 2.016 1.946 4.741 807.55 0.663 1875.07 -2.0842547386953623 1.0 -1.0 -1.0
4.0 2.0 Car -1.0 -1.0 -1.0 -1.0 -1.0 -1.0 -1.0 2.192 2.133 4.501 811.18 0.709 1881.436 -2.1191613237352485 0.0 -1.0 -1.0
5.0 99.0 Car -1.0 -1.0 -1.0 -1.0 -1.0 -1.0 -1.0 1.73 1.562 4.084 830.379 0.0 1894.088 2.707116857867818 1.0 -1.0 -1.0
5.0 1.0 Truck -1.0 -1.0 -1.0 -1.0 -1.0 -1.0 -1.0 2.432 2.0 5.11 803.497 0.935 1868.935 -2.0872741583411036 0.0 -1.0 -1.0
5.0 0.0 Car -1.0 -1.0 -1.0 -1.0 -1.0 -1.0 -1.0 2.016 1.946 4.741 807.516 0.663 1874.976 -2.0842547386953623 0.0 -1.0 -1.0
5.0 2.0 Car -1.0 -1.0 -1.0 -1.0 -1.0 -1.0 -1.0 2.192 2.133 4.501 811.197 0.709 1881.463 -2.1191613237352485 0.0 -1.0 -1.0
6.0 99.0 Car -1.0 -1.0 -1.0 -1.0 -1.0 -1.0 -1.0 1.73 1.562 4.084 829.203 0.0 1894.607 2.7633063453282767 1.0 -1.0 -1.0
6.0 1.0 Truck -1.0 -1.0 -1.0 -1.0 -1.0 -1.0 -1.0 2.432 2.0 5.11 803.509 0.935 1868.955 -2.0872741583411036 0.0 -1.0 -1.0
6.0 0.0 Car -1.0 -1.0 -1.0 -1.0 -1.0 -1.0 -1.0 2.016 1.946 4.741 807.508 0.661 1874.977 -2.0842547386953623 0.0 -1.0 -1.0
6.0 2.0 Car -1.0 -1.0 -1.0 -1.0 -1.0 -1.0 -1.0 2.192 2.133 4.501 811.209 0.709 1881.455 -2.1191613237352485 0.0 -1.0 -1.0
7.0 99.0 Car -1.0 -1.0 -1.0 -1.0 -1.0 -1.0 -1.0 1.73 1.562 4.084 828.12 0.0 1894.999 2.8220245771861263 1.0 -1.0 -1.0
7.0 1.0 Truck -1.0 -1.0 -1.0 -1.0 -1.0 -1.0 -1.0 2.432 2.0 5.11 803.254 0.935 1868.507 -2.0872741583411036 0.0 -1.0 -1.0
7.0 0.0 Car -1.0 -1.0 -1.0 -1.0 -1.0 -1.0 -1.0 2.016 1.946 4.741 807.499 0.658 1874.978 -2.0842547386953623 0.0 -1.0 -1.0
7.0 2.0 Car -1.0 -1.0 -1.0 -1.0 -1.0 -1.0 -1.0 2.192 2.133 4.501 811.223 0.709 1881.446 -2.1191613237352485 1.0 -1.0 -1.0
8.0 99.0 Car -1.0 -1.0 -1.0 -1.0 -1.0 -1.0 -1.0 1.73 1.562 4.084 827.256 0.0 1895.267 2.8659756184492573 1.0 -1.0 -1.0
8.0 1.0 Truck -1.0 -1.0 -1.0 -1.0 -1.0 -1.0 -1.0 2.432 2.0 5.11 803.023 0.935 1868.099 -2.0872741583411036 0.0 -1.0 -1.0
8.0 0.0 Car -1.0 -1.0 -1.0 -1.0 -1.0 -1.0 -1.0 2.016 1.946 4.741 807.495 0.608 1874.987 -2.0842547386953623 0.0 -1.0 -1.0
8.0 2.0 Car -1.0 -1.0 -1.0 -1.0 -1.0 -1.0 -1.0 2.192 2.133 4.501 811.236 0.709 1881.438 -2.1191613237352485 1.0 -1.0 -1.0
9.0 99.0 Car -1.0 -1.0 -1.0 -1.0 -1.0 -1.0 -1.0 1.73 1.562 4.084 826.624 0.0 1895.429 2.9125180136214217 1.0 -1.0 -1.0
9.0 1.0 Truck -1.0 -1.0 -1.0 -1.0 -1.0 -1.0 -1.0 2.432 2.0 5.11 802.514 0.935 1867.202 -2.0872741583411036 0.0 -1.0 -1.0
9.0 0.0 Car -1.0 -1.0 -1.0 -1.0 -1.0 -1.0 -1.0 2.016 1.946 4.741 807.491 0.558 1874.996 -2.0842547386953623 0.0 -1.0 -1.0
9.0 2.0 Car -1.0 -1.0 -1.0 -1.0 -1.0 -1.0 -1.0 2.192 2.133 4.501 811.249 0.709 1881.43 -2.1191613237352485 1.0 -1.0 -1.0
10.0 99.0 Car -1.0 -1.0 -1.0 -1.0 -1.0 -1.0 -1.0 1.73 1.562 4.084 826.098 0.0 1895.541 2.955686895675733 1.0 -1.0 -1.0
10.0 1.0 Truck -1.0 -1.0 -1.0 -1.0 -1.0 -1.0 -1.0 2.432 2.0 5.11 802.004 0.935 1866.306 -2.0872741583411036 0.0 -1.0 -1.0
10.0 0.0 Car -1.0 -1.0 -1.0 -1.0 -1.0 -1.0 -1.0 2.016 1.946 4.741 807.375 0.558 1874.806 -2.09219108600487 0.0 -1.0 -1.0
10.0 2.0 Car -1.0 -1.0 -1.0 -1.0 -1.0 -1.0 -1.0 2.192 2.133 4.501 811.257 0.709 1881.442 -2.1191613237352485 1.0 -1.0 -1.0
11.0 99.0 Car -1.0 -1.0 -1.0 -1.0 -1.0 -1.0 -1.0 1.73 1.562 4.084 825.467 0.0 1895.635 3.036617347839133 1.0 -1.0 -1.0
11.0 1.0 Truck -1.0 -1.0 -1.0 -1.0 -1.0 -1.0 -1.0 2.432 2.0 5.11 801.119 0.935 1864.747 -2.0872741583411036 0.0 -1.0 -1.0
11.0 0.0 Car -1.0 -1.0 -1.0 -1.0 -1.0 -1.0 -1.0 2.016 1.946 4.741 807.236 0.558 1874.579 -2.101708031215306 0.0 -1.0 -1.0
11.0 2.0 Car -1.0 -1.0 -1.0 -1.0 -1.0 -1.0 -1.0 2.192 2.133 4.501 811.266 0.709 1881.457 -2.1191613237352485 1.0 -1.0 -1.0
12.0 99.0 Car -1.0 -1.0 -1.0 -1.0 -1.0 -1.0 -1.0 1.73 1.562 4.084 824.736 0.0 1895.68 3.135650074380868 1.0 -1.0 -1.0
12.0 1.0 Truck -1.0 -1.0 -1.0 -1.0 -1.0 -1.0 -1.0 2.432 2.0 5.11 800.381 0.935 1863.447 -2.0872741583411036 0.0 -1.0 -1.0
12.0 0.0 Car -1.0 -1.0 -1.0 -1.0 -1.0 -1.0 -1.0 2.016 1.946 4.741 806.818 0.558 1873.809 -2.101708031215306 0.0 -1.0 -1.0
12.0 2.0 Car -1.0 -1.0 -1.0 -1.0 -1.0 -1.0 -1.0 2.192 2.133 4.501 811.241 0.709 1881.417 -2.1191613237352485 1.0 -1.0 -1.0
13.0 99.0 Car -1.0 -1.0 -1.0 -1.0 -1.0 -1.0 -1.0 1.73 1.562 4.084 823.874 0.0 1895.654 -3.0440809653959957 1.0 -1.0 -1.0
13.0 1.0 Truck -1.0 -1.0 -1.0 -1.0 -1.0 -1.0 -1.0 2.432 2.0 5.11 799.264 0.935 1861.552 -2.096005698707984 0.0 -1.0 -1.0
13.0 0.0 Car -1.0 -1.0 -1.0 -1.0 -1.0 -1.0 -1.0 2.016 1.946 4.741 806.399 0.558 1873.039 -2.101708031215306 0.0 -1.0 -1.0
13.0 2.0 Car -1.0 -1.0 -1.0 -1.0 -1.0 -1.0 -1.0 2.192 2.133 4.501 811.217 0.709 1881.378 -2.1191613237352485 0.0 -1.0 -1.0
14.0 99.0 Car -1.0 -1.0 -1.0 -1.0 -1.0 -1.0 -1.0 1.73 1.562 4.084 823.02 0.0 1895.536 -2.9398744230263807 1.0 -1.0 -1.0
14.0 1.0 Truck -1.0 -1.0 -1.0 -1.0 -1.0 -1.0 -1.0 2.432 2.0 5.11 798.149 0.935 1859.658 -2.104727450861047 0.0 -1.0 -1.0
14.0 0.0 Car -1.0 -1.0 -1.0 -1.0 -1.0 -1.0 -1.0 2.016 1.946 4.741 805.693 0.558 1871.871 -2.0929861744329195 0.0 -1.0 -1.0
14.0 2.0 Car -1.0 -1.0 -1.0 -1.0 -1.0 -1.0 -1.0 2.192 2.133 4.501 811.131 0.709 1881.267 -2.1191613237352485 0.0 -1.0 -1.0
15.0 99.0 Car -1.0 -1.0 -1.0 -1.0 -1.0 -1.0 -1.0 1.73 1.562 4.084 822.258 0.0 1895.335 -2.8365757196823944 1.0 -1.0 -1.0
15.0 1.0 Truck -1.0 -1.0 -1.0 -1.0 -1.0 -1.0 -1.0 2.432 2.0 5.11 796.197 0.935 1856.4 -2.113454166875316 0.0 -1.0 -1.0
15.0 0.0 Car -1.0 -1.0 -1.0 -1.0 -1.0 -1.0 -1.0 2.016 1.946 4.741 804.986 0.558 1870.702 -2.0842547386953623 0.0 -1.0 -1.0
15.0 2.0 Car -1.0 -1.0 -1.0 -1.0 -1.0 -1.0 -1.0 2.192 2.133 4.501 810.949 0.709 1880.997 -2.1191613237352485 0.0 -1.0 -1.0
16.0 99.0 Car -1.0 -1.0 -1.0 -1.0 -1.0 -1.0 -1.0 1.73 1.562 4.084 821.534 0.0 1895.067 -2.7420763477910497 1.0 -1.0 -1.0
16.0 1.0 Truck -1.0 -1.0 -1.0 -1.0 -1.0 -1.0 -1.0 2.432 2.0 5.11 794.246 0.935 1853.142 -2.1221807433809903 0.0 -1.0 -1.0
16.0 0.0 Car -1.0 -1.0 -1.0 -1.0 -1.0 -1.0 -1.0 2.016 1.946 4.741 804.294 0.558 1869.525 -2.0842547386953623 0.0 -1.0 -1.0
16.0 2.0 Car -1.0 -1.0 -1.0 -1.0 -1.0 -1.0 -1.0 2.192 2.133 4.501 810.572 0.709 1880.41 -2.1191613237352485 0.0 -1.0 -1.0
17.0 99.0 Car -1.0 -1.0 -1.0 -1.0 -1.0 -1.0 -1.0 1.73 1.562 4.084 820.818 0.0 1894.718 -2.6387209358215116 1.0 -1.0 -1.0
17.0 2.0 Car -1.0 -1.0 -1.0 -1.0 -1.0 -1.0 -1.0 2.192 2.133 4.501 810.066 0.709 1879.613 -2.1191613237352485 0.0 -1.0 -1.0
18.0 99.0 Car -1.0 -1.0 -1.0 -1.0 -1.0 -1.0 -1.0 1.73 1.562 4.084 820.008 0.0 1894.215 -2.519278562533173 1.0 -1.0 -1.0
18.0 2.0 Car -1.0 -1.0 -1.0 -1.0 -1.0 -1.0 -1.0 2.192 2.133 4.501 809.421 0.709 1878.445 -2.1016993418912624 0.0 -1.0 -1.0
19.0 99.0 Car -1.0 -1.0 -1.0 -1.0 -1.0 -1.0 -1.0 1.73 1.562 4.084 819.247 0.0 1893.601 -2.415303103366144 1.0 -1.0 -1.0
19.0 2.0 Car -1.0 -1.0 -1.0 -1.0 -1.0 -1.0 -1.0 2.192 2.133 4.501 808.557 0.709 1876.904 -2.0842547386953623 0.0 -1.0 -1.0
20.0 99.0 Car -1.0 -1.0 -1.0 -1.0 -1.0 -1.0 -1.0 1.73 1.562 4.084 818.618 0.0 1892.988 -2.322930917406385 1.0 -1.0 -1.0
20.0 2.0 Car -1.0 -1.0 -1.0 -1.0 -1.0 -1.0 -1.0 2.192 2.133 4.501 807.529 0.709 1875.029 -2.075533030285198 0.0 -1.0 -1.0
21.0 99.0 Car -1.0 -1.0 -1.0 -1.0 -1.0 -1.0 -1.0 1.73 1.562 4.084 817.838 0.0 1892.087 -2.2300362098238025 1.0 -1.0 -1.0
21.0 2.0 Car -1.0 -1.0 -1.0 -1.0 -1.0 -1.0 -1.0 2.192 2.133 4.501 806.32 0.709 1872.827 -2.066801446175419 0.0 -1.0 -1.0
22.0 99.0 Car -1.0 -1.0 -1.0 -1.0 -1.0 -1.0 -1.0 1.73 1.562 4.084 817.21 0.0 1891.245 -2.1744378060193434 1.0 -1.0 -1.0
22.0 2.0 Car -1.0 -1.0 -1.0 -1.0 -1.0 -1.0 -1.0 2.192 2.133 4.501 805.024 0.82 1870.571 -2.0745519552733303 0.0 -1.0 -1.0
23.0 99.0 Car -1.0 -1.0 -1.0 -1.0 -1.0 -1.0 -1.0 1.73 1.562 4.084 816.332 0.0 1889.934 -2.1293922059259285 1.0 -1.0 -1.0
23.0 2.0 Car -1.0 -1.0 -1.0 -1.0 -1.0 -1.0 -1.0 2.192 2.133 4.501 803.401 0.959 1867.747 -2.0842547386953623 0.0 -1.0 -1.0
24.0 99.0 Car -1.0 -1.0 -1.0 -1.0 -1.0 -1.0 -1.0 1.73 1.562 4.084 815.333 0.0 1888.314 -2.1051497624101034 1.0 -1.0 -1.0
24.0 2.0 Car -1.0 -1.0 -1.0 -1.0 -1.0 -1.0 -1.0 2.192 2.133 4.501 801.376 1.098 1864.669 -2.1104184848008063 0.0 -1.0 -1.0
