0.0 99.0 Car -1.0 -1.0 -1.0 -1.0 -1.0 -1.0 -1.0 1.73 1.562 4.084 440.862 0.0 1258.779 -2.0061890987029005 1.0 -1.0 -1.0
0.0 0.0 Car -1.0 -1.0 -1.0 -1.0 -1.0 -1.0 -1.0 1.843 1.47 4.433 447.625 1.066 1273.217 -2.0235347347622157 0.0 -1.0 -1.0
0.0 2.0 Truck -1.0 -1.0 -1.0 -1.0 -1.0 -1.0 -1.0 2.014 2.011 4.932 425.655 0.749 1218.642 -1.9446633057977094 0.0 -1.0 -1.0
1.0 99.0 Car -1.0 -1.0 -1.0 -1.0 -1.0 -1.0 -1.0 1.73 1.562 4.084 440.336 0.0 1257.65 -2.001315346894387 1.0 -1.0 -1.0
1.0 0.0 Car -1.0 -1.0 -1.0 -1.0 -1.0 -1.0 -1.0 1.843 1.47 4.433 447.131 1.066 1272.203 -2.0235347347622157 1.0 -1.0 -1.0
1.0 2.0 Truck -1.0 -1.0 -1.0 -1.0 -1.0 -1.0 -1.0 2.014 2.011 4.932 424.552 0.727 1215.706 -1.9446633057977094 1.0 -1.0 -1.0
2.0 99.0 Car -1.0 -1.0 -1.0 -1.0 -1.0 -1.0 -1.0 1.73 1.562 4.084 439.807 0.0 1256.503 -1.9941782485684039 1.0 -1.0 -1.0
2.0 0.0 Car -1.0 -1.0 -1.0 -1.0 -1.0 -1.0 -1.0 1.843 1.47 4.433 446.638 1.066 1271.189 -2.0235347347622157 1.0 -1.0 -1.0
2.0 2.0 Truck -1.0 -1.0 -1.0 -1.0 -1.0 -1.0 -1.0 2.014 2.011 4.932 423.501 0.706 1212.898 -1.9446633057977094 1.0 -1.0 -1.0
3.0 99.0 Car -1.0 -1.0 -1.0 -1.0 -1.0 -1.0 -1.0 1.73 1.562 4.084 439.282 0.0 1255.34 -1.9860994229319822 1.0 -1.0 -1.0
3.0 0.0 Car -1.0 -1.0 -1.0 -1.0 -1.0 -1.0 -1.0 1.843 1.47 4.433 446.264 1.066 1270.351 -2.0235347347622157 1.0 -1.0 -1.0
3.0 2.0 Truck -1.0 -1.0 -1.0 -1.0 -1.0 -1.0 -1.0 2.014 2.011 4.932 422.545 0.734 1210.335 -1.9621362860943568 1.0 -1.0 -1.0
4.0 99.0 Car -1.0 -1.0 -1.0 -1.0 -1.0 -1.0 -1.0 1.73 1.562 4.084 438.775 0.0 1254.203 -1.9832284468450763 1.0 -1.0 -1.0
4.0 0.0 Car -1.0 -1.0 -1.0 -1.0 -1.0 -1.0 -1.0 1.843 1.47 4.433 445.873 1.066 1269.496 -2.018948059088636 1.0 -1.0 -1.0
4.0 2.0 Truck -1.0 -1.0 -1.0 -1.0 -1.0 -1.0 -1.0 2.014 2.011 4.932 421.591 0.762 1207.778 -1.9795698908375956 1.0 -1.0 -1.0
5.0 99.0 Car -1.0 -1.0 -1.0 -1.0 -1.0 -1.0 -1.0 1.73 1.562 4.084 438.346 0.0 1253.243 -1.98602832252351 1.0 -1.0 -1.0
5.0 0.0 Car -1.0 -1.0 -1.0 -1.0 -1.0 -1.0 -1.0 1.843 1.47 4.433 445.56 1.066 1268.811 -2.0152747968162257 1.0 -1.0 -1.0
5.0 2.0 Truck -1.0 -1.0 -1.0 -1.0 -1.0 -1.0 -1.0 2.014 2.011 4.932 420.79 0.745 1205.745 -1.9795698908375956 1.0 -1.0 -1.0
6.0 99.0 Car -1.0 -1.0 -1.0 -1.0 -1.0 -1.0 -1.0 1.73 1.562 4.084 437.739 0.0 1251.902 -1.9937666093016475 1.0 -1.0 -1.0
6.0 0.0 Car -1.0 -1.0 -1.0 -1.0 -1.0 -1.0 -1.0 1.843 1.47 4.433 445.169 1.066 1267.955 -2.010682817534808 1.0 -1.0 -1.0
6.0 2.0 Truck -1.0 -1.0 -1.0 -1.0 -1.0 -1.0 -1.0 2.014 2.011 4.932 419.71 0.723 1203.238 -1.9795698908375956 1.0 -1.0 -1.0
7.0 99.0 Car -1.0 -1.0 -1.0 -1.0 -1.0 -1.0 -1.0 1.73 1.562 4.084 436.952 0.0 1250.189 -2.002840657918954 1.0 -1.0 -1.0
7.0 0.0 Car -1.0 -1.0 -1.0 -1.0 -1.0 -1.0 -1.0 1.843 1.47 4.433 444.777 1.066 1267.097 -2.006081442242272 1.0 -1.0 -1.0
7.0 2.0 Truck -1.0 -1.0 -1.0 -1.0 -1.0 -1.0 -1.0 2.014 2.011 4.932 418.614 0.751 1200.694 -1.9795698908375956 1.0 -1.0 -1.0
8.0 99.0 Car -1.0 -1.0 -1.0 -1.0 -1.0 -1.0 -1.0 1.73 1.562 4.084 435.966 0.0 1248.087 -2.005854402144384 1.0 -1.0 -1.0
8.0 1.0 Car -1.0 -1.0 -1.0 -1.0 -1.0 -1.0 -1.0 2.046 1.487 4.766 411.035 0.529 1212.566 1.1602076202760312 0.0 -1.0 -1.0
8.0 0.0 Car -1.0 -1.0 -1.0 -1.0 -1.0 -1.0 -1.0 1.843 1.47 4.433 444.272 1.066 1265.998 -2.006081442242272 1.0 -1.0 -1.0
8.0 2.0 Truck -1.0 -1.0 -1.0 -1.0 -1.0 -1.0 -1.0 2.014 2.011 4.932 417.381 0.779 1197.832 -1.9795698908375956 1.0 -1.0 -1.0
9.0 99.0 Car -1.0 -1.0 -1.0 -1.0 -1.0 -1.0 -1.0 1.73 1.562 4.084 434.911 0.0 1245.847 -2.0057639187667236 1.0 -1.0 -1.0
9.0 1.0 Car -1.0 -1.0 -1.0 -1.0 -1.0 -1.0 -1.0 2.046 1.487 4.766 413.601 0.629 1218.625 1.1602076202760312 1.0 -1.0 -1.0
9.0 0.0 Car -1.0 -1.0 -1.0 -1.0 -1.0 -1.0 -1.0 1.843 1.47 4.433 443.764 1.116 1264.89 -2.006081442242272 1.0 -1.0 -1.0
9.0 2.0 Truck -1.0 -1.0 -1.0 -1.0 -1.0 -1.0 -1.0 2.014 2.011 4.932 416.138 0.82 1194.862 -1.9795698908375956 1.0 -1.0 -1.0
10.0 99.0 Car -1.0 -1.0 -1.0 -1.0 -1.0 -1.0 -1.0 1.73 1.562 4.084 433.83 0.0 1243.539 -2.0001376622726297 1.0 -1.0 -1.0
10.0 1.0 Car -1.0 -1.0 -1.0 -1.0 -1.0 -1.0 -1.0 2.046 1.487 4.766 416.171 0.679 1224.694 1.1602076202760312 0.0 -1.0 -1.0
10.0 0.0 Car -1.0 -1.0 -1.0 -1.0 -1.0 -1.0 -1.0 1.843 1.47 4.433 443.257 1.116 1263.787 -2.006081442242272 1.0 -1.0 -1.0
10.0 2.0 Truck -1.0 -1.0 -1.0 -1.0 -1.0 -1.0 -1.0 2.014 2.011 4.932 414.914 0.892 1191.977 -1.9795698908375956 1.0 -1.0 -1.0
11.0 99.0 Car -1.0 -1.0 -1.0 -1.0 -1.0 -1.0 -1.0 1.73 1.562 4.084 432.711 0.0 1241.098 -1.9882145044791222 1.0 -1.0 -1.0
11.0 1.0 Car -1.0 -1.0 -1.0 -1.0 -1.0 -1.0 -1.0 2.046 1.487 4.766 418.512 0.729 1230.234 1.1602076202760312 0.0 -1.0 -1.0
11.0 0.0 Car -1.0 -1.0 -1.0 -1.0 -1.0 -1.0 -1.0 1.843 1.47 4.433 442.717 1.116 1262.611 -2.006081442242272 1.0 -1.0 -1.0
11.0 2.0 Truck -1.0 -1.0 -1.0 -1.0 -1.0 -1.0 -1.0 2.014 2.011 4.932 413.666 0.935 1189.066 -1.9795698908375956 1.0 -1.0 -1.0
12.0 99.0 Car -1.0 -1.0 -1.0 -1.0 -1.0 -1.0 -1.0 1.73 1.562 4.084 431.642 0.0 1238.685 -1.9739988050317152 1.0 -1.0 -1.0
12.0 1.0 Car -1.0 -1.0 -1.0 -1.0 -1.0 -1.0 -1.0 2.046 1.487 4.766 420.831 0.729 1235.562 1.1602076202760312 0.0 -1.0 -1.0
12.0 0.0 Car -1.0 -1.0 -1.0 -1.0 -1.0 -1.0 -1.0 1.843 1.47 4.433 442.177 1.115 1261.437 -2.006081442242272 1.0 -1.0 -1.0
12.0 2.0 Truck -1.0 -1.0 -1.0 -1.0 -1.0 -1.0 -1.0 2.014 2.011 4.932 412.419 0.903 1186.159 -1.9795698908375956 1.0 -1.0 -1.0
13.0 99.0 Car -1.0 -1.0 -1.0 -1.0 -1.0 -1.0 -1.0 1.73 1.562 4.084 430.62 0.0 1236.296 -1.9600006904340725 1.0 -1.0 -1.0
13.0 1.0 Car -1.0 -1.0 -1.0 -1.0 -1.0 -1.0 -1.0 2.046 1.487 4.766 422.925 0.829 1240.373 1.1602076202760312 0.0 -1.0 -1.0
13.0 0.0 Car -1.0 -1.0 -1.0 -1.0 -1.0 -1.0 -1.0 1.843 1.47 4.433 441.641 1.215 1260.195 -2.006081442242272 1.0 -1.0 -1.0
13.0 3.0 Truck -1.0 -1.0 -1.0 -1.0 -1.0 -1.0 -1.0 1.821 2.755 4.949 396.469 1.486 1177.688 1.1862479327438342 0.0 -1.0 -1.0
13.0 2.0 Truck -1.0 -1.0 -1.0 -1.0 -1.0 -1.0 -1.0 2.014 2.011 4.932 411.174 0.871 1183.254 -1.9795698908375956 1.0 -1.0 -1.0
14.0 99.0 Car -1.0 -1.0 -1.0 -1.0 -1.0 -1.0 -1.0 1.73 1.562 4.084 429.599 0.0 1233.798 -1.9456389674962402 1.0 -1.0 -1.0
14.0 1.0 Car -1.0 -1.0 -1.0 -1.0 -1.0 -1.0 -1.0 2.046 1.487 4.766 424.812 0.879 1244.708 1.1602076202760312 0.0 -1.0 -1.0
14.0 0.0 Car -1.0 -1.0 -1.0 -1.0 -1.0 -1.0 -1.0 1.843 1.47 4.433 440.945 1.215 1258.757 -2.006081442242272 1.0 -1.0 -1.0
14.0 3.0 Truck -1.0 -1.0 -1.0 -1.0 -1.0 -1.0 -1.0 1.821 2.755 4.949 398.255 1.33 1182.08 1.1862479327438342 1.0 -1.0 -1.0
14.0 2.0 Truck -1.0 -1.0 -1.0 -1.0 -1.0 -1.0 -1.0 2.014 2.011 4.932 409.967 0.874 1180.538 -1.9795698908375956 1.0 -1.0 -1.0
15.0 99.0 Car -1.0 -1.0 -1.0 -1.0 -1.0 -1.0 -1.0 1.73 1.562 4.084 428.568 0.0 1231.178 -1.933839883703911 1.0 -1.0 -1.0
15.0 1.0 Car -1.0 -1.0 -1.0 -1.0 -1.0 -1.0 -1.0 2.046 1.487 4.766 426.505 0.929 1248.597 1.1602076202760312 0.0 -1.0 -1.0
15.0 0.0 Car -1.0 -1.0 -1.0 -1.0 -1.0 -1.0 -1.0 1.843 1.47 4.433 440.265 1.215 1257.209 -2.006081442242272 1.0 -1.0 -1.0
15.0 3.0 Truck -1.0 -1.0 -1.0 -1.0 -1.0 -1.0 -1.0 1.821 2.755 4.949 400.107 1.275 1186.635 1.1862479327438342 1.0 -1.0 -1.0
15.0 2.0 Truck -1.0 -1.0 -1.0 -1.0 -1.0 -1.0 -1.0 2.014 2.011 4.932 408.827 0.928 1177.976 -1.9795698908375956 1.0 -1.0 -1.0
16.0 99.0 Car -1.0 -1.0 -1.0 -1.0 -1.0 -1.0 -1.0 1.73 1.562 4.084 427.571 0.0 1228.567 -1.9243177720044649 1.0 -1.0 -1.0
16.0 1.0 Car -1.0 -1.0 -1.0 -1.0 -1.0 -1.0 -1.0 2.046 1.487 4.766 428.054 1.03 1252.155 1.1602076202760312 0.0 -1.0 -1.0
16.0 0.0 Car -1.0 -1.0 -1.0 -1.0 -1.0 -1.0 -1.0 1.843 1.47 4.433 439.558 1.215 1255.673 -2.0235347347622157 1.0 -1.0 -1.0
16.0 3.0 Truck -1.0 -1.0 -1.0 -1.0 -1.0 -1.0 -1.0 1.821 2.755 4.949 401.959 1.269 1191.19 1.1862479327438342 1.0 -1.0 -1.0
16.0 2.0 Truck -1.0 -1.0 -1.0 -1.0 -1.0 -1.0 -1.0 2.014 2.011 4.932 407.74 0.781 1175.537 -1.9621165983176525 1.0 -1.0 -1.0
17.0 99.0 Car -1.0 -1.0 -1.0 -1.0 -1.0 -1.0 -1.0 1.73 1.562 4.084 426.583 0.0 1225.9 -1.9143475204043439 1.0 -1.0 -1.0
17.0 1.0 Car -1.0 -1.0 -1.0 -1.0 -1.0 -1.0 -1.0 2.046 1.487 4.766 429.728 1.18 1255.588 1.1602076202760312 0.0 -1.0 -1.0
17.0 0.0 Car -1.0 -1.0 -1.0 -1.0 -1.0 -1.0 -1.0 1.843 1.47 4.433 438.864 1.215 1254.097 -1.9886281497223293 1.0 -1.0 -1.0
17.0 3.0 Truck -1.0 -1.0 -1.0 -1.0 -1.0 -1.0 -1.0 1.821 2.755 4.949 403.811 1.313 1195.745 1.1862479327438342 1.0 -1.0 -1.0
17.0 2.0 Truck -1.0 -1.0 -1.0 -1.0 -1.0 -1.0 -1.0 2.014 2.011 4.932 406.635 0.785 1173.143 -1.9621165983176525 1.0 -1.0 -1.0
18.0 99.0 Car -1.0 -1.0 -1.0 -1.0 -1.0 -1.0 -1.0 1.73 1.562 4.084 425.667 0.0 1223.331 -1.8961059073576343 1.0 -1.0 -1.0
18.0 1.0 Car -1.0 -1.0 -1.0 -1.0 -1.0 -1.0 -1.0 2.046 1.487 4.766 431.239 1.215 1258.531 1.0903944501962577 0.0 -1.0 -1.0
18.0 0.0 Car -1.0 -1.0 -1.0 -1.0 -1.0 -1.0 -1.0 1.843 1.47 4.433 438.089 1.215 1252.414 -1.9886281497223293 1.0 -1.0 -1.0
18.0 3.0 Truck -1.0 -1.0 -1.0 -1.0 -1.0 -1.0 -1.0 1.821 2.755 4.949 405.446 1.308 1199.848 1.1862479327438342 1.0 -1.0 -1.0
18.0 2.0 Truck -1.0 -1.0 -1.0 -1.0 -1.0 -1.0 -1.0 2.014 2.011 4.932 405.615 0.788 1171.005 -1.9621165983176525 1.0 -1.0 -1.0
19.0 99.0 Car -1.0 -1.0 -1.0 -1.0 -1.0 -1.0 -1.0 1.73 1.562 4.084 424.7 0.0 1220.337 -1.8645952031717576 1.0 -1.0 -1.0
19.0 1.0 Car -1.0 -1.0 -1.0 -1.0 -1.0 -1.0 -1.0 2.046 1.487 4.766 432.944 1.303 1261.64 1.0729411576763146 0.0 -1.0 -1.0
19.0 0.0 Car -1.0 -1.0 -1.0 -1.0 -1.0 -1.0 -1.0 1.843 1.47 4.433 437.27 1.19 1250.524 -1.9886281497223293 1.0 -1.0 -1.0
19.0 3.0 Truck -1.0 -1.0 -1.0 -1.0 -1.0 -1.0 -1.0 1.821 2.755 4.949 407.292 1.358 1204.277 1.1687946402238907 1.0 -1.0 -1.0
19.0 2.0 Truck -1.0 -1.0 -1.0 -1.0 -1.0 -1.0 -1.0 2.014 2.011 4.932 404.689 0.847 1168.54 -1.9621165983176525 1.0 -1.0 -1.0
20.0 99.0 Car -1.0 -1.0 -1.0 -1.0 -1.0 -1.0 -1.0 1.73 1.562 4.084 423.811 0.0 1217.276 -1.8350120238719356 1.0 -1.0 -1.0
20.0 1.0 Car -1.0 -1.0 -1.0 -1.0 -1.0 -1.0 -1.0 2.046 1.487 4.766 434.652 1.392 1264.752 1.0729411576763146 0.0 -1.0 -1.0
20.0 0.0 Car -1.0 -1.0 -1.0 -1.0 -1.0 -1.0 -1.0 1.843 1.47 4.433 436.449 1.165 1248.632 -1.9886281497223293 1.0 -1.0 -1.0
20.0 3.0 Truck -1.0 -1.0 -1.0 -1.0 -1.0 -1.0 -1.0 1.821 2.755 4.949 409.172 1.409 1208.697 1.1687946402238907 0.0 -1.0 -1.0
20.0 2.0 Truck -1.0 -1.0 -1.0 -1.0 -1.0 -1.0 -1.0 2.014 2.011 4.932 403.762 0.856 1166.073 -1.9621165983176525 1.0 -1.0 -1.0
21.0 99.0 Car -1.0 -1.0 -1.0 -1.0 -1.0 -1.0 -1.0 1.73 1.562 4.084 423.017 0.0 1214.196 -1.8084126613289282 1.0 -1.0 -1.0
21.0 1.0 Car -1.0 -1.0 -1.0 -1.0 -1.0 -1.0 -1.0 2.046 1.487 4.766 435.982 1.456 1267.17 1.0729411576763146 0.0 -1.0 -1.0
21.0 0.0 Car -1.0 -1.0 -1.0 -1.0 -1.0 -1.0 -1.0 1.843 1.47 4.433 435.305 1.09 1246.086 -1.9886281497223293 1.0 -1.0 -1.0
21.0 3.0 Truck -1.0 -1.0 -1.0 -1.0 -1.0 -1.0 -1.0 1.821 2.755 4.949 411.075 1.509 1213.175 1.1687946402238907 0.0 -1.0 -1.0
21.0 2.0 Truck -1.0 -1.0 -1.0 -1.0 -1.0 -1.0 -1.0 2.014 2.011 4.932 402.927 1.015 1163.827 -1.9795698908375956 1.0 -1.0 -1.0
22.0 99.0 Car -1.0 -1.0 -1.0 -1.0 -1.0 -1.0 -1.0 1.73 1.562 4.084 422.287 0.0 1211.077 -1.79117981965943 1.0 -1.0 -1.0
22.0 0.0 Car -1.0 -1.0 -1.0 -1.0 -1.0 -1.0 -1.0 1.843 1.47 4.433 434.216 1.115 1243.516 -1.971174857202386 1.0 -1.0 -1.0
22.0 3.0 Truck -1.0 -1.0 -1.0 -1.0 -1.0 -1.0 -1.0 1.821 2.755 4.949 413.046 1.509 1217.809 1.1687946402238907 0.0 -1.0 -1.0
22.0 2.0 Truck -1.0 -1.0 -1.0 -1.0 -1.0 -1.0 -1.0 2.014 2.011 4.932 402.025 1.024 1161.685 -1.9970231833575387 1.0 -1.0 -1.0
23.0 99.0 Car -1.0 -1.0 -1.0 -1.0 -1.0 -1.0 -1.0 1.73 1.562 4.084 421.58 0.0 1207.96 -1.8002059292982575 1.0 -1.0 -1.0
23.0 0.0 Car -1.0 -1.0 -1.0 -1.0 -1.0 -1.0 -1.0 1.843 1.47 4.433 433.318 1.14 1241.395 -1.971174857202386 1.0 -1.0 -1.0
23.0 3.0 Truck -1.0 -1.0 -1.0 -1.0 -1.0 -1.0 -1.0 1.821 2.755 4.949 414.864 1.609 1222.434 1.1687946402238907 0.0 -1.0 -1.0
23.0 2.0 Truck -1.0 -1.0 -1.0 -1.0 -1.0 -1.0 -1.0 2.014 2.011 4.932 401.177 1.033 1159.742 -1.9970231833575387 1.0 -1.0 -1.0
24.0 99.0 Car -1.0 -1.0 -1.0 -1.0 -1.0 -1.0 -1.0 1.73 1.562 4.084 420.81 0.0 1204.912 -1.8383038872435091 1.0 -1.0 -1.0
24.0 0.0 Car -1.0 -1.0 -1.0 -1.0 -1.0 -1.0 -1.0 1.843 1.47 4.433 432.419 1.215 1239.272 -1.971174857202386 1.0 -1.0 -1.0
24.0 3.0 Truck -1.0 -1.0 -1.0 -1.0 -1.0 -1.0 -1.0 1.821 2.755 4.949 416.747 1.759 1227.038 1.1687946402238907 0.0 -1.0 -1.0
24.0 2.0 Truck -1.0 -1.0 -1.0 -1.0 -1.0 -1.0 -1.0 2.014 2.011 4.932 400.311 0.942 1157.841 -1.9970231833575387 1.0 -1.0 -1.0
25.0 99.0 Car -1.0 -1.0 -1.0 -1.0 -1.0 -1.0 -1.0 1.73 1.562 4.084 419.808 0.0 1201.58 -1.8933742934106454 1.0 -1.0 -1.0
25.0 0.0 Car -1.0 -1.0 -1.0 -1.0 -1.0 -1.0 -1.0 1.843 1.47 4.433 431.302 1.297 1236.4 -1.953721564682443 1.0 -1.0 -1.0
25.0 3.0 Truck -1.0 -1.0 -1.0 -1.0 -1.0 -1.0 -1.0 1.821 2.755 4.949 418.904 1.874 1232.13 1.1687946402238907 0.0 -1.0 -1.0
25.0 2.0 Truck -1.0 -1.0 -1.0 -1.0 -1.0 -1.0 -1.0 2.014 2.011 4.932 399.482 0.787 1156.026 -2.0319297683974247 1.0 -1.0 -1.0
26.0 99.0 Car -1.0 -1.0 -1.0 -1.0 -1.0 -1.0 -1.0 1.73 1.562 4.084 418.738 0.0 1198.641 -1.9452023461789003 1.0 -1.0 -1.0
26.0 0.0 Car -1.0 -1.0 -1.0 -1.0 -1.0 -1.0 -1.0 1.843 1.47 4.433 430.264 1.372 1233.404 -1.9188149796425569 1.0 -1.0 -1.0
26.0 3.0 Truck -1.0 -1.0 -1.0 -1.0 -1.0 -1.0 -1.0 1.821 2.755 4.949 421.014 2.028 1236.847 1.1687946402238907 0.0 -1.0 -1.0
26.0 2.0 Truck -1.0 -1.0 -1.0 -1.0 -1.0 -1.0 -1.0 2.014 2.011 4.932 398.742 0.737 1154.538 -2.014466519754882 1.0 -1.0 -1.0
27.0 99.0 Car -1.0 -1.0 -1.0 -1.0 -1.0 -1.0 -1.0 1.73 1.562 4.084 417.548 0.0 1195.816 -1.9809860844505802 1.0 -1.0 -1.0
27.0 0.0 Car -1.0 -1.0 -1.0 -1.0 -1.0 -1.0 -1.0 1.843 1.47 4.433 429.226 1.397 1230.41 -1.9013616871226138 1.0 -1.0 -1.0
27.0 3.0 Truck -1.0 -1.0 -1.0 -1.0 -1.0 -1.0 -1.0 1.821 2.755 4.949 423.174 2.132 1241.683 1.1687946402238907 0.0 -1.0 -1.0
27.0 2.0 Truck -1.0 -1.0 -1.0 -1.0 -1.0 -1.0 -1.0 2.014 2.011 4.932 398.002 0.687 1153.052 -1.9970231833575387 1.0 -1.0 -1.0
28.0 99.0 Car -1.0 -1.0 -1.0 -1.0 -1.0 -1.0 -1.0 1.73 1.562 4.084 416.279 0.0 1193.009 -1.997031981052177 1.0 -1.0 -1.0
28.0 0.0 Car -1.0 -1.0 -1.0 -1.0 -1.0 -1.0 -1.0 1.843 1.47 4.433 428.216 1.372 1227.407 -1.910083416283139 0.0 -1.0 -1.0
28.0 3.0 Truck -1.0 -1.0 -1.0 -1.0 -1.0 -1.0 -1.0 1.821 2.755 4.949 425.295 2.237 1246.426 1.1687946402238907 0.0 -1.0 -1.0
28.0 2.0 Truck -1.0 -1.0 -1.0 -1.0 -1.0 -1.0 -1.0 2.014 2.011 4.932 397.27 0.687 1151.749 -2.014476475877482 0.0 -1.0 -1.0
29.0 99.0 Car -1.0 -1.0 -1.0 -1.0 -1.0 -1.0 -1.0 1.73 1.562 4.084 414.979 0.0 1190.231 -2.0020996359212173 1.0 -1.0 -1.0
29.0 0.0 Car -1.0 -1.0 -1.0 -1.0 -1.0 -1.0 -1.0 1.843 1.47 4.433 427.206 1.347 1224.4 -1.9188149796425569 0.0 -1.0 -1.0
29.0 3.0 Truck -1.0 -1.0 -1.0 -1.0 -1.0 -1.0 -1.0 1.821 2.755 4.949 427.418 2.391 1251.174 1.1687946402238907 0.0 -1.0 -1.0
29.0 2.0 Truck -1.0 -1.0 -1.0 -1.0 -1.0 -1.0 -1.0 2.014 2.011 4.932 396.628 0.687 1150.397 -2.049383060917368 0.0 -1.0 -1.0
30.0 99.0 Car -1.0 -1.0 -1.0 -1.0 -1.0 -1.0 -1.0 1.73 1.562 4.084 413.687 0.0 1187.482 -2.00311252412376 1.0 -1.0 -1.0
30.0 0.0 Car -1.0 -1.0 -1.0 -1.0 -1.0 -1.0 -1.0 1.843 1.47 4.433 426.19 1.321 1221.197 -1.8839083946026707 0.0 -1.0 -1.0
30.0 3.0 Truck -1.0 -1.0 -1.0 -1.0 -1.0 -1.0 -1.0 1.821 2.755 4.949 429.693 2.696 1255.666 1.1106082373465118 0.0 -1.0 -1.0
30.0 2.0 Truck -1.0 -1.0 -1.0 -1.0 -1.0 -1.0 -1.0 2.014 2.011 4.932 396.033 0.837 1149.134 -2.0842896459572544 0.0 -1.0 -1.0
31.0 99.0 Car -1.0 -1.0 -1.0 -1.0 -1.0 -1.0 -1.0 1.73 1.562 4.084 412.414 0.0 1184.719 -2.0006532259167265 1.0 -1.0 -1.0
31.0 0.0 Car -1.0 -1.0 -1.0 -1.0 -1.0 -1.0 -1.0 1.843 1.47 4.433 425.137 1.296 1217.882 -1.8839083946026707 0.0 -1.0 -1.0
31.0 3.0 Truck -1.0 -1.0 -1.0 -1.0 -1.0 -1.0 -1.0 1.821 2.755 4.949 431.982 3.0 1260.137 1.1047981024488878 0.0 -1.0 -1.0
31.0 2.0 Truck -1.0 -1.0 -1.0 -1.0 -1.0 -1.0 -1.0 2.014 2.011 4.932 395.291 0.886 1147.959 -2.1366495235170837 0.0 -1.0 -1.0
32.0 99.0 Car -1.0 -1.0 -1.0 -1.0 -1.0 -1.0 -1.0 1.73 1.562 4.084 411.196 0.0 1182.075 -1.9974128344538338 1.0 -1.0 -1.0
32.0 0.0 Car -1.0 -1.0 -1.0 -1.0 -1.0 -1.0 -1.0 1.843 1.47 4.433 424.083 1.271 1214.563 -1.8839083946026707 0.0 -1.0 -1.0
32.0 2.0 Truck -1.0 -1.0 -1.0 -1.0 -1.0 -1.0 -1.0 2.014 2.011 4.932 394.54 0.936 1146.949 -2.17155610855697 0.0 -1.0 -1.0
33.0 99.0 Car -1.0 -1.0 -1.0 -1.0 -1.0 -1.0 -1.0 1.73 1.562 4.084 410.019 0.0 1179.514 -1.993690614729902 1.0 -1.0 -1.0
33.0 0.0 Car -1.0 -1.0 -1.0 -1.0 -1.0 -1.0 -1.0 1.843 1.47 4.433 423.001 1.246 1211.257 -1.8839083946026707 0.0 -1.0 -1.0
33.0 2.0 Truck -1.0 -1.0 -1.0 -1.0 -1.0 -1.0 -1.0 2.014 2.011 4.932 393.776 0.886 1146.086 -2.2762758636766285 0.0 -1.0 -1.0
34.0 99.0 Car -1.0 -1.0 -1.0 -1.0 -1.0 -1.0 -1.0 1.73 1.562 4.084 408.881 0.0 1177.007 -1.9887502774948564 1.0 -1.0 -1.0
34.0 0.0 Car -1.0 -1.0 -1.0 -1.0 -1.0 -1.0 -1.0 1.843 1.47 4.433 421.898 1.221 1207.886 -1.8839083946026707 0.0 -1.0 -1.0
34.0 2.0 Truck -1.0 -1.0 -1.0 -1.0 -1.0 -1.0 -1.0 2.014 2.011 4.932 392.909 0.886 1144.916 -2.2588225711566854 0.0 -1.0 -1.0
35.0 99.0 Car -1.0 -1.0 -1.0 -1.0 -1.0 -1.0 -1.0 1.73 1.562 4.084 407.798 0.0 1174.588 -1.9922010147038285 1.0 -1.0 -1.0
35.0 0.0 Car -1.0 -1.0 -1.0 -1.0 -1.0 -1.0 -1.0 1.843 1.47 4.433 420.55 1.245 1204.549 -1.953721564682443 0.0 -1.0 -1.0
35.0 2.0 Truck -1.0 -1.0 -1.0 -1.0 -1.0 -1.0 -1.0 2.014 2.011 4.932 391.962 0.886 1143.809 -2.2588225711566854 0.0 -1.0 -1.0
36.0 99.0 Car -1.0 -1.0 -1.0 -1.0 -1.0 -1.0 -1.0 1.73 1.562 4.084 406.742 0.0 1172.271 -2.0022930294949437 1.0 -1.0 -1.0
36.0 0.0 Car -1.0 -1.0 -1.0 -1.0 -1.0 -1.0 -1.0 1.843 1.47 4.433 419.318 1.27 1201.174 -1.953721564682443 0.0 -1.0 -1.0
36.0 2.0 Truck -1.0 -1.0 -1.0 -1.0 -1.0 -1.0 -1.0 2.014 2.011 4.932 391.163 0.985 1142.722 -2.189009401076913 0.0 -1.0 -1.0
37.0 99.0 Car -1.0 -1.0 -1.0 -1.0 -1.0 -1.0 -1.0 1.73 1.562 4.084 405.741 0.0 1170.12 -1.9998287413080176 1.0 -1.0 -1.0
37.0 0.0 Car -1.0 -1.0 -1.0 -1.0 -1.0 -1.0 -1.0 1.843 1.47 4.433 417.969 1.245 1197.833 -1.953721564682443 0.0 -1.0 -1.0
37.0 2.0 Truck -1.0 -1.0 -1.0 -1.0 -1.0 -1.0 -1.0 2.014 2.011 4.932 390.389 0.985 1141.61 -2.189009401076913 0.0 -1.0 -1.0
38.0 99.0 Car -1.0 -1.0 -1.0 -1.0 -1.0 -1.0 -1.0 1.73 1.562 4.084 404.974 0.0 1168.434 -1.9924547930316767 1.0 -1.0 -1.0
38.0 0.0 Car -1.0 -1.0 -1.0 -1.0 -1.0 -1.0 -1.0 1.843 1.47 4.433 416.791 1.172 1194.916 -1.953721564682443 0.0 -1.0 -1.0
38.0 2.0 Truck -1.0 -1.0 -1.0 -1.0 -1.0 -1.0 -1.0 2.014 2.011 4.932 389.807 0.985 1140.615 -2.1366495235170837 0.0 -1.0 -1.0
39.0 99.0 Car -1.0 -1.0 -1.0 -1.0 -1.0 -1.0 -1.0 1.73 1.562 4.084 404.225 0.0 1166.757 -1.9820444294384525 1.0 -1.0 -1.0
39.0 0.0 Car -1.0 -1.0 -1.0 -1.0 -1.0 -1.0 -1.0 1.843 1.47 4.433 415.428 1.142 1191.704 -1.971174857202386 0.0 -1.0 -1.0
39.0 2.0 Truck -1.0 -1.0 -1.0 -1.0 -1.0 -1.0 -1.0 2.014 2.011 4.932 389.22 0.985 1139.477 -2.1017429384771975 0.0 -1.0 -1.0
