0.0 99.0 Car -1.0 -1.0 -1.0 -1.0 -1.0 -1.0 -1.0 1.73 1.562 4.084 1714.816 0.0 961.44 2.455194846441087 1.0 -1.0 -1.0
0.0 1.0 Car -1.0 -1.0 -1.0 -1.0 -1.0 -1.0 -1.0 1.939 1.939 4.886 1657.424 1.046 1016.025 -0.7101744726233257 0.0 -1.0 -1.0
0.0 2.0 Car -1.0 -1.0 -1.0 -1.0 -1.0 -1.0 -1.0 2.011 2.001 4.795 1729.12 1.429 963.205 -2.305929007724666 0.0 -1.0 -1.0
0.0 3.0 Car -1.0 -1.0 -1.0 -1.0 -1.0 -1.0 -1.0 2.008 1.814 4.517 1733.638 1.035 945.669 2.4492205395240627 0.0 -1.0 -1.0
1.0 99.0 Car -1.0 -1.0 -1.0 -1.0 -1.0 -1.0 -1.0 1.73 1.562 4.084 1711.724 0.0 964.032 2.4444732024326825 1.0 -1.0 -1.0
1.0 1.0 Car -1.0 -1.0 -1.0 -1.0 -1.0 -1.0 -1.0 1.939 1.939 4.886 1661.581 1.081 1012.422 -0.7101744726233257 1.0 -1.0 -1.0
1.0 2.0 Car -1.0 -1.0 -1.0 -1.0 -1.0 -1.0 -1.0 2.011 2.001 4.795 1728.458 1.431 962.572 -2.3408355927645523 1.0 -1.0 -1.0
1.0 3.0 Car -1.0 -1.0 -1.0 -1.0 -1.0 -1.0 -1.0 2.008 1.814 4.517 1730.211 1.125 948.572 2.4492205395240627 1.0 -1.0 -1.0
2.0 99.0 Car -1.0 -1.0 -1.0 -1.0 -1.0 -1.0 -1.0 1.73 1.562 4.084 1708.794 0.0 966.533 2.4345116899790464 1.0 -1.0 -1.0
2.0 1.0 Car -1.0 -1.0 -1.0 -1.0 -1.0 -1.0 -1.0 1.939 1.939 4.886 1665.738 1.116 1008.819 -0.7101744726233257 1.0 -1.0 -1.0
2.0 2.0 Car -1.0 -1.0 -1.0 -1.0 -1.0 -1.0 -1.0 2.011 2.001 4.795 1727.774 1.433 961.963 -2.3757421778044385 1.0 -1.0 -1.0
2.0 3.0 Car -1.0 -1.0 -1.0 -1.0 -1.0 -1.0 -1.0 2.008 1.814 4.517 1726.762 1.1 951.566 2.4492205395240627 1.0 -1.0 -1.0
3.0 99.0 Car -1.0 -1.0 -1.0 -1.0 -1.0 -1.0 -1.0 1.73 1.562 4.084 1706.044 0.0 968.913 2.427331421664586 1.0 -1.0 -1.0
3.0 1.0 Car -1.0 -1.0 -1.0 -1.0 -1.0 -1.0 -1.0 1.939 1.939 4.886 1669.462 0.98 1005.459 -0.7101744726233257 1.0 -1.0 -1.0
3.0 2.0 Car -1.0 -1.0 -1.0 -1.0 -1.0 -1.0 -1.0 2.011 2.001 4.795 1727.069 1.436 961.378 -2.410648762844325 1.0 -1.0 -1.0
3.0 3.0 Car -1.0 -1.0 -1.0 -1.0 -1.0 -1.0 -1.0 2.008 1.814 4.517 1723.493 1.074 954.412 2.4492205395240627 1.0 -1.0 -1.0
4.0 99.0 Car -1.0 -1.0 -1.0 -1.0 -1.0 -1.0 -1.0 1.73 1.562 4.084 1703.291 0.0 971.348 2.421663926995521 1.0 -1.0 -1.0
4.0 1.0 Car -1.0 -1.0 -1.0 -1.0 -1.0 -1.0 -1.0 1.939 1.939 4.886 1673.9 1.046 1001.486 -0.7101744726233257 1.0 -1.0 -1.0
4.0 2.0 Car -1.0 -1.0 -1.0 -1.0 -1.0 -1.0 -1.0 2.011 2.001 4.795 1726.099 1.411 960.757 -2.5153685179639838 1.0 -1.0 -1.0
4.0 3.0 Car -1.0 -1.0 -1.0 -1.0 -1.0 -1.0 -1.0 2.008 1.814 4.517 1720.004 1.048 957.479 2.4492205395240627 1.0 -1.0 -1.0
5.0 99.0 Car -1.0 -1.0 -1.0 -1.0 -1.0 -1.0 -1.0 1.73 1.562 4.084 1700.85 0.0 973.51 2.422439200971152 1.0 -1.0 -1.0
5.0 1.0 Car -1.0 -1.0 -1.0 -1.0 -1.0 -1.0 -1.0 1.939 1.939 4.886 1677.674 1.01 998.083 -0.7101744726233257 1.0 -1.0 -1.0
5.0 2.0 Car -1.0 -1.0 -1.0 -1.0 -1.0 -1.0 -1.0 2.011 2.001 4.795 1725.182 1.426 960.38 -2.654994858123528 1.0 -1.0 -1.0
5.0 3.0 Car -1.0 -1.0 -1.0 -1.0 -1.0 -1.0 -1.0 2.008 1.814 4.517 1716.845 1.023 960.213 2.4492205395240627 1.0 -1.0 -1.0
6.0 99.0 Car -1.0 -1.0 -1.0 -1.0 -1.0 -1.0 -1.0 1.73 1.562 4.084 1698.554 0.0 975.545 2.4261720180363096 1.0 -1.0 -1.0
6.0 1.0 Car -1.0 -1.0 -1.0 -1.0 -1.0 -1.0 -1.0 1.939 1.939 4.886 1681.278 1.016 995.014 -0.7145377957533112 1.0 -1.0 -1.0
6.0 2.0 Car -1.0 -1.0 -1.0 -1.0 -1.0 -1.0 -1.0 2.011 2.001 4.795 1723.995 1.344 960.182 -2.8591983806068653 1.0 -1.0 -1.0
6.0 3.0 Car -1.0 -1.0 -1.0 -1.0 -1.0 -1.0 -1.0 2.008 1.814 4.517 1713.685 0.997 962.947 2.4492205395240627 1.0 -1.0 -1.0
7.0 99.0 Car -1.0 -1.0 -1.0 -1.0 -1.0 -1.0 -1.0 1.73 1.562 4.084 1696.425 0.0 977.408 2.430959671209578 1.0 -1.0 -1.0
7.0 1.0 Car -1.0 -1.0 -1.0 -1.0 -1.0 -1.0 -1.0 1.939 1.939 4.886 1684.628 1.021 992.045 -0.7189011188832972 1.0 -1.0 -1.0
7.0 2.0 Car -1.0 -1.0 -1.0 -1.0 -1.0 -1.0 -1.0 2.011 2.001 4.795 1722.211 1.261 960.122 -3.063401903090202 1.0 -1.0 -1.0
7.0 3.0 Car -1.0 -1.0 -1.0 -1.0 -1.0 -1.0 -1.0 2.008 1.814 4.517 1710.744 0.997 965.461 2.4492205395240627 1.0 -1.0 -1.0
8.0 99.0 Car -1.0 -1.0 -1.0 -1.0 -1.0 -1.0 -1.0 1.73 1.562 4.084 1694.493 0.0 979.082 2.438901838613969 1.0 -1.0 -1.0
8.0 1.0 Car -1.0 -1.0 -1.0 -1.0 -1.0 -1.0 -1.0 1.939 1.939 4.886 1687.763 1.026 989.264 -0.7232644420132833 1.0 -1.0 -1.0
8.0 2.0 Car -1.0 -1.0 -1.0 -1.0 -1.0 -1.0 -1.0 2.011 2.001 4.795 1720.404 1.178 960.45 3.015579881606048 1.0 -1.0 -1.0
8.0 3.0 Car -1.0 -1.0 -1.0 -1.0 -1.0 -1.0 -1.0 2.008 1.814 4.517 1708.084 1.035 967.761 2.4492205395240627 1.0 -1.0 -1.0
9.0 99.0 Car -1.0 -1.0 -1.0 -1.0 -1.0 -1.0 -1.0 1.73 1.562 4.084 1692.776 0.0 980.555 2.4462449338513177 1.0 -1.0 -1.0
9.0 1.0 Car -1.0 -1.0 -1.0 -1.0 -1.0 -1.0 -1.0 1.939 1.939 4.886 1690.797 1.031 986.572 -0.7276277651432687 1.0 -1.0 -1.0
9.0 2.0 Car -1.0 -1.0 -1.0 -1.0 -1.0 -1.0 -1.0 2.011 2.001 4.795 1718.881 1.202 960.93 2.8811895292024845 1.0 -1.0 -1.0
9.0 3.0 Car -1.0 -1.0 -1.0 -1.0 -1.0 -1.0 -1.0 2.008 1.814 4.517 1705.548 1.022 969.822 2.4492205395240627 1.0 -1.0 -1.0
10.0 99.0 Car -1.0 -1.0 -1.0 -1.0 -1.0 -1.0 -1.0 1.73 1.562 4.084 1691.242 0.0 981.843 2.4435318376966353 1.0 -1.0 -1.0
10.0 1.0 Car -1.0 -1.0 -1.0 -1.0 -1.0 -1.0 -1.0 1.939 1.939 4.886 1693.84 1.077 983.97 -0.7218100009699543 0.0 -1.0 -1.0
10.0 2.0 Car -1.0 -1.0 -1.0 -1.0 -1.0 -1.0 -1.0 2.011 2.001 4.795 1717.428 1.182 961.59 2.7904324080987797 1.0 -1.0 -1.0
10.0 3.0 Car -1.0 -1.0 -1.0 -1.0 -1.0 -1.0 -1.0 2.008 1.814 4.517 1703.202 1.01 971.724 2.4492205395240627 1.0 -1.0 -1.0
11.0 99.0 Car -1.0 -1.0 -1.0 -1.0 -1.0 -1.0 -1.0 1.73 1.562 4.084 1689.753 0.0 983.161 2.4023614406893072 1.0 -1.0 -1.0
11.0 1.0 Car -1.0 -1.0 -1.0 -1.0 -1.0 -1.0 -1.0 1.939 1.939 4.886 1696.883 1.124 981.369 -0.71599223679664 0.0 -1.0 -1.0
11.0 2.0 Car -1.0 -1.0 -1.0 -1.0 -1.0 -1.0 -1.0 2.011 2.001 4.795 1714.494 1.161 962.636 2.676986006719148 1.0 -1.0 -1.0
11.0 3.0 Car -1.0 -1.0 -1.0 -1.0 -1.0 -1.0 -1.0 2.008 1.814 4.517 1700.857 0.997 973.625 2.4492205395240627 1.0 -1.0 -1.0
12.0 99.0 Car -1.0 -1.0 -1.0 -1.0 -1.0 -1.0 -1.0 1.73 1.562 4.084 1688.161 0.0 984.696 2.352649799691205 1.0 -1.0 -1.0
12.0 1.0 Car -1.0 -1.0 -1.0 -1.0 -1.0 -1.0 -1.0 1.939 1.939 4.886 1699.926 1.171 978.767 -0.7101744726233257 0.0 -1.0 -1.0
12.0 2.0 Car -1.0 -1.0 -1.0 -1.0 -1.0 -1.0 -1.0 2.011 2.001 4.795 1712.108 1.14 963.727 2.598446190379403 1.0 -1.0 -1.0
12.0 3.0 Car -1.0 -1.0 -1.0 -1.0 -1.0 -1.0 -1.0 2.008 1.814 4.517 1698.762 0.997 975.344 2.4492205395240627 1.0 -1.0 -1.0
13.0 99.0 Car -1.0 -1.0 -1.0 -1.0 -1.0 -1.0 -1.0 1.73 1.562 4.084 1686.49 0.0 986.466 2.311331718965945 1.0 -1.0 -1.0
13.0 1.0 Car -1.0 -1.0 -1.0 -1.0 -1.0 -1.0 -1.0 1.939 1.939 4.886 1702.786 1.158 976.21 -0.7058111494933401 0.0 -1.0 -1.0
13.0 2.0 Car -1.0 -1.0 -1.0 -1.0 -1.0 -1.0 -1.0 2.011 2.001 4.795 1709.976 1.12 965.027 2.5460863128195728 1.0 -1.0 -1.0
13.0 3.0 Car -1.0 -1.0 -1.0 -1.0 -1.0 -1.0 -1.0 2.008 1.814 4.517 1696.727 0.997 977.135 2.4492205395240627 1.0 -1.0 -1.0
14.0 99.0 Car -1.0 -1.0 -1.0 -1.0 -1.0 -1.0 -1.0 1.73 1.562 4.084 1684.815 0.0 988.357 2.282080159147549 1.0 -1.0 -1.0
14.0 1.0 Car -1.0 -1.0 -1.0 -1.0 -1.0 -1.0 -1.0 1.939 1.939 4.886 1705.775 1.185 973.683 -0.7014478263633541 0.0 -1.0 -1.0
14.0 2.0 Car -1.0 -1.0 -1.0 -1.0 -1.0 -1.0 -1.0 2.011 2.001 4.795 1707.915 1.099 966.437 2.493726435259743 1.0 -1.0 -1.0
14.0 3.0 Car -1.0 -1.0 -1.0 -1.0 -1.0 -1.0 -1.0 2.008 1.814 4.517 1694.692 0.997 978.926 2.4492205395240627 1.0 -1.0 -1.0
14.0 0.0 Bus -1.0 -1.0 -1.0 -1.0 -1.0 -1.0 -1.0 3.069 2.988 12.424 1667.713 1.472 1000.373 2.455632727479331 0.0 -1.0 -1.0
15.0 99.0 Car -1.0 -1.0 -1.0 -1.0 -1.0 -1.0 -1.0 1.73 1.562 4.084 1683.253 0.0 990.236 2.25959235774649 1.0 -1.0 -1.0
15.0 1.0 Car -1.0 -1.0 -1.0 -1.0 -1.0 -1.0 -1.0 1.939 1.939 4.886 1709.188 1.272 970.798 -0.6970845032333681 0.0 -1.0 -1.0
15.0 2.0 Car -1.0 -1.0 -1.0 -1.0 -1.0 -1.0 -1.0 2.011 2.001 4.795 1705.931 1.078 967.953 2.4413665576999133 1.0 -1.0 -1.0
15.0 3.0 Car -1.0 -1.0 -1.0 -1.0 -1.0 -1.0 -1.0 2.008 1.814 4.517 1692.794 0.972 980.604 2.4230406007441476 1.0 -1.0 -1.0
15.0 0.0 Bus -1.0 -1.0 -1.0 -1.0 -1.0 -1.0 -1.0 3.069 2.988 12.424 1667.705 1.47 1000.351 2.4571504050897612 0.0 -1.0 -1.0
16.0 99.0 Car -1.0 -1.0 -1.0 -1.0 -1.0 -1.0 -1.0 1.73 1.562 4.084 1681.695 0.0 992.144 2.256944270318485 1.0 -1.0 -1.0
16.0 1.0 Car -1.0 -1.0 -1.0 -1.0 -1.0 -1.0 -1.0 1.939 1.939 4.886 1712.6 1.359 967.913 -0.6927211801033827 0.0 -1.0 -1.0
16.0 2.0 Car -1.0 -1.0 -1.0 -1.0 -1.0 -1.0 -1.0 2.011 2.001 4.795 1703.634 1.058 969.778 2.4239132651799697 1.0 -1.0 -1.0
16.0 3.0 Car -1.0 -1.0 -1.0 -1.0 -1.0 -1.0 -1.0 2.008 1.814 4.517 1690.941 0.947 982.331 2.396860661964233 1.0 -1.0 -1.0
16.0 0.0 Bus -1.0 -1.0 -1.0 -1.0 -1.0 -1.0 -1.0 3.069 2.988 12.424 1667.698 1.467 1000.329 2.458668082700191 0.0 -1.0 -1.0
17.0 99.0 Car -1.0 -1.0 -1.0 -1.0 -1.0 -1.0 -1.0 1.73 1.562 4.084 1679.966 0.0 994.242 2.2758085149804317 1.0 -1.0 -1.0
17.0 1.0 Car -1.0 -1.0 -1.0 -1.0 -1.0 -1.0 -1.0 1.939 1.939 4.886 1716.122 1.356 964.8 -0.6927211801033827 0.0 -1.0 -1.0
17.0 2.0 Car -1.0 -1.0 -1.0 -1.0 -1.0 -1.0 -1.0 2.011 2.001 4.795 1701.972 1.037 971.224 2.406459972660026 1.0 -1.0 -1.0
17.0 3.0 Car -1.0 -1.0 -1.0 -1.0 -1.0 -1.0 -1.0 2.008 1.814 4.517 1689.134 0.922 984.106 2.370680723184318 1.0 -1.0 -1.0
17.0 0.0 Bus -1.0 -1.0 -1.0 -1.0 -1.0 -1.0 -1.0 3.069 2.988 12.424 1667.69 1.465 1000.307 2.4601857603106208 1.0 -1.0 -1.0
18.0 99.0 Car -1.0 -1.0 -1.0 -1.0 -1.0 -1.0 -1.0 1.73 1.562 4.084 1677.957 0.0 996.541 2.3140331195592276 1.0 -1.0 -1.0
18.0 1.0 Car -1.0 -1.0 -1.0 -1.0 -1.0 -1.0 -1.0 1.939 1.939 4.886 1719.596 1.433 961.869 -0.7014478263633541 0.0 -1.0 -1.0
18.0 2.0 Car -1.0 -1.0 -1.0 -1.0 -1.0 -1.0 -1.0 2.011 2.001 4.795 1700.27 1.016 972.652 2.389006680140083 1.0 -1.0 -1.0
18.0 3.0 Car -1.0 -1.0 -1.0 -1.0 -1.0 -1.0 -1.0 2.008 1.814 4.517 1687.374 0.897 985.928 2.344500784404403 1.0 -1.0 -1.0
18.0 0.0 Bus -1.0 -1.0 -1.0 -1.0 -1.0 -1.0 -1.0 3.069 2.988 12.424 1667.683 1.463 1000.285 2.4617034379210505 1.0 -1.0 -1.0
19.0 99.0 Car -1.0 -1.0 -1.0 -1.0 -1.0 -1.0 -1.0 1.73 1.562 4.084 1676.034 0.0 998.593 2.3537915431949554 1.0 -1.0 -1.0
19.0 1.0 Car -1.0 -1.0 -1.0 -1.0 -1.0 -1.0 -1.0 1.939 1.939 4.886 1723.098 1.469 958.969 -0.7101744726233257 0.0 -1.0 -1.0
19.0 2.0 Car -1.0 -1.0 -1.0 -1.0 -1.0 -1.0 -1.0 2.011 2.001 4.795 1698.263 1.016 974.56 2.3802800338801116 1.0 -1.0 -1.0
19.0 3.0 Car -1.0 -1.0 -1.0 -1.0 -1.0 -1.0 -1.0 2.008 1.814 4.517 1685.761 0.913 987.581 2.3375194673964255 1.0 -1.0 -1.0
19.0 0.0 Bus -1.0 -1.0 -1.0 -1.0 -1.0 -1.0 -1.0 3.069 2.988 12.424 1667.675 1.461 1000.263 2.4632211155314803 1.0 -1.0 -1.0
20.0 99.0 Car -1.0 -1.0 -1.0 -1.0 -1.0 -1.0 -1.0 1.73 1.562 4.084 1674.004 0.0 1000.567 2.40861573466843 1.0 -1.0 -1.0
20.0 1.0 Car -1.0 -1.0 -1.0 -1.0 -1.0 -1.0 -1.0 1.939 1.939 4.886 1727.055 1.506 955.695 -0.7043567084500113 0.0 -1.0 -1.0
20.0 2.0 Car -1.0 -1.0 -1.0 -1.0 -1.0 -1.0 -1.0 2.011 2.001 4.795 1696.307 1.015 976.519 2.37155338762014 1.0 -1.0 -1.0
20.0 3.0 Car -1.0 -1.0 -1.0 -1.0 -1.0 -1.0 -1.0 2.008 1.814 4.517 1684.023 0.929 989.545 2.330538150388448 1.0 -1.0 -1.0
20.0 0.0 Bus -1.0 -1.0 -1.0 -1.0 -1.0 -1.0 -1.0 3.069 2.988 12.424 1667.668 1.458 1000.241 2.46473879314191 1.0 -1.0 -1.0
21.0 99.0 Car -1.0 -1.0 -1.0 -1.0 -1.0 -1.0 -1.0 1.73 1.562 4.084 1671.819 0.0 1002.455 2.4588141946740367 1.0 -1.0 -1.0
21.0 1.0 Car -1.0 -1.0 -1.0 -1.0 -1.0 -1.0 -1.0 1.939 1.939 4.886 1731.011 1.543 952.422 -0.6985389442766969 0.0 -1.0 -1.0
21.0 2.0 Car -1.0 -1.0 -1.0 -1.0 -1.0 -1.0 -1.0 2.011 2.001 4.795 1694.351 1.015 978.479 2.362826741360168 1.0 -1.0 -1.0
21.0 3.0 Car -1.0 -1.0 -1.0 -1.0 -1.0 -1.0 -1.0 2.008 1.814 4.517 1682.022 0.945 991.793 2.323556833380471 1.0 -1.0 -1.0
21.0 0.0 Bus -1.0 -1.0 -1.0 -1.0 -1.0 -1.0 -1.0 3.069 2.988 12.424 1667.66 1.456 1000.219 2.46625647075234 1.0 -1.0 -1.0
22.0 99.0 Car -1.0 -1.0 -1.0 -1.0 -1.0 -1.0 -1.0 1.73 1.562 4.084 1669.845 0.0 1004.06 2.4729256295431252 1.0 -1.0 -1.0
22.0 2.0 Car -1.0 -1.0 -1.0 -1.0 -1.0 -1.0 -1.0 2.011 2.001 4.795 1692.395 1.014 980.438 2.3541000951001965 1.0 -1.0 -1.0
22.0 3.0 Car -1.0 -1.0 -1.0 -1.0 -1.0 -1.0 -1.0 2.008 1.814 4.517 1680.021 0.961 994.042 2.3165755163724935 1.0 -1.0 -1.0
22.0 0.0 Bus -1.0 -1.0 -1.0 -1.0 -1.0 -1.0 -1.0 3.069 2.988 12.424 1667.653 1.454 1000.197 2.4677741483627695 1.0 -1.0 -1.0
23.0 99.0 Car -1.0 -1.0 -1.0 -1.0 -1.0 -1.0 -1.0 1.73 1.562 4.084 1667.868 0.0 1005.648 2.478207312688101 1.0 -1.0 -1.0
23.0 2.0 Car -1.0 -1.0 -1.0 -1.0 -1.0 -1.0 -1.0 2.011 2.001 4.795 1690.439 1.014 982.398 2.345373448840225 1.0 -1.0 -1.0
23.0 3.0 Car -1.0 -1.0 -1.0 -1.0 -1.0 -1.0 -1.0 2.008 1.814 4.517 1677.922 1.014 996.2 2.344500784404403 1.0 -1.0 -1.0
23.0 0.0 Bus -1.0 -1.0 -1.0 -1.0 -1.0 -1.0 -1.0 3.069 2.988 12.424 1667.646 1.451 1000.175 2.4692918259731997 1.0 -1.0 -1.0
24.0 99.0 Car -1.0 -1.0 -1.0 -1.0 -1.0 -1.0 -1.0 1.73 1.562 4.084 1665.886 0.0 1007.226 2.483773151284893 1.0 -1.0 -1.0
24.0 2.0 Car -1.0 -1.0 -1.0 -1.0 -1.0 -1.0 -1.0 2.011 2.001 4.795 1688.483 1.013 984.357 2.336646802580253 1.0 -1.0 -1.0
24.0 3.0 Car -1.0 -1.0 -1.0 -1.0 -1.0 -1.0 -1.0 2.008 1.814 4.517 1675.917 1.033 998.181 2.3823162515309466 1.0 -1.0 -1.0
24.0 0.0 Bus -1.0 -1.0 -1.0 -1.0 -1.0 -1.0 -1.0 3.069 2.988 12.424 1667.341 1.472 1000.556 2.4736135936448047 1.0 -1.0 -1.0
25.0 99.0 Car -1.0 -1.0 -1.0 -1.0 -1.0 -1.0 -1.0 1.73 1.562 4.084 1663.918 0.0 1008.733 2.512510105080805 1.0 -1.0 -1.0
25.0 2.0 Car -1.0 -1.0 -1.0 -1.0 -1.0 -1.0 -1.0 2.011 2.001 4.795 1686.556 1.013 986.401 2.3322834794502674 1.0 -1.0 -1.0
25.0 3.0 Car -1.0 -1.0 -1.0 -1.0 -1.0 -1.0 -1.0 2.008 1.814 4.517 1673.819 1.079 1000.144 2.392206450625581 1.0 -1.0 -1.0
25.0 0.0 Bus -1.0 -1.0 -1.0 -1.0 -1.0 -1.0 -1.0 3.069 2.988 12.424 1667.037 1.493 1000.938 2.4779353613164097 1.0 -1.0 -1.0
26.0 99.0 Car -1.0 -1.0 -1.0 -1.0 -1.0 -1.0 -1.0 1.73 1.562 4.084 1662.214 0.0 1009.95 2.553494050168135 1.0 -1.0 -1.0
26.0 2.0 Car -1.0 -1.0 -1.0 -1.0 -1.0 -1.0 -1.0 2.011 2.001 4.795 1684.628 1.012 988.445 2.3279201563202814 0.0 -1.0 -1.0
26.0 3.0 Car -1.0 -1.0 -1.0 -1.0 -1.0 -1.0 -1.0 2.008 1.814 4.517 1671.962 1.054 1001.853 2.4020966497202156 0.0 -1.0 -1.0
26.0 0.0 Bus -1.0 -1.0 -1.0 -1.0 -1.0 -1.0 -1.0 3.069 2.988 12.424 1666.733 1.514 1001.319 2.4822571289880146 0.0 -1.0 -1.0
27.0 99.0 Car -1.0 -1.0 -1.0 -1.0 -1.0 -1.0 -1.0 1.73 1.562 4.084 1660.431 0.0 1011.08 2.6148896591469777 1.0 -1.0 -1.0
27.0 2.0 Car -1.0 -1.0 -1.0 -1.0 -1.0 -1.0 -1.0 2.011 2.001 4.795 1682.7 1.012 990.49 2.3235568331902954 0.0 -1.0 -1.0
27.0 3.0 Car -1.0 -1.0 -1.0 -1.0 -1.0 -1.0 -1.0 2.008 1.814 4.517 1670.105 1.029 1003.561 2.41198684881485 0.0 -1.0 -1.0
27.0 0.0 Bus -1.0 -1.0 -1.0 -1.0 -1.0 -1.0 -1.0 3.069 2.988 12.424 1666.23 1.563 1001.814 2.515667717526192 0.0 -1.0 -1.0
28.0 99.0 Car -1.0 -1.0 -1.0 -1.0 -1.0 -1.0 -1.0 1.73 1.562 4.084 1658.725 0.0 1012.025 2.672115498912185 1.0 -1.0 -1.0
28.0 2.0 Car -1.0 -1.0 -1.0 -1.0 -1.0 -1.0 -1.0 2.011 2.001 4.795 1680.773 1.011 992.534 2.31919351006031 0.0 -1.0 -1.0
28.0 3.0 Car -1.0 -1.0 -1.0 -1.0 -1.0 -1.0 -1.0 2.008 1.814 4.517 1668.248 1.004 1005.27 2.4218770479094847 0.0 -1.0 -1.0
28.0 0.0 Bus -1.0 -1.0 -1.0 -1.0 -1.0 -1.0 -1.0 3.069 2.988 12.424 1665.506 1.518 1002.358 2.4618118434646528 0.0 -1.0 -1.0
29.0 99.0 Car -1.0 -1.0 -1.0 -1.0 -1.0 -1.0 -1.0 1.73 1.562 4.084 1657.19 0.0 1012.786 2.702300667377721 1.0 -1.0 -1.0
29.0 2.0 Car -1.0 -1.0 -1.0 -1.0 -1.0 -1.0 -1.0 2.011 2.001 4.795 1678.769 1.021 994.781 2.345373448840225 0.0 -1.0 -1.0
29.0 3.0 Car -1.0 -1.0 -1.0 -1.0 -1.0 -1.0 -1.0 2.008 1.814 4.517 1666.39 0.979 1006.979 2.431767247004119 0.0 -1.0 -1.0
29.0 0.0 Bus -1.0 -1.0 -1.0 -1.0 -1.0 -1.0 -1.0 3.069 2.988 12.424 1664.426 1.573 1003.214 2.465551834718926 0.0 -1.0 -1.0
30.0 99.0 Car -1.0 -1.0 -1.0 -1.0 -1.0 -1.0 -1.0 1.73 1.562 4.084 1655.615 0.0 1013.537 2.6871707310617152 1.0 -1.0 -1.0
30.0 2.0 Car -1.0 -1.0 -1.0 -1.0 -1.0 -1.0 -1.0 2.011 2.001 4.795 1676.679 1.05 996.945 2.37155338762014 0.0 -1.0 -1.0
30.0 3.0 Car -1.0 -1.0 -1.0 -1.0 -1.0 -1.0 -1.0 2.008 1.814 4.517 1664.773 0.995 1008.309 2.434676129090777 0.0 -1.0 -1.0
30.0 0.0 Bus -1.0 -1.0 -1.0 -1.0 -1.0 -1.0 -1.0 3.069 2.988 12.424 1663.661 1.523 1003.918 2.434385240933313 0.0 -1.0 -1.0
31.0 99.0 Car -1.0 -1.0 -1.0 -1.0 -1.0 -1.0 -1.0 1.73 1.562 4.084 1654.188 0.0 1014.29 2.6318475104249286 1.0 -1.0 -1.0
31.0 2.0 Car -1.0 -1.0 -1.0 -1.0 -1.0 -1.0 -1.0 2.011 2.001 4.795 1674.577 1.161 998.678 2.389006680140083 0.0 -1.0 -1.0
31.0 3.0 Car -1.0 -1.0 -1.0 -1.0 -1.0 -1.0 -1.0 2.008 1.814 4.517 1663.821 1.011 1009.117 2.4375850111774335 0.0 -1.0 -1.0
31.0 0.0 Bus -1.0 -1.0 -1.0 -1.0 -1.0 -1.0 -1.0 3.069 2.988 12.424 1662.873 1.573 1004.71 2.451838533453256 0.0 -1.0 -1.0
32.0 99.0 Car -1.0 -1.0 -1.0 -1.0 -1.0 -1.0 -1.0 1.73 1.562 4.084 1652.483 0.0 1015.316 2.564160770987366 1.0 -1.0 -1.0
32.0 2.0 Car -1.0 -1.0 -1.0 -1.0 -1.0 -1.0 -1.0 2.011 2.001 4.795 1672.556 1.15 1000.516 2.389006680140083 0.0 -1.0 -1.0
32.0 3.0 Car -1.0 -1.0 -1.0 -1.0 -1.0 -1.0 -1.0 2.008 1.814 4.517 1663.257 1.027 1009.638 2.440493893264091 0.0 -1.0 -1.0
32.0 0.0 Bus -1.0 -1.0 -1.0 -1.0 -1.0 -1.0 -1.0 3.069 2.988 12.424 1661.928 1.668 1005.4 2.434385240933313 0.0 -1.0 -1.0
33.0 99.0 Car -1.0 -1.0 -1.0 -1.0 -1.0 -1.0 -1.0 1.73 1.562 4.084 1650.494 0.0 1016.688 2.5036710390708823 1.0 -1.0 -1.0
33.0 2.0 Car -1.0 -1.0 -1.0 -1.0 -1.0 -1.0 -1.0 2.011 2.001 4.795 1670.929 1.175 1001.963 2.4428209987432417 0.0 -1.0 -1.0
33.0 3.0 Car -1.0 -1.0 -1.0 -1.0 -1.0 -1.0 -1.0 2.008 1.814 4.517 1662.674 1.043 1010.04 2.4608560678706914 0.0 -1.0 -1.0
33.0 0.0 Bus -1.0 -1.0 -1.0 -1.0 -1.0 -1.0 -1.0 3.069 2.988 12.424 1660.975 1.614 1006.172 2.434385240933313 0.0 -1.0 -1.0
34.0 99.0 Car -1.0 -1.0 -1.0 -1.0 -1.0 -1.0 -1.0 1.73 1.562 4.084 1648.441 0.0 1018.249 2.4679579797204076 1.0 -1.0 -1.0
34.0 2.0 Car -1.0 -1.0 -1.0 -1.0 -1.0 -1.0 -1.0 2.011 2.001 4.795 1669.277 1.18 1003.173 2.4617287323065136 0.0 -1.0 -1.0
34.0 3.0 Car -1.0 -1.0 -1.0 -1.0 -1.0 -1.0 -1.0 2.008 1.814 4.517 1661.966 1.059 1010.629 2.455038303697377 0.0 -1.0 -1.0
34.0 0.0 Bus -1.0 -1.0 -1.0 -1.0 -1.0 -1.0 -1.0 3.069 2.988 12.424 1660.023 1.565 1006.943 2.434385240933313 0.0 -1.0 -1.0
35.0 99.0 Car -1.0 -1.0 -1.0 -1.0 -1.0 -1.0 -1.0 1.73 1.562 4.084 1646.42 0.0 1019.885 2.4470581374793867 1.0 -1.0 -1.0
35.0 2.0 Car -1.0 -1.0 -1.0 -1.0 -1.0 -1.0 -1.0 2.011 2.001 4.795 1668.218 1.164 1004.071 2.4806364658697855 0.0 -1.0 -1.0
35.0 3.0 Car -1.0 -1.0 -1.0 -1.0 -1.0 -1.0 -1.0 2.008 1.814 4.517 1661.201 1.075 1011.345 2.4492205395240627 0.0 -1.0 -1.0
35.0 0.0 Bus -1.0 -1.0 -1.0 -1.0 -1.0 -1.0 -1.0 3.069 2.988 12.424 1659.113 1.564 1007.765 2.434385240933313 0.0 -1.0 -1.0
36.0 99.0 Car -1.0 -1.0 -1.0 -1.0 -1.0 -1.0 -1.0 1.73 1.562 4.084 1644.508 0.0 1021.52 2.430415743329754 1.0 -1.0 -1.0
36.0 2.0 Car -1.0 -1.0 -1.0 -1.0 -1.0 -1.0 -1.0 2.011 2.001 4.795 1667.261 1.168 1004.666 2.4762731427397995 0.0 -1.0 -1.0
36.0 3.0 Car -1.0 -1.0 -1.0 -1.0 -1.0 -1.0 -1.0 2.008 1.814 4.517 1660.219 1.079 1012.151 2.4492205395240627 0.0 -1.0 -1.0
36.0 0.0 Bus -1.0 -1.0 -1.0 -1.0 -1.0 -1.0 -1.0 3.069 2.988 12.424 1658.203 1.663 1008.586 2.434385240933313 0.0 -1.0 -1.0
37.0 99.0 Car -1.0 -1.0 -1.0 -1.0 -1.0 -1.0 -1.0 1.73 1.562 4.084 1641.906 0.0 1023.811 2.420132203493058 1.0 -1.0 -1.0
37.0 2.0 Car -1.0 -1.0 -1.0 -1.0 -1.0 -1.0 -1.0 2.011 2.001 4.795 1666.323 1.173 1005.392 2.4849997889997715 0.0 -1.0 -1.0
37.0 3.0 Car -1.0 -1.0 -1.0 -1.0 -1.0 -1.0 -1.0 2.008 1.814 4.517 1658.483 1.082 1013.581 2.4492205395240627 0.0 -1.0 -1.0
37.0 0.0 Bus -1.0 -1.0 -1.0 -1.0 -1.0 -1.0 -1.0 3.069 2.988 12.424 1656.854 1.752 1009.74 2.434385240933313 0.0 -1.0 -1.0
