0.0 99.0 Car -1.0 -1.0 -1.0 -1.0 -1.0 -1.0 -1.0 1.73 1.562 4.084 1092.883 0.0 813.527 0.8678586829468368 1.0 -1.0 -1.0
0.0 1.0 Car -1.0 -1.0 -1.0 -1.0 -1.0 -1.0 -1.0 2.087 1.756 4.757 1081.582 1.014 801.054 0.8709891099655406 0.0 -1.0 -1.0
1.0 99.0 Car -1.0 -1.0 -1.0 -1.0 -1.0 -1.0 -1.0 1.73 1.562 4.084 1094.256 0.0 815.133 0.876827392632531 1.0 -1.0 -1.0
1.0 1.0 Car -1.0 -1.0 -1.0 -1.0 -1.0 -1.0 -1.0 2.087 1.756 4.757 1083.606 1.014 803.458 0.8709891099655406 0.0 -1.0 -1.0
2.0 99.0 Car -1.0 -1.0 -1.0 -1.0 -1.0 -1.0 -1.0 1.73 1.562 4.084 1095.798 0.0 816.967 0.8800856982780398 1.0 -1.0 -1.0
2.0 1.0 Car -1.0 -1.0 -1.0 -1.0 -1.0 -1.0 -1.0 2.087 1.756 4.757 1085.44 1.014 805.636 0.8709891099655406 1.0 -1.0 -1.0
3.0 99.0 Car -1.0 -1.0 -1.0 -1.0 -1.0 -1.0 -1.0 1.73 1.562 4.084 1097.641 0.0 819.171 0.8814940840894888 1.0 -1.0 -1.0
3.0 1.0 Car -1.0 -1.0 -1.0 -1.0 -1.0 -1.0 -1.0 2.087 1.756 4.757 1087.445 1.014 808.018 0.8709891099655406 1.0 -1.0 -1.0
4.0 99.0 Car -1.0 -1.0 -1.0 -1.0 -1.0 -1.0 -1.0 1.73 1.562 4.084 1099.72 0.0 821.645 0.8765403921903514 1.0 -1.0 -1.0
4.0 1.0 Car -1.0 -1.0 -1.0 -1.0 -1.0 -1.0 -1.0 2.087 1.756 4.757 1089.325 1.014 810.199 0.8709891099655406 1.0 -1.0 -1.0
5.0 99.0 Car -1.0 -1.0 -1.0 -1.0 -1.0 -1.0 -1.0 1.73 1.562 4.084 1101.498 0.0 823.738 0.8711135552051115 1.0 -1.0 -1.0
5.0 1.0 Car -1.0 -1.0 -1.0 -1.0 -1.0 -1.0 -1.0 2.087 1.756 4.757 1090.935 1.014 812.072 0.8709891099655406 1.0 -1.0 -1.0
6.0 99.0 Car -1.0 -1.0 -1.0 -1.0 -1.0 -1.0 -1.0 1.73 1.562 4.084 1103.728 0.0 826.314 0.8624636360936688 1.0 -1.0 -1.0
6.0 1.0 Car -1.0 -1.0 -1.0 -1.0 -1.0 -1.0 -1.0 2.087 1.756 4.757 1092.947 1.014 814.41 0.8709891099655406 1.0 -1.0 -1.0
7.0 99.0 Car -1.0 -1.0 -1.0 -1.0 -1.0 -1.0 -1.0 1.73 1.562 4.084 1105.732 0.0 828.584 0.8533357261024719 1.0 -1.0 -1.0
7.0 1.0 Car -1.0 -1.0 -1.0 -1.0 -1.0 -1.0 -1.0 2.087 1.756 4.757 1094.867 1.014 816.594 0.8709891099655406 1.0 -1.0 -1.0
8.0 99.0 Car -1.0 -1.0 -1.0 -1.0 -1.0 -1.0 -1.0 1.73 1.562 4.084 1108.026 0.0 831.166 0.8468883160349314 1.0 -1.0 -1.0
8.0 1.0 Car -1.0 -1.0 -1.0 -1.0 -1.0 -1.0 -1.0 2.087 1.756 4.757 1097.151 1.014 819.204 0.8535358174455971 1.0 -1.0 -1.0
9.0 99.0 Car -1.0 -1.0 -1.0 -1.0 -1.0 -1.0 -1.0 1.73 1.562 4.084 1110.469 0.0 833.858 0.8361918029951908 1.0 -1.0 -1.0
9.0 1.0 Car -1.0 -1.0 -1.0 -1.0 -1.0 -1.0 -1.0 2.087 1.756 4.757 1099.383 1.014 821.805 0.8535358174455971 1.0 -1.0 -1.0
10.0 99.0 Car -1.0 -1.0 -1.0 -1.0 -1.0 -1.0 -1.0 1.73 1.562 4.084 1113.132 0.0 836.757 0.8297612698681981 1.0 -1.0 -1.0
10.0 1.0 Car -1.0 -1.0 -1.0 -1.0 -1.0 -1.0 -1.0 2.087 1.756 4.757 1101.68 1.014 824.482 0.8535358174455971 1.0 -1.0 -1.0
11.0 99.0 Car -1.0 -1.0 -1.0 -1.0 -1.0 -1.0 -1.0 1.73 1.562 4.084 1116.014 0.0 839.893 0.836431017362979 1.0 -1.0 -1.0
11.0 1.0 Car -1.0 -1.0 -1.0 -1.0 -1.0 -1.0 -1.0 2.087 1.756 4.757 1104.096 1.014 827.199 0.8535358174455971 1.0 -1.0 -1.0
12.0 99.0 Car -1.0 -1.0 -1.0 -1.0 -1.0 -1.0 -1.0 1.73 1.562 4.084 1118.979 0.0 843.205 0.8576924524510783 1.0 -1.0 -1.0
12.0 1.0 Car -1.0 -1.0 -1.0 -1.0 -1.0 -1.0 -1.0 2.087 1.756 4.757 1106.511 1.014 829.865 0.8360825249256537 1.0 -1.0 -1.0
13.0 99.0 Car -1.0 -1.0 -1.0 -1.0 -1.0 -1.0 -1.0 1.73 1.562 4.084 1121.356 0.0 845.937 0.8667797805106637 1.0 -1.0 -1.0
13.0 1.0 Car -1.0 -1.0 -1.0 -1.0 -1.0 -1.0 -1.0 2.087 1.756 4.757 1108.422 1.014 832.022 0.8360825249256537 0.0 -1.0 -1.0
14.0 99.0 Car -1.0 -1.0 -1.0 -1.0 -1.0 -1.0 -1.0 1.73 1.562 4.084 1124.38 0.0 849.481 0.8744016304336245 1.0 -1.0 -1.0
14.0 1.0 Car -1.0 -1.0 -1.0 -1.0 -1.0 -1.0 -1.0 2.087 1.756 4.757 1110.807 1.014 834.715 0.8360825249256537 0.0 -1.0 -1.0
15.0 99.0 Car -1.0 -1.0 -1.0 -1.0 -1.0 -1.0 -1.0 1.73 1.562 4.084 1128.142 0.0 853.932 0.8803595388246803 1.0 -1.0 -1.0
15.0 1.0 Car -1.0 -1.0 -1.0 -1.0 -1.0 -1.0 -1.0 2.087 1.756 4.757 1113.782 1.014 838.07 0.8360825249256537 1.0 -1.0 -1.0
16.0 99.0 Car -1.0 -1.0 -1.0 -1.0 -1.0 -1.0 -1.0 1.73 1.562 4.084 1131.621 0.0 858.151 0.8888874961888235 1.0 -1.0 -1.0
16.0 1.0 Car -1.0 -1.0 -1.0 -1.0 -1.0 -1.0 -1.0 2.087 1.756 4.757 1116.702 1.014 841.361 0.8360825249256537 1.0 -1.0 -1.0
17.0 99.0 Car -1.0 -1.0 -1.0 -1.0 -1.0 -1.0 -1.0 1.73 1.562 4.084 1134.877 0.0 862.088 0.8852908634468515 1.0 -1.0 -1.0
17.0 1.0 Car -1.0 -1.0 -1.0 -1.0 -1.0 -1.0 -1.0 2.087 1.756 4.757 1119.465 1.014 844.472 0.8360825249256537 1.0 -1.0 -1.0
18.0 99.0 Car -1.0 -1.0 -1.0 -1.0 -1.0 -1.0 -1.0 1.73 1.562 4.084 1138.159 0.0 865.999 0.8747939915785448 1.0 -1.0 -1.0
18.0 1.0 Car -1.0 -1.0 -1.0 -1.0 -1.0 -1.0 -1.0 2.087 1.756 4.757 1122.315 1.014 847.679 0.8360825249256537 1.0 -1.0 -1.0
19.0 99.0 Car -1.0 -1.0 -1.0 -1.0 -1.0 -1.0 -1.0 1.73 1.562 4.084 1141.479 0.0 869.882 0.862774395024849 1.0 -1.0 -1.0
19.0 1.0 Car -1.0 -1.0 -1.0 -1.0 -1.0 -1.0 -1.0 2.087 1.756 4.757 1125.166 1.014 850.887 0.8360825249256537 1.0 -1.0 -1.0
20.0 99.0 Car -1.0 -1.0 -1.0 -1.0 -1.0 -1.0 -1.0 1.73 1.562 4.084 1144.849 0.0 873.725 0.8491016855188284 1.0 -1.0 -1.0
20.0 1.0 Car -1.0 -1.0 -1.0 -1.0 -1.0 -1.0 -1.0 2.087 1.756 4.757 1128.082 1.014 854.168 0.8360825249256537 1.0 -1.0 -1.0
21.0 99.0 Car -1.0 -1.0 -1.0 -1.0 -1.0 -1.0 -1.0 1.73 1.562 4.084 1148.251 0.0 877.496 0.8365373330375904 1.0 -1.0 -1.0
21.0 1.0 Car -1.0 -1.0 -1.0 -1.0 -1.0 -1.0 -1.0 2.087 1.756 4.757 1131.064 1.014 857.522 0.8360825249256537 1.0 -1.0 -1.0
22.0 99.0 Car -1.0 -1.0 -1.0 -1.0 -1.0 -1.0 -1.0 1.73 1.562 4.084 1151.707 0.0 881.249 0.8279763287316847 1.0 -1.0 -1.0
22.0 1.0 Car -1.0 -1.0 -1.0 -1.0 -1.0 -1.0 -1.0 2.087 1.756 4.757 1134.068 0.964 860.9 0.8360825249256537 1.0 -1.0 -1.0
23.0 99.0 Car -1.0 -1.0 -1.0 -1.0 -1.0 -1.0 -1.0 1.73 1.562 4.084 1155.177 0.0 884.946 0.8258534734606459 1.0 -1.0 -1.0
23.0 1.0 Car -1.0 -1.0 -1.0 -1.0 -1.0 -1.0 -1.0 2.087 1.756 4.757 1137.113 0.914 864.323 0.8360825249256537 1.0 -1.0 -1.0
23.0 0.0 Truck -1.0 -1.0 -1.0 -1.0 -1.0 -1.0 -1.0 2.817 3.442 8.737 1213.614 2.904 968.719 -2.2621386967521095 0.0 -1.0 -1.0
24.0 99.0 Car -1.0 -1.0 -1.0 -1.0 -1.0 -1.0 -1.0 1.73 1.562 4.084 1158.558 0.0 888.672 0.8512471447905098 1.0 -1.0 -1.0
24.0 1.0 Car -1.0 -1.0 -1.0 -1.0 -1.0 -1.0 -1.0 2.087 1.756 4.757 1140.4 0.865 868.013 0.8360825249256537 1.0 -1.0 -1.0
24.0 0.0 Truck -1.0 -1.0 -1.0 -1.0 -1.0 -1.0 -1.0 2.817 3.442 8.737 1211.791 2.826 965.779 -2.2621386967521095 1.0 -1.0 -1.0
25.0 99.0 Car -1.0 -1.0 -1.0 -1.0 -1.0 -1.0 -1.0 1.73 1.562 4.084 1162.444 0.0 893.118 0.8703463211405081 1.0 -1.0 -1.0
25.0 1.0 Car -1.0 -1.0 -1.0 -1.0 -1.0 -1.0 -1.0 2.087 1.756 4.757 1143.7 0.805 871.778 0.8360825249256537 1.0 -1.0 -1.0
25.0 0.0 Truck -1.0 -1.0 -1.0 -1.0 -1.0 -1.0 -1.0 2.817 3.442 8.737 1209.601 2.733 962.246 -2.2621386967521095 1.0 -1.0 -1.0
26.0 99.0 Car -1.0 -1.0 -1.0 -1.0 -1.0 -1.0 -1.0 1.73 1.562 4.084 1165.562 0.0 896.763 0.8759325730314009 1.0 -1.0 -1.0
26.0 1.0 Car -1.0 -1.0 -1.0 -1.0 -1.0 -1.0 -1.0 2.087 1.756 4.757 1146.873 0.805 875.43 0.8535358174455971 1.0 -1.0 -1.0
26.0 0.0 Truck -1.0 -1.0 -1.0 -1.0 -1.0 -1.0 -1.0 2.817 3.442 8.737 1207.738 2.655 959.335 -2.2621386967521095 1.0 -1.0 -1.0
27.0 99.0 Car -1.0 -1.0 -1.0 -1.0 -1.0 -1.0 -1.0 1.73 1.562 4.084 1168.628 0.0 900.403 0.8816156686551417 1.0 -1.0 -1.0
27.0 1.0 Car -1.0 -1.0 -1.0 -1.0 -1.0 -1.0 -1.0 2.087 1.756 4.757 1150.089 0.805 879.131 0.8535358174455971 1.0 -1.0 -1.0
27.0 0.0 Truck -1.0 -1.0 -1.0 -1.0 -1.0 -1.0 -1.0 2.817 3.442 8.737 1205.589 2.577 956.738 -2.2621386967521095 1.0 -1.0 -1.0
28.0 99.0 Car -1.0 -1.0 -1.0 -1.0 -1.0 -1.0 -1.0 1.73 1.562 4.084 1170.944 0.0 903.182 0.8871865654549772 1.0 -1.0 -1.0
28.0 1.0 Car -1.0 -1.0 -1.0 -1.0 -1.0 -1.0 -1.0 2.087 1.756 4.757 1152.661 0.805 882.091 0.8535358174455971 0.0 -1.0 -1.0
28.0 0.0 Truck -1.0 -1.0 -1.0 -1.0 -1.0 -1.0 -1.0 2.817 3.442 8.737 1203.655 2.514 954.402 -2.2621386967521095 0.0 -1.0 -1.0
29.0 99.0 Car -1.0 -1.0 -1.0 -1.0 -1.0 -1.0 -1.0 1.73 1.562 4.084 1173.761 0.0 906.575 0.881433214341923 1.0 -1.0 -1.0
29.0 1.0 Car -1.0 -1.0 -1.0 -1.0 -1.0 -1.0 -1.0 2.087 1.756 4.757 1155.877 0.805 885.792 0.8535358174455971 0.0 -1.0 -1.0
29.0 0.0 Truck -1.0 -1.0 -1.0 -1.0 -1.0 -1.0 -1.0 2.817 3.442 8.737 1201.238 2.374 951.481 -2.2621386967521095 0.0 -1.0 -1.0
30.0 99.0 Car -1.0 -1.0 -1.0 -1.0 -1.0 -1.0 -1.0 1.73 1.562 4.084 1176.453 0.0 909.779 0.8696445657367597 1.0 -1.0 -1.0
30.0 1.0 Car -1.0 -1.0 -1.0 -1.0 -1.0 -1.0 -1.0 2.087 1.756 4.757 1159.097 0.805 889.497 0.8535358174455971 0.0 -1.0 -1.0
30.0 0.0 Truck -1.0 -1.0 -1.0 -1.0 -1.0 -1.0 -1.0 2.817 3.442 8.737 1198.473 2.233 948.14 -2.2621386967521095 0.0 -1.0 -1.0
31.0 99.0 Car -1.0 -1.0 -1.0 -1.0 -1.0 -1.0 -1.0 1.73 1.562 4.084 1179.038 0.0 912.747 0.8524062861405134 1.0 -1.0 -1.0
31.0 1.0 Car -1.0 -1.0 -1.0 -1.0 -1.0 -1.0 -1.0 2.087 1.756 4.757 1162.101 0.805 892.955 0.8535358174455971 0.0 -1.0 -1.0
31.0 0.0 Truck -1.0 -1.0 -1.0 -1.0 -1.0 -1.0 -1.0 2.817 3.442 8.737 1195.286 2.093 944.289 -2.2621386967521095 0.0 -1.0 -1.0
32.0 99.0 Car -1.0 -1.0 -1.0 -1.0 -1.0 -1.0 -1.0 1.73 1.562 4.084 1181.549 0.0 915.534 0.8368565396365122 1.0 -1.0 -1.0
32.0 1.0 Car -1.0 -1.0 -1.0 -1.0 -1.0 -1.0 -1.0 2.087 1.756 4.757 1165.106 0.805 896.414 0.8535358174455971 0.0 -1.0 -1.0
32.0 0.0 Truck -1.0 -1.0 -1.0 -1.0 -1.0 -1.0 -1.0 2.817 3.442 8.737 1191.869 1.952 940.16 -2.2621386967521095 0.0 -1.0 -1.0
33.0 99.0 Car -1.0 -1.0 -1.0 -1.0 -1.0 -1.0 -1.0 1.73 1.562 4.084 1184.01 0.0 918.189 0.8242451112950122 1.0 -1.0 -1.0
33.0 1.0 Car -1.0 -1.0 -1.0 -1.0 -1.0 -1.0 -1.0 2.087 1.756 4.757 1168.146 0.805 899.714 0.8535358174455971 0.0 -1.0 -1.0
33.0 0.0 Truck -1.0 -1.0 -1.0 -1.0 -1.0 -1.0 -1.0 2.817 3.442 8.737 1188.297 1.711 935.844 -2.2621386967521095 0.0 -1.0 -1.0
34.0 99.0 Car -1.0 -1.0 -1.0 -1.0 -1.0 -1.0 -1.0 1.73 1.562 4.084 1186.445 0.0 920.758 0.8165579342674971 1.0 -1.0 -1.0
34.0 1.0 Car -1.0 -1.0 -1.0 -1.0 -1.0 -1.0 -1.0 2.087 1.756 4.757 1171.309 0.805 903.155 0.8535358174455971 0.0 -1.0 -1.0
34.0 0.0 Truck -1.0 -1.0 -1.0 -1.0 -1.0 -1.0 -1.0 2.817 3.442 8.737 1184.694 1.471 931.491 -2.2621386967521095 0.0 -1.0 -1.0
35.0 99.0 Car -1.0 -1.0 -1.0 -1.0 -1.0 -1.0 -1.0 1.73 1.562 4.084 1188.769 0.0 923.181 0.8109785531672222 1.0 -1.0 -1.0
35.0 1.0 Car -1.0 -1.0 -1.0 -1.0 -1.0 -1.0 -1.0 2.087 1.756 4.757 1174.294 0.805 906.493 0.8535358174455971 0.0 -1.0 -1.0
35.0 0.0 Truck -1.0 -1.0 -1.0 -1.0 -1.0 -1.0 -1.0 2.817 3.442 8.737 1180.745 1.631 926.719 -2.2621386967521095 0.0 -1.0 -1.0
36.0 99.0 Car -1.0 -1.0 -1.0 -1.0 -1.0 -1.0 -1.0 1.73 1.562 4.084 1190.971 0.0 925.478 0.8227613671065225 1.0 -1.0 -1.0
36.0 1.0 Car -1.0 -1.0 -1.0 -1.0 -1.0 -1.0 -1.0 2.087 1.756 4.757 1177.148 0.805 909.729 0.8535358174455971 0.0 -1.0 -1.0
36.0 0.0 Truck -1.0 -1.0 -1.0 -1.0 -1.0 -1.0 -1.0 2.817 3.442 8.737 1176.527 1.791 921.622 -2.2621386967521095 0.0 -1.0 -1.0
37.0 99.0 Car -1.0 -1.0 -1.0 -1.0 -1.0 -1.0 -1.0 1.73 1.562 4.084 1193.004 0.0 927.669 0.8427710788856618 1.0 -1.0 -1.0
37.0 1.0 Car -1.0 -1.0 -1.0 -1.0 -1.0 -1.0 -1.0 2.087 1.756 4.757 1179.851 0.805 912.792 0.8535358174455971 0.0 -1.0 -1.0
37.0 0.0 Truck -1.0 -1.0 -1.0 -1.0 -1.0 -1.0 -1.0 2.817 3.442 8.737 1172.463 1.55 916.711 -2.2621386967521095 0.0 -1.0 -1.0
38.0 99.0 Car -1.0 -1.0 -1.0 -1.0 -1.0 -1.0 -1.0 1.73 1.562 4.084 1194.939 0.0 929.853 0.8640801226293523 1.0 -1.0 -1.0
38.0 1.0 Car -1.0 -1.0 -1.0 -1.0 -1.0 -1.0 -1.0 2.087 1.756 4.757 1182.598 0.805 915.905 0.8535358174455971 0.0 -1.0 -1.0
38.0 0.0 Truck -1.0 -1.0 -1.0 -1.0 -1.0 -1.0 -1.0 2.817 3.442 8.737 1168.398 1.51 911.8 -2.2621386967521095 0.0 -1.0 -1.0
39.0 99.0 Car -1.0 -1.0 -1.0 -1.0 -1.0 -1.0 -1.0 1.73 1.562 4.084 1196.668 0.0 931.883 0.8813114013563083 1.0 -1.0 -1.0
39.0 1.0 Car -1.0 -1.0 -1.0 -1.0 -1.0 -1.0 -1.0 2.087 1.756 4.757 1185.147 0.805 918.543 0.8535358174455971 0.0 -1.0 -1.0
39.0 0.0 Truck -1.0 -1.0 -1.0 -1.0 -1.0 -1.0 -1.0 2.817 3.442 8.737 1164.329 1.395 906.883 -2.2621386967521095 0.0 -1.0 -1.0
