0.0 99.0 Car -1.0 -1.0 -1.0 -1.0 -1.0 -1.0 -1.0 1.73 1.562 4.084 2321.325 0.0 1393.754 -0.518174221766992 1.0 -1.0 -1.0
0.0 0.0 Bus -1.0 -1.0 -1.0 -1.0 -1.0 -1.0 -1.0 3.152 3.392 12.308 2319.084 1.386 1382.804 2.6202977126066913 0.0 -1.0 -1.0
1.0 99.0 Car -1.0 -1.0 -1.0 -1.0 -1.0 -1.0 -1.0 1.73 1.562 4.084 2324.814 0.0 1391.738 -0.524545215821554 1.0 -1.0 -1.0
1.0 0.0 Bus -1.0 -1.0 -1.0 -1.0 -1.0 -1.0 -1.0 3.152 3.392 12.308 2316.671 1.386 1384.19 2.672657590166521 1.0 -1.0 -1.0
2.0 99.0 Car -1.0 -1.0 -1.0 -1.0 -1.0 -1.0 -1.0 1.73 1.562 4.084 2328.453 0.0 1389.593 -0.5302805042949811 1.0 -1.0 -1.0
2.0 0.0 Bus -1.0 -1.0 -1.0 -1.0 -1.0 -1.0 -1.0 3.152 3.392 12.308 2314.363 1.386 1385.375 2.672657590166521 0.0 -1.0 -1.0
3.0 99.0 Car -1.0 -1.0 -1.0 -1.0 -1.0 -1.0 -1.0 1.73 1.562 4.084 2332.171 0.0 1387.385 -0.5286872878592515 1.0 -1.0 -1.0
3.0 0.0 Bus -1.0 -1.0 -1.0 -1.0 -1.0 -1.0 -1.0 3.152 3.392 12.308 2312.552 1.386 1386.309 2.672657590166521 0.0 -1.0 -1.0
4.0 99.0 Car -1.0 -1.0 -1.0 -1.0 -1.0 -1.0 -1.0 1.73 1.562 4.084 2336.068 0.0 1385.085 -0.5265272693814633 1.0 -1.0 -1.0
4.0 0.0 Bus -1.0 -1.0 -1.0 -1.0 -1.0 -1.0 -1.0 3.152 3.392 12.308 2310.617 1.572 1387.305 2.672657590166521 0.0 -1.0 -1.0
5.0 99.0 Car -1.0 -1.0 -1.0 -1.0 -1.0 -1.0 -1.0 1.73 1.562 4.084 2340.151 0.0 1382.702 -0.5272699798982904 1.0 -1.0 -1.0
5.0 0.0 Bus -1.0 -1.0 -1.0 -1.0 -1.0 -1.0 -1.0 3.152 3.392 12.308 2308.724 1.386 1388.281 2.672657590166521 0.0 -1.0 -1.0
6.0 99.0 Car -1.0 -1.0 -1.0 -1.0 -1.0 -1.0 -1.0 1.73 1.562 4.084 2344.323 0.0 1380.231 -0.5311491783062415 1.0 -1.0 -1.0
6.0 0.0 Bus -1.0 -1.0 -1.0 -1.0 -1.0 -1.0 -1.0 3.152 3.392 12.308 2306.292 1.294 1389.529 2.672657590166521 0.0 -1.0 -1.0
7.0 99.0 Car -1.0 -1.0 -1.0 -1.0 -1.0 -1.0 -1.0 1.73 1.562 4.084 2348.662 0.0 1377.629 -0.5332304098669955 1.0 -1.0 -1.0
7.0 0.0 Bus -1.0 -1.0 -1.0 -1.0 -1.0 -1.0 -1.0 3.152 3.392 12.308 2304.109 1.201 1390.651 2.672657590166521 0.0 -1.0 -1.0
8.0 99.0 Car -1.0 -1.0 -1.0 -1.0 -1.0 -1.0 -1.0 1.73 1.562 4.084 2353.156 0.0 1374.94 -0.5354087904905447 1.0 -1.0 -1.0
8.0 0.0 Bus -1.0 -1.0 -1.0 -1.0 -1.0 -1.0 -1.0 3.152 3.392 12.308 2301.926 1.108 1391.773 2.672657590166521 0.0 -1.0 -1.0
9.0 99.0 Car -1.0 -1.0 -1.0 -1.0 -1.0 -1.0 -1.0 1.73 1.562 4.084 2357.781 0.0 1372.19 -0.5357663461991288 1.0 -1.0 -1.0
9.0 0.0 Bus -1.0 -1.0 -1.0 -1.0 -1.0 -1.0 -1.0 3.152 3.392 12.308 2299.577 1.479 1392.979 2.672657590166521 0.0 -1.0 -1.0
10.0 99.0 Car -1.0 -1.0 -1.0 -1.0 -1.0 -1.0 -1.0 1.73 1.562 4.084 2362.525 0.0 1369.339 -0.5389555115729157 1.0 -1.0 -1.0
10.0 0.0 Bus -1.0 -1.0 -1.0 -1.0 -1.0 -1.0 -1.0 3.152 3.392 12.308 2297.104 1.85 1394.248 2.672657590166521 0.0 -1.0 -1.0
11.0 99.0 Car -1.0 -1.0 -1.0 -1.0 -1.0 -1.0 -1.0 1.73 1.562 4.084 2367.314 0.0 1366.432 -0.5415821930258037 1.0 -1.0 -1.0
11.0 0.0 Bus -1.0 -1.0 -1.0 -1.0 -1.0 -1.0 -1.0 3.152 3.392 12.308 2294.611 2.178 1395.478 2.672657590166521 0.0 -1.0 -1.0
12.0 99.0 Car -1.0 -1.0 -1.0 -1.0 -1.0 -1.0 -1.0 1.73 1.562 4.084 2372.16 0.0 1363.499 -0.5435226633097122 1.0 -1.0 -1.0
12.0 0.0 Bus -1.0 -1.0 -1.0 -1.0 -1.0 -1.0 -1.0 3.152 3.392 12.308 2292.019 1.429 1396.512 2.707564175206408 0.0 -1.0 -1.0
13.0 99.0 Car -1.0 -1.0 -1.0 -1.0 -1.0 -1.0 -1.0 1.73 1.562 4.084 2377.071 0.0 1360.524 -0.5417114127457592 1.0 -1.0 -1.0
13.0 0.0 Bus -1.0 -1.0 -1.0 -1.0 -1.0 -1.0 -1.0 3.152 3.392 12.308 2288.522 1.28 1397.539 2.7511974065062663 0.0 -1.0 -1.0
18.0 99.0 Car -1.0 -1.0 -1.0 -1.0 -1.0 -1.0 -1.0 1.73 1.562 4.084 2401.505 0.0 1345.586 -0.5347409924653125 1.0 -1.0 -1.0
18.0 1.0 Bus -1.0 -1.0 -1.0 -1.0 -1.0 -1.0 -1.0 3.207 2.753 7.237 2452.927 0.937 1299.62 2.5414262837060644 0.0 -1.0 -1.0
19.0 99.0 Car -1.0 -1.0 -1.0 -1.0 -1.0 -1.0 -1.0 1.73 1.562 4.084 2406.343 0.0 1342.683 -0.5338424336073132 1.0 -1.0 -1.0
19.0 1.0 Bus -1.0 -1.0 -1.0 -1.0 -1.0 -1.0 -1.0 3.207 2.753 7.237 2449.335 0.966 1302.061 2.5414262837060644 1.0 -1.0 -1.0
20.0 99.0 Car -1.0 -1.0 -1.0 -1.0 -1.0 -1.0 -1.0 1.73 1.562 4.084 2411.168 0.0 1339.803 -0.5327935034536998 1.0 -1.0 -1.0
20.0 1.0 Bus -1.0 -1.0 -1.0 -1.0 -1.0 -1.0 -1.0 3.207 2.753 7.237 2445.743 0.995 1304.503 2.5414262837060644 1.0 -1.0 -1.0
21.0 99.0 Car -1.0 -1.0 -1.0 -1.0 -1.0 -1.0 -1.0 1.73 1.562 4.084 2415.966 0.0 1336.916 -0.5372539766131608 1.0 -1.0 -1.0
21.0 1.0 Bus -1.0 -1.0 -1.0 -1.0 -1.0 -1.0 -1.0 3.207 2.753 7.237 2442.031 1.024 1307.028 2.5414262837060644 1.0 -1.0 -1.0
22.0 99.0 Car -1.0 -1.0 -1.0 -1.0 -1.0 -1.0 -1.0 1.73 1.562 4.084 2420.662 0.0 1334.053 -0.5427741765760921 1.0 -1.0 -1.0
22.0 1.0 Bus -1.0 -1.0 -1.0 -1.0 -1.0 -1.0 -1.0 3.207 2.753 7.237 2438.318 1.054 1309.552 2.5414262837060644 0.0 -1.0 -1.0
23.0 99.0 Car -1.0 -1.0 -1.0 -1.0 -1.0 -1.0 -1.0 1.73 1.562 4.084 2425.361 0.0 1331.185 -0.5427650898485566 1.0 -1.0 -1.0
23.0 1.0 Bus -1.0 -1.0 -1.0 -1.0 -1.0 -1.0 -1.0 3.207 2.753 7.237 2434.823 1.141 1311.928 2.5414262837060644 0.0 -1.0 -1.0
24.0 99.0 Car -1.0 -1.0 -1.0 -1.0 -1.0 -1.0 -1.0 1.73 1.562 4.084 2430.053 0.0 1328.331 -0.5425691284703795 1.0 -1.0 -1.0
24.0 1.0 Bus -1.0 -1.0 -1.0 -1.0 -1.0 -1.0 -1.0 3.207 2.753 7.237 2431.328 1.229 1314.304 2.5763328687459506 0.0 -1.0 -1.0
25.0 99.0 Car -1.0 -1.0 -1.0 -1.0 -1.0 -1.0 -1.0 1.73 1.562 4.084 2434.681 0.0 1325.496 -0.5467062089868135 1.0 -1.0 -1.0
25.0 1.0 Bus -1.0 -1.0 -1.0 -1.0 -1.0 -1.0 -1.0 3.207 2.753 7.237 2427.774 1.287 1316.558 2.5763328687459506 0.0 -1.0 -1.0
26.0 99.0 Car -1.0 -1.0 -1.0 -1.0 -1.0 -1.0 -1.0 1.73 1.562 4.084 2439.236 0.0 1322.667 -0.552994272423016 1.0 -1.0 -1.0
26.0 1.0 Bus -1.0 -1.0 -1.0 -1.0 -1.0 -1.0 -1.0 3.207 2.753 7.237 2424.219 1.346 1318.813 2.5763328687459506 0.0 -1.0 -1.0
27.0 99.0 Car -1.0 -1.0 -1.0 -1.0 -1.0 -1.0 -1.0 1.73 1.562 4.084 2443.601 0.0 1319.886 -0.5665339936677664 1.0 -1.0 -1.0
27.0 1.0 Bus -1.0 -1.0 -1.0 -1.0 -1.0 -1.0 -1.0 3.207 2.753 7.237 2420.665 1.404 1321.067 2.5763328687459506 0.0 -1.0 -1.0
28.0 99.0 Car -1.0 -1.0 -1.0 -1.0 -1.0 -1.0 -1.0 1.73 1.562 4.084 2446.992 0.0 1317.672 -0.5788195688805806 1.0 -1.0 -1.0
28.0 1.0 Bus -1.0 -1.0 -1.0 -1.0 -1.0 -1.0 -1.0 3.207 2.753 7.237 2417.802 1.317 1322.883 2.5763328687459506 0.0 -1.0 -1.0
29.0 99.0 Car -1.0 -1.0 -1.0 -1.0 -1.0 -1.0 -1.0 1.73 1.562 4.084 2451.082 0.0 1314.916 -0.5970945949877154 1.0 -1.0 -1.0
29.0 1.0 Bus -1.0 -1.0 -1.0 -1.0 -1.0 -1.0 -1.0 3.207 2.753 7.237 2414.446 1.55 1325.012 2.5763328687459506 0.0 -1.0 -1.0
30.0 99.0 Car -1.0 -1.0 -1.0 -1.0 -1.0 -1.0 -1.0 1.73 1.562 4.084 2454.993 0.0 1312.154 -0.6242991289059585 1.0 -1.0 -1.0
30.0 1.0 Bus -1.0 -1.0 -1.0 -1.0 -1.0 -1.0 -1.0 3.207 2.753 7.237 2411.089 1.784 1327.142 2.5763328687459506 0.0 -1.0 -1.0
31.0 99.0 Car -1.0 -1.0 -1.0 -1.0 -1.0 -1.0 -1.0 1.73 1.562 4.084 2458.777 0.0 1309.312 -0.6617481752742149 1.0 -1.0 -1.0
31.0 1.0 Bus -1.0 -1.0 -1.0 -1.0 -1.0 -1.0 -1.0 3.207 2.753 7.237 2407.584 1.93 1329.365 2.5763328687459506 0.0 -1.0 -1.0
32.0 99.0 Car -1.0 -1.0 -1.0 -1.0 -1.0 -1.0 -1.0 1.73 1.562 4.084 2462.5 0.0 1306.286 -0.6993806983213953 1.0 -1.0 -1.0
32.0 1.0 Bus -1.0 -1.0 -1.0 -1.0 -1.0 -1.0 -1.0 3.207 2.753 7.237 2404.277 1.784 1331.462 2.5763328687459506 0.0 -1.0 -1.0
33.0 99.0 Car -1.0 -1.0 -1.0 -1.0 -1.0 -1.0 -1.0 1.73 1.562 4.084 2466.023 0.0 1303.174 -0.7334334913466208 1.0 -1.0 -1.0
33.0 1.0 Bus -1.0 -1.0 -1.0 -1.0 -1.0 -1.0 -1.0 3.207 2.753 7.237 2400.994 1.755 1333.545 2.5763328687459506 0.0 -1.0 -1.0
