0.0 99.0 Car -1.0 -1.0 -1.0 -1.0 -1.0 -1.0 -1.0 1.73 1.562 4.084 124.872 0.0 1017.177 1.7967973616294979 1.0 -1.0 -1.0
0.0 2.0 Car -1.0 -1.0 -1.0 -1.0 -1.0 -1.0 -1.0 1.806 1.588 4.276 126.15 0.7 1010.357 1.7993297390600036 0.0 -1.0 -1.0
0.0 0.0 Car -1.0 -1.0 -1.0 -1.0 -1.0 -1.0 -1.0 1.87 1.51 4.283 128.059 0.306 1001.266 1.7770418844969262 0.0 -1.0 -1.0
1.0 99.0 Car -1.0 -1.0 -1.0 -1.0 -1.0 -1.0 -1.0 1.73 1.562 4.084 124.668 0.0 1018.06 1.8023013105996446 1.0 -1.0 -1.0
1.0 2.0 Car -1.0 -1.0 -1.0 -1.0 -1.0 -1.0 -1.0 1.806 1.588 4.276 126.135 0.649 1010.347 1.813296923636721 1.0 -1.0 -1.0
1.0 0.0 Car -1.0 -1.0 -1.0 -1.0 -1.0 -1.0 -1.0 1.87 1.51 4.283 127.96 0.359 1001.8 1.7770418844969262 1.0 -1.0 -1.0
2.0 99.0 Car -1.0 -1.0 -1.0 -1.0 -1.0 -1.0 -1.0 1.73 1.562 4.084 124.35 0.0 1019.4 1.808567823701308 1.0 -1.0 -1.0
2.0 2.0 Car -1.0 -1.0 -1.0 -1.0 -1.0 -1.0 -1.0 1.806 1.588 4.276 126.111 0.597 1010.496 1.809803275641909 1.0 -1.0 -1.0
2.0 0.0 Car -1.0 -1.0 -1.0 -1.0 -1.0 -1.0 -1.0 1.87 1.51 4.283 127.86 0.411 1002.334 1.7770418844969262 1.0 -1.0 -1.0
3.0 99.0 Car -1.0 -1.0 -1.0 -1.0 -1.0 -1.0 -1.0 1.73 1.562 4.084 123.912 0.0 1021.221 1.8107959565140148 1.0 -1.0 -1.0
3.0 2.0 Car -1.0 -1.0 -1.0 -1.0 -1.0 -1.0 -1.0 1.806 1.588 4.276 125.942 0.479 1011.142 1.8063134116359485 1.0 -1.0 -1.0
3.0 0.0 Car -1.0 -1.0 -1.0 -1.0 -1.0 -1.0 -1.0 1.87 1.51 4.283 127.761 0.464 1002.868 1.7770418844969262 1.0 -1.0 -1.0
4.0 99.0 Car -1.0 -1.0 -1.0 -1.0 -1.0 -1.0 -1.0 1.73 1.562 4.084 123.381 0.0 1023.42 1.812440332315157 1.0 -1.0 -1.0
4.0 2.0 Car -1.0 -1.0 -1.0 -1.0 -1.0 -1.0 -1.0 1.806 1.588 4.276 125.663 0.586 1012.294 1.811551084170196 1.0 -1.0 -1.0
4.0 0.0 Car -1.0 -1.0 -1.0 -1.0 -1.0 -1.0 -1.0 1.87 1.51 4.283 127.661 0.516 1003.402 1.7770418844969262 1.0 -1.0 -1.0
5.0 99.0 Car -1.0 -1.0 -1.0 -1.0 -1.0 -1.0 -1.0 1.73 1.562 4.084 122.753 0.0 1026.049 1.8079884360858434 1.0 -1.0 -1.0
5.0 2.0 Car -1.0 -1.0 -1.0 -1.0 -1.0 -1.0 -1.0 1.806 1.588 4.276 125.28 0.692 1013.903 1.7993297390600036 1.0 -1.0 -1.0
5.0 0.0 Car -1.0 -1.0 -1.0 -1.0 -1.0 -1.0 -1.0 1.87 1.51 4.283 127.562 0.569 1003.936 1.7770418844969262 1.0 -1.0 -1.0
6.0 99.0 Car -1.0 -1.0 -1.0 -1.0 -1.0 -1.0 -1.0 1.73 1.562 4.084 122.11 0.0 1028.869 1.781960331300054 1.0 -1.0 -1.0
6.0 2.0 Car -1.0 -1.0 -1.0 -1.0 -1.0 -1.0 -1.0 1.806 1.588 4.276 124.864 0.784 1015.718 1.7993297390600036 1.0 -1.0 -1.0
6.0 0.0 Car -1.0 -1.0 -1.0 -1.0 -1.0 -1.0 -1.0 1.87 1.51 4.283 127.462 0.621 1004.47 1.7770418844969262 1.0 -1.0 -1.0
7.0 99.0 Car -1.0 -1.0 -1.0 -1.0 -1.0 -1.0 -1.0 1.73 1.562 4.084 121.561 0.0 1031.873 1.7274213266629241 1.0 -1.0 -1.0
7.0 2.0 Car -1.0 -1.0 -1.0 -1.0 -1.0 -1.0 -1.0 1.806 1.588 4.276 124.41 0.851 1017.628 1.7964208802509671 1.0 -1.0 -1.0
7.0 0.0 Car -1.0 -1.0 -1.0 -1.0 -1.0 -1.0 -1.0 1.87 1.51 4.283 127.362 0.673 1005.004 1.7770418844969262 1.0 -1.0 -1.0
8.0 99.0 Car -1.0 -1.0 -1.0 -1.0 -1.0 -1.0 -1.0 1.73 1.562 4.084 121.189 0.0 1035.032 1.6571479853133997 1.0 -1.0 -1.0
8.0 2.0 Car -1.0 -1.0 -1.0 -1.0 -1.0 -1.0 -1.0 1.806 1.588 4.276 123.97 0.917 1019.64 1.7891487870542386 1.0 -1.0 -1.0
8.0 0.0 Car -1.0 -1.0 -1.0 -1.0 -1.0 -1.0 -1.0 1.87 1.51 4.283 126.892 0.74 1007.306 1.7770418844969262 1.0 -1.0 -1.0
9.0 99.0 Car -1.0 -1.0 -1.0 -1.0 -1.0 -1.0 -1.0 1.73 1.562 4.084 121.027 0.0 1038.106 1.592404149085862 1.0 -1.0 -1.0
9.0 2.0 Car -1.0 -1.0 -1.0 -1.0 -1.0 -1.0 -1.0 1.806 1.588 4.276 123.505 0.984 1021.766 1.7818764465400603 1.0 -1.0 -1.0
9.0 0.0 Car -1.0 -1.0 -1.0 -1.0 -1.0 -1.0 -1.0 1.87 1.51 4.283 126.422 0.807 1009.609 1.7770418844969262 1.0 -1.0 -1.0
10.0 99.0 Car -1.0 -1.0 -1.0 -1.0 -1.0 -1.0 -1.0 1.73 1.562 4.084 121.05 0.0 1041.198 1.5441077366468214 1.0 -1.0 -1.0
10.0 2.0 Car -1.0 -1.0 -1.0 -1.0 -1.0 -1.0 -1.0 1.806 1.588 4.276 123.037 0.959 1024.17 1.7643899502509397 1.0 -1.0 -1.0
10.0 0.0 Car -1.0 -1.0 -1.0 -1.0 -1.0 -1.0 -1.0 1.87 1.51 4.283 125.931 0.89 1011.919 1.7770418844969262 1.0 -1.0 -1.0
10.0 1.0 Car -1.0 -1.0 -1.0 -1.0 -1.0 -1.0 -1.0 1.828 1.704 4.429 156.107 1.223 1089.954 -2.2486822082738813 0.0 -1.0 -1.0
11.0 99.0 Car -1.0 -1.0 -1.0 -1.0 -1.0 -1.0 -1.0 1.73 1.562 4.084 121.174 0.0 1044.221 1.5212313888244309 1.0 -1.0 -1.0
11.0 2.0 Car -1.0 -1.0 -1.0 -1.0 -1.0 -1.0 -1.0 1.806 1.588 4.276 122.569 0.934 1026.565 1.746963032273647 1.0 -1.0 -1.0
11.0 0.0 Car -1.0 -1.0 -1.0 -1.0 -1.0 -1.0 -1.0 1.87 1.51 4.283 125.442 0.974 1014.222 1.7770418844969262 1.0 -1.0 -1.0
11.0 1.0 Car -1.0 -1.0 -1.0 -1.0 -1.0 -1.0 -1.0 1.828 1.704 4.429 153.584 1.159 1086.775 -2.2486822082738813 1.0 -1.0 -1.0
12.0 99.0 Car -1.0 -1.0 -1.0 -1.0 -1.0 -1.0 -1.0 1.73 1.562 4.084 121.365 0.0 1047.294 1.5089119099129529 1.0 -1.0 -1.0
12.0 2.0 Car -1.0 -1.0 -1.0 -1.0 -1.0 -1.0 -1.0 1.806 1.588 4.276 122.119 0.884 1029.013 1.7120598617411453 1.0 -1.0 -1.0
12.0 0.0 Car -1.0 -1.0 -1.0 -1.0 -1.0 -1.0 -1.0 1.87 1.51 4.283 124.952 1.057 1016.526 1.7770418844969262 1.0 -1.0 -1.0
12.0 1.0 Car -1.0 -1.0 -1.0 -1.0 -1.0 -1.0 -1.0 1.828 1.704 4.429 151.058 1.096 1083.593 -2.2486822082738813 1.0 -1.0 -1.0
13.0 99.0 Car -1.0 -1.0 -1.0 -1.0 -1.0 -1.0 -1.0 1.73 1.562 4.084 121.563 0.0 1050.305 1.5226320246382914 1.0 -1.0 -1.0
13.0 2.0 Car -1.0 -1.0 -1.0 -1.0 -1.0 -1.0 -1.0 1.806 1.588 4.276 121.759 0.892 1031.545 1.6829710735103687 1.0 -1.0 -1.0
13.0 0.0 Car -1.0 -1.0 -1.0 -1.0 -1.0 -1.0 -1.0 1.87 1.51 4.283 124.4 1.124 1019.187 1.7770418844969262 1.0 -1.0 -1.0
13.0 1.0 Car -1.0 -1.0 -1.0 -1.0 -1.0 -1.0 -1.0 1.828 1.704 4.429 147.958 1.007 1079.698 -2.258283606603469 1.0 -1.0 -1.0
14.0 99.0 Car -1.0 -1.0 -1.0 -1.0 -1.0 -1.0 -1.0 1.73 1.562 4.084 121.643 0.0 1053.32 1.5748151044014895 1.0 -1.0 -1.0
14.0 2.0 Car -1.0 -1.0 -1.0 -1.0 -1.0 -1.0 -1.0 1.806 1.588 4.276 121.473 0.899 1034.085 1.6538844382977487 1.0 -1.0 -1.0
14.0 0.0 Car -1.0 -1.0 -1.0 -1.0 -1.0 -1.0 -1.0 1.87 1.51 4.283 123.848 1.19 1021.847 1.7770418844969262 1.0 -1.0 -1.0
14.0 1.0 Car -1.0 -1.0 -1.0 -1.0 -1.0 -1.0 -1.0 1.828 1.704 4.429 145.93 0.919 1077.251 -2.2678842942817643 1.0 -1.0 -1.0
15.0 99.0 Car -1.0 -1.0 -1.0 -1.0 -1.0 -1.0 -1.0 1.73 1.562 4.084 121.537 0.0 1056.352 1.6459290926783523 1.0 -1.0 -1.0
15.0 2.0 Car -1.0 -1.0 -1.0 -1.0 -1.0 -1.0 -1.0 1.806 1.588 4.276 121.256 0.906 1036.722 1.6247968138605706 1.0 -1.0 -1.0
15.0 0.0 Car -1.0 -1.0 -1.0 -1.0 -1.0 -1.0 -1.0 1.87 1.51 4.283 123.287 1.107 1024.624 1.7595888014659327 1.0 -1.0 -1.0
15.0 1.0 Car -1.0 -1.0 -1.0 -1.0 -1.0 -1.0 -1.0 1.828 1.704 4.429 143.338 0.951 1074.178 -2.2687586884019013 1.0 -1.0 -1.0
16.0 99.0 Car -1.0 -1.0 -1.0 -1.0 -1.0 -1.0 -1.0 1.73 1.562 4.084 121.208 0.0 1059.326 1.7279890920579544 1.0 -1.0 -1.0
16.0 2.0 Car -1.0 -1.0 -1.0 -1.0 -1.0 -1.0 -1.0 1.806 1.588 4.276 121.136 0.843 1039.603 1.6073435213406273 1.0 -1.0 -1.0
16.0 0.0 Car -1.0 -1.0 -1.0 -1.0 -1.0 -1.0 -1.0 1.87 1.51 4.283 122.784 1.024 1027.413 1.7421352994570396 1.0 -1.0 -1.0
16.0 1.0 Car -1.0 -1.0 -1.0 -1.0 -1.0 -1.0 -1.0 1.828 1.704 4.429 141.177 0.884 1071.62 -2.2696331035127018 1.0 -1.0 -1.0
17.0 99.0 Car -1.0 -1.0 -1.0 -1.0 -1.0 -1.0 -1.0 1.73 1.562 4.084 120.654 0.0 1062.131 1.8078619141046486 1.0 -1.0 -1.0
17.0 2.0 Car -1.0 -1.0 -1.0 -1.0 -1.0 -1.0 -1.0 1.806 1.588 4.276 121.113 0.819 1042.412 1.5812078680487573 1.0 -1.0 -1.0
17.0 0.0 Car -1.0 -1.0 -1.0 -1.0 -1.0 -1.0 -1.0 1.87 1.51 4.283 122.334 1.016 1030.405 1.7160291698238668 1.0 -1.0 -1.0
17.0 1.0 Car -1.0 -1.0 -1.0 -1.0 -1.0 -1.0 -1.0 1.828 1.704 4.429 139.075 1.091 1069.131 -2.270507483639062 1.0 -1.0 -1.0
18.0 99.0 Car -1.0 -1.0 -1.0 -1.0 -1.0 -1.0 -1.0 1.73 1.562 4.084 119.977 0.0 1064.676 1.8478092402758293 1.0 -1.0 -1.0
18.0 2.0 Car -1.0 -1.0 -1.0 -1.0 -1.0 -1.0 -1.0 1.806 1.588 4.276 121.105 0.796 1045.231 1.5549836437807973 1.0 -1.0 -1.0
18.0 0.0 Car -1.0 -1.0 -1.0 -1.0 -1.0 -1.0 -1.0 1.87 1.51 4.283 121.963 1.032 1033.548 1.6752213979826147 1.0 -1.0 -1.0
18.0 1.0 Car -1.0 -1.0 -1.0 -1.0 -1.0 -1.0 -1.0 1.828 1.704 4.429 137.071 1.015 1066.757 -2.2713848269475707 1.0 -1.0 -1.0
19.0 99.0 Car -1.0 -1.0 -1.0 -1.0 -1.0 -1.0 -1.0 1.73 1.562 4.084 119.304 0.0 1067.145 1.820683412989556 1.0 -1.0 -1.0
19.0 2.0 Car -1.0 -1.0 -1.0 -1.0 -1.0 -1.0 -1.0 1.806 1.588 4.276 121.119 0.886 1048.082 1.5811638179845242 1.0 -1.0 -1.0
19.0 0.0 Car -1.0 -1.0 -1.0 -1.0 -1.0 -1.0 -1.0 1.87 1.51 4.283 121.722 1.049 1036.696 1.6345065408267707 1.0 -1.0 -1.0
19.0 1.0 Car -1.0 -1.0 -1.0 -1.0 -1.0 -1.0 -1.0 1.828 1.704 4.429 135.307 0.993 1064.752 -2.300189752560897 1.0 -1.0 -1.0
20.0 99.0 Car -1.0 -1.0 -1.0 -1.0 -1.0 -1.0 -1.0 1.73 1.562 4.084 118.84 0.0 1069.5 1.7133082358065324 1.0 -1.0 -1.0
20.0 2.0 Car -1.0 -1.0 -1.0 -1.0 -1.0 -1.0 -1.0 1.806 1.588 4.276 121.008 0.864 1050.935 1.614213411613932 1.0 -1.0 -1.0
20.0 0.0 Car -1.0 -1.0 -1.0 -1.0 -1.0 -1.0 -1.0 1.87 1.51 4.283 121.538 1.14 1039.847 1.6199622518174364 1.0 -1.0 -1.0
20.0 1.0 Car -1.0 -1.0 -1.0 -1.0 -1.0 -1.0 -1.0 1.828 1.704 4.429 133.941 0.971 1063.291 -2.3289941601207276 1.0 -1.0 -1.0
21.0 99.0 Car -1.0 -1.0 -1.0 -1.0 -1.0 -1.0 -1.0 1.73 1.562 4.084 118.678 0.0 1071.873 1.5663102376135474 1.0 -1.0 -1.0
21.0 2.0 Car -1.0 -1.0 -1.0 -1.0 -1.0 -1.0 -1.0 1.806 1.588 4.276 120.744 0.842 1053.776 1.6472278693574167 1.0 -1.0 -1.0
21.0 0.0 Car -1.0 -1.0 -1.0 -1.0 -1.0 -1.0 -1.0 1.87 1.51 4.283 121.459 1.006 1042.237 1.602508959297493 1.0 -1.0 -1.0
21.0 1.0 Car -1.0 -1.0 -1.0 -1.0 -1.0 -1.0 -1.0 1.828 1.704 4.429 132.826 0.954 1062.234 -2.3767281259956494 1.0 -1.0 -1.0
22.0 99.0 Car -1.0 -1.0 -1.0 -1.0 -1.0 -1.0 -1.0 1.73 1.562 4.084 118.895 0.0 1074.315 1.4011280146158278 1.0 -1.0 -1.0
22.0 2.0 Car -1.0 -1.0 -1.0 -1.0 -1.0 -1.0 -1.0 1.806 1.588 4.276 120.298 0.773 1056.641 1.734968624649879 1.0 -1.0 -1.0
22.0 0.0 Car -1.0 -1.0 -1.0 -1.0 -1.0 -1.0 -1.0 1.87 1.51 4.283 121.312 0.973 1044.963 1.6112264301553978 1.0 -1.0 -1.0
22.0 1.0 Car -1.0 -1.0 -1.0 -1.0 -1.0 -1.0 -1.0 1.828 1.704 4.429 131.932 0.937 1061.482 -2.4243588660557025 1.0 -1.0 -1.0
23.0 99.0 Car -1.0 -1.0 -1.0 -1.0 -1.0 -1.0 -1.0 1.73 1.562 4.084 119.506 0.0 1076.73 1.241457753352316 1.0 -1.0 -1.0
23.0 2.0 Car -1.0 -1.0 -1.0 -1.0 -1.0 -1.0 -1.0 1.806 1.588 4.276 119.695 0.757 1059.709 1.7846103748251343 1.0 -1.0 -1.0
23.0 0.0 Car -1.0 -1.0 -1.0 -1.0 -1.0 -1.0 -1.0 1.87 1.51 4.283 121.165 0.939 1047.696 1.6199622518174364 1.0 -1.0 -1.0
23.0 1.0 Car -1.0 -1.0 -1.0 -1.0 -1.0 -1.0 -1.0 1.828 1.704 4.429 131.332 0.981 1061.092 -2.469757588633927 1.0 -1.0 -1.0
24.0 99.0 Car -1.0 -1.0 -1.0 -1.0 -1.0 -1.0 -1.0 1.73 1.562 4.084 120.444 0.0 1078.96 1.1059954604699074 1.0 -1.0 -1.0
24.0 2.0 Car -1.0 -1.0 -1.0 -1.0 -1.0 -1.0 -1.0 1.806 1.588 4.276 118.969 0.825 1062.672 1.7919757947494253 1.0 -1.0 -1.0
24.0 0.0 Car -1.0 -1.0 -1.0 -1.0 -1.0 -1.0 -1.0 1.87 1.51 4.283 120.936 0.939 1050.674 1.6543466900296369 1.0 -1.0 -1.0
24.0 1.0 Car -1.0 -1.0 -1.0 -1.0 -1.0 -1.0 -1.0 1.828 1.704 4.429 130.835 0.997 1060.776 -2.5445320161642737 1.0 -1.0 -1.0
25.0 99.0 Car -1.0 -1.0 -1.0 -1.0 -1.0 -1.0 -1.0 1.73 1.562 4.084 121.716 0.0 1081.194 1.001454522425972 1.0 -1.0 -1.0
25.0 2.0 Car -1.0 -1.0 -1.0 -1.0 -1.0 -1.0 -1.0 1.806 1.588 4.276 118.334 0.814 1065.556 1.77819946060513 1.0 -1.0 -1.0
25.0 0.0 Car -1.0 -1.0 -1.0 -1.0 -1.0 -1.0 -1.0 1.87 1.51 4.283 120.604 0.939 1053.647 1.688770242785258 1.0 -1.0 -1.0
25.0 1.0 Car -1.0 -1.0 -1.0 -1.0 -1.0 -1.0 -1.0 1.828 1.704 4.429 130.314 1.013 1060.499 -2.619391504487946 1.0 -1.0 -1.0
26.0 99.0 Car -1.0 -1.0 -1.0 -1.0 -1.0 -1.0 -1.0 1.73 1.562 4.084 123.296 0.0 1083.45 0.9238240201879038 1.0 -1.0 -1.0
26.0 2.0 Car -1.0 -1.0 -1.0 -1.0 -1.0 -1.0 -1.0 1.806 1.588 4.276 117.881 0.813 1068.432 1.7015406931473207 1.0 -1.0 -1.0
26.0 0.0 Car -1.0 -1.0 -1.0 -1.0 -1.0 -1.0 -1.0 1.87 1.51 4.283 120.17 0.939 1056.606 1.7231937266772464 1.0 -1.0 -1.0
26.0 1.0 Car -1.0 -1.0 -1.0 -1.0 -1.0 -1.0 -1.0 1.828 1.704 4.429 129.664 1.012 1060.177 -2.6756937675793018 1.0 -1.0 -1.0
27.0 99.0 Car -1.0 -1.0 -1.0 -1.0 -1.0 -1.0 -1.0 1.73 1.562 4.084 125.086 0.0 1085.689 0.8805389288857376 1.0 -1.0 -1.0
27.0 2.0 Car -1.0 -1.0 -1.0 -1.0 -1.0 -1.0 -1.0 1.806 1.588 4.276 117.829 0.812 1071.3 1.5724369363007404 1.0 -1.0 -1.0
27.0 0.0 Car -1.0 -1.0 -1.0 -1.0 -1.0 -1.0 -1.0 1.87 1.51 4.283 119.677 0.906 1059.543 1.7566684601680753 1.0 -1.0 -1.0
27.0 1.0 Car -1.0 -1.0 -1.0 -1.0 -1.0 -1.0 -1.0 1.828 1.704 4.429 128.997 1.011 1059.891 -2.732058541310264 1.0 -1.0 -1.0
28.0 99.0 Car -1.0 -1.0 -1.0 -1.0 -1.0 -1.0 -1.0 1.73 1.562 4.084 126.962 0.0 1087.897 0.8627509729963839 1.0 -1.0 -1.0
28.0 2.0 Car -1.0 -1.0 -1.0 -1.0 -1.0 -1.0 -1.0 1.806 1.588 4.276 118.152 0.825 1073.862 1.4240444033464779 0.0 -1.0 -1.0
28.0 0.0 Car -1.0 -1.0 -1.0 -1.0 -1.0 -1.0 -1.0 1.87 1.51 4.283 119.202 0.872 1062.302 1.7290421445195046 0.0 -1.0 -1.0
28.0 1.0 Car -1.0 -1.0 -1.0 -1.0 -1.0 -1.0 -1.0 1.828 1.704 4.429 128.031 1.035 1059.532 -2.788423315041226 0.0 -1.0 -1.0
29.0 99.0 Car -1.0 -1.0 -1.0 -1.0 -1.0 -1.0 -1.0 1.73 1.562 4.084 128.923 0.0 1090.141 0.8554293983184004 1.0 -1.0 -1.0
29.0 2.0 Car -1.0 -1.0 -1.0 -1.0 -1.0 -1.0 -1.0 1.806 1.588 4.276 118.85 0.838 1076.349 1.2756583940011723 0.0 -1.0 -1.0
29.0 0.0 Car -1.0 -1.0 -1.0 -1.0 -1.0 -1.0 -1.0 1.87 1.51 4.283 118.808 0.839 1065.27 1.707228714417153 0.0 -1.0 -1.0
29.0 1.0 Car -1.0 -1.0 -1.0 -1.0 -1.0 -1.0 -1.0 1.828 1.704 4.429 126.637 1.076 1059.601 -3.012950905553497 0.0 -1.0 -1.0
30.0 99.0 Car -1.0 -1.0 -1.0 -1.0 -1.0 -1.0 -1.0 1.73 1.562 4.084 130.906 0.0 1092.391 0.8526818935417185 1.0 -1.0 -1.0
30.0 2.0 Car -1.0 -1.0 -1.0 -1.0 -1.0 -1.0 -1.0 1.806 1.588 4.276 119.861 0.833 1078.643 1.139008388336391 0.0 -1.0 -1.0
30.0 0.0 Car -1.0 -1.0 -1.0 -1.0 -1.0 -1.0 -1.0 1.87 1.51 4.283 118.614 0.837 1068.198 1.6199622518174364 0.0 -1.0 -1.0
30.0 1.0 Car -1.0 -1.0 -1.0 -1.0 -1.0 -1.0 -1.0 1.828 1.704 4.429 125.321 1.142 1059.966 3.053060785724276 0.0 -1.0 -1.0
31.0 99.0 Car -1.0 -1.0 -1.0 -1.0 -1.0 -1.0 -1.0 1.73 1.562 4.084 132.814 0.0 1094.552 0.8585016658188505 1.0 -1.0 -1.0
31.0 2.0 Car -1.0 -1.0 -1.0 -1.0 -1.0 -1.0 -1.0 1.806 1.588 4.276 121.174 0.829 1080.777 1.002371230264575 0.0 -1.0 -1.0
31.0 0.0 Car -1.0 -1.0 -1.0 -1.0 -1.0 -1.0 -1.0 1.87 1.51 4.283 118.604 0.934 1071.051 1.5676023742576066 0.0 -1.0 -1.0
31.0 1.0 Car -1.0 -1.0 -1.0 -1.0 -1.0 -1.0 -1.0 1.828 1.704 4.429 123.175 1.118 1060.889 2.774668445417077 0.0 -1.0 -1.0
32.0 99.0 Car -1.0 -1.0 -1.0 -1.0 -1.0 -1.0 -1.0 1.73 1.562 4.084 134.716 0.0 1096.759 0.8736863947140886 1.0 -1.0 -1.0
32.0 2.0 Car -1.0 -1.0 -1.0 -1.0 -1.0 -1.0 -1.0 1.806 1.588 4.276 122.592 0.786 1082.705 0.9392892964870162 0.0 -1.0 -1.0
32.0 0.0 Car -1.0 -1.0 -1.0 -1.0 -1.0 -1.0 -1.0 1.87 1.51 4.283 118.835 0.882 1073.651 1.48033591165789 0.0 -1.0 -1.0
32.0 1.0 Car -1.0 -1.0 -1.0 -1.0 -1.0 -1.0 -1.0 1.828 1.704 4.429 121.363 1.094 1062.367 2.495938596390915 0.0 -1.0 -1.0
33.0 99.0 Car -1.0 -1.0 -1.0 -1.0 -1.0 -1.0 -1.0 1.73 1.562 4.084 136.501 0.0 1098.902 0.8919012685215065 1.0 -1.0 -1.0
33.0 2.0 Car -1.0 -1.0 -1.0 -1.0 -1.0 -1.0 -1.0 1.806 1.588 4.276 124.126 0.743 1084.537 0.8762819827701139 0.0 -1.0 -1.0
33.0 0.0 Car -1.0 -1.0 -1.0 -1.0 -1.0 -1.0 -1.0 1.87 1.51 4.283 119.45 0.83 1075.994 1.3232562789784008 0.0 -1.0 -1.0
33.0 1.0 Car -1.0 -1.0 -1.0 -1.0 -1.0 -1.0 -1.0 1.828 1.704 4.429 120.029 1.07 1064.285 2.2175384588525846 0.0 -1.0 -1.0
34.0 99.0 Car -1.0 -1.0 -1.0 -1.0 -1.0 -1.0 -1.0 1.73 1.562 4.084 138.146 0.0 1100.94 0.9070756490863404 1.0 -1.0 -1.0
34.0 2.0 Car -1.0 -1.0 -1.0 -1.0 -1.0 -1.0 -1.0 1.806 1.588 4.276 125.65 0.799 1086.33 0.8758609553192541 0.0 -1.0 -1.0
34.0 0.0 Car -1.0 -1.0 -1.0 -1.0 -1.0 -1.0 -1.0 1.87 1.51 4.283 120.34 0.825 1078.305 1.1895044781728386 0.0 -1.0 -1.0
34.0 1.0 Car -1.0 -1.0 -1.0 -1.0 -1.0 -1.0 -1.0 1.828 1.704 4.429 119.274 1.046 1066.498 1.9388325584648969 0.0 -1.0 -1.0
35.0 99.0 Car -1.0 -1.0 -1.0 -1.0 -1.0 -1.0 -1.0 1.73 1.562 4.084 139.356 0.0 1102.482 0.9171464578446336 1.0 -1.0 -1.0
35.0 2.0 Car -1.0 -1.0 -1.0 -1.0 -1.0 -1.0 -1.0 1.806 1.588 4.276 126.868 0.844 1087.762 0.8755245819663068 0.0 -1.0 -1.0
35.0 0.0 Car -1.0 -1.0 -1.0 -1.0 -1.0 -1.0 -1.0 1.87 1.51 4.283 121.268 0.821 1080.053 1.0826455510224597 0.0 -1.0 -1.0
35.0 1.0 Car -1.0 -1.0 -1.0 -1.0 -1.0 -1.0 -1.0 1.828 1.704 4.429 119.036 1.027 1068.708 1.7161648012718276 0.0 -1.0 -1.0
36.0 99.0 Car -1.0 -1.0 -1.0 -1.0 -1.0 -1.0 -1.0 1.73 1.562 4.084 140.765 0.0 1104.309 0.9252453109902682 1.0 -1.0 -1.0
36.0 2.0 Car -1.0 -1.0 -1.0 -1.0 -1.0 -1.0 -1.0 1.806 1.588 4.276 128.348 0.839 1089.533 0.8717134706956899 0.0 -1.0 -1.0
36.0 0.0 Car -1.0 -1.0 -1.0 -1.0 -1.0 -1.0 -1.0 1.87 1.51 4.283 122.56 0.815 1082.083 1.0153766407050213 0.0 -1.0 -1.0
36.0 1.0 Car -1.0 -1.0 -1.0 -1.0 -1.0 -1.0 -1.0 1.828 1.704 4.429 118.824 1.027 1071.067 1.5875185312932347 0.0 -1.0 -1.0
37.0 99.0 Car -1.0 -1.0 -1.0 -1.0 -1.0 -1.0 -1.0 1.73 1.562 4.084 141.944 0.0 1105.852 0.9234961643628271 1.0 -1.0 -1.0
37.0 2.0 Car -1.0 -1.0 -1.0 -1.0 -1.0 -1.0 -1.0 1.806 1.588 4.276 129.679 0.834 1091.126 0.8682858943789812 0.0 -1.0 -1.0
37.0 0.0 Car -1.0 -1.0 -1.0 -1.0 -1.0 -1.0 -1.0 1.87 1.51 4.283 123.836 0.811 1083.831 0.9548774037416389 0.0 -1.0 -1.0
37.0 1.0 Car -1.0 -1.0 -1.0 -1.0 -1.0 -1.0 -1.0 1.828 1.704 4.429 118.893 1.027 1073.197 1.4718187059926215 0.0 -1.0 -1.0
38.0 99.0 Car -1.0 -1.0 -1.0 -1.0 -1.0 -1.0 -1.0 1.73 1.562 4.084 143.164 0.0 1107.425 0.9133093473039537 1.0 -1.0 -1.0
38.0 2.0 Car -1.0 -1.0 -1.0 -1.0 -1.0 -1.0 -1.0 1.806 1.588 4.276 131.159 0.83 1092.897 0.864474600120493 0.0 -1.0 -1.0
38.0 0.0 Car -1.0 -1.0 -1.0 -1.0 -1.0 -1.0 -1.0 1.87 1.51 4.283 125.57 0.869 1086.04 0.8869239659798183 0.0 -1.0 -1.0
38.0 1.0 Car -1.0 -1.0 -1.0 -1.0 -1.0 -1.0 -1.0 1.828 1.704 4.429 119.412 1.027 1076.011 1.3495772645056772 0.0 -1.0 -1.0
39.0 99.0 Car -1.0 -1.0 -1.0 -1.0 -1.0 -1.0 -1.0 1.73 1.562 4.084 144.302 0.0 1108.858 0.8998489852831746 1.0 -1.0 -1.0
39.0 2.0 Car -1.0 -1.0 -1.0 -1.0 -1.0 -1.0 -1.0 1.806 1.588 4.276 132.638 0.825 1094.607 0.8606589675245544 0.0 -1.0 -1.0
39.0 0.0 Car -1.0 -1.0 -1.0 -1.0 -1.0 -1.0 -1.0 1.87 1.51 4.283 126.628 0.867 1087.318 0.8781874649612222 0.0 -1.0 -1.0
39.0 1.0 Car -1.0 -1.0 -1.0 -1.0 -1.0 -1.0 -1.0 1.828 1.704 4.429 120.101 1.027 1078.159 1.2097433849519905 0.0 -1.0 -1.0
