0.0 99.0 Car -1.0 -1.0 -1.0 -1.0 -1.0 -1.0 -1.0 1.73 1.562 4.084 2404.281 0.0 880.402 0.0364037819593168 1.0 -1.0 -1.0
0.0 0.0 Truck -1.0 -1.0 -1.0 -1.0 -1.0 -1.0 -1.0 2.741 3.516 7.847 2378.259 1.898 880.498 0.011972958665157352 0.0 -1.0 -1.0
1.0 99.0 Car -1.0 -1.0 -1.0 -1.0 -1.0 -1.0 -1.0 1.73 1.562 4.084 2408.305 0.0 880.507 0.03629081430558737 1.0 -1.0 -1.0
1.0 0.0 Truck -1.0 -1.0 -1.0 -1.0 -1.0 -1.0 -1.0 2.741 3.516 7.847 2382.914 1.934 880.656 0.007604689566464762 1.0 -1.0 -1.0
2.0 99.0 Car -1.0 -1.0 -1.0 -1.0 -1.0 -1.0 -1.0 1.73 1.562 4.084 2412.255 0.0 880.626 0.03763072522000862 1.0 -1.0 -1.0
2.0 0.0 Truck -1.0 -1.0 -1.0 -1.0 -1.0 -1.0 -1.0 2.741 3.516 7.847 2387.563 1.969 880.815 0.003241242187816074 1.0 -1.0 -1.0
3.0 99.0 Car -1.0 -1.0 -1.0 -1.0 -1.0 -1.0 -1.0 1.73 1.562 4.084 2416.043 0.0 880.736 0.03781924797909725 1.0 -1.0 -1.0
3.0 0.0 Truck -1.0 -1.0 -1.0 -1.0 -1.0 -1.0 -1.0 2.741 3.516 7.847 2392.224 2.005 880.974 -0.001132982127494575 1.0 -1.0 -1.0
4.0 99.0 Car -1.0 -1.0 -1.0 -1.0 -1.0 -1.0 -1.0 1.73 1.562 4.084 2419.702 0.0 880.845 0.03713196470649088 1.0 -1.0 -1.0
4.0 0.0 Truck -1.0 -1.0 -1.0 -1.0 -1.0 -1.0 -1.0 2.741 3.516 7.847 2396.857 2.04 881.131 -0.005480333854785968 1.0 -1.0 -1.0
5.0 99.0 Car -1.0 -1.0 -1.0 -1.0 -1.0 -1.0 -1.0 1.73 1.562 4.084 2423.281 0.0 880.959 0.035284716966606344 1.0 -1.0 -1.0
5.0 0.0 Truck -1.0 -1.0 -1.0 -1.0 -1.0 -1.0 -1.0 2.741 3.516 7.847 2401.197 2.002 881.126 -0.005480333854785968 1.0 -1.0 -1.0
6.0 99.0 Car -1.0 -1.0 -1.0 -1.0 -1.0 -1.0 -1.0 1.73 1.562 4.084 2426.677 0.0 881.066 0.033123652063972914 1.0 -1.0 -1.0
6.0 0.0 Truck -1.0 -1.0 -1.0 -1.0 -1.0 -1.0 -1.0 2.741 3.516 7.847 2405.528 1.964 881.121 -0.005480333854785968 1.0 -1.0 -1.0
7.0 99.0 Car -1.0 -1.0 -1.0 -1.0 -1.0 -1.0 -1.0 1.73 1.562 4.084 2430.069 0.0 881.141 0.030251747125489326 1.0 -1.0 -1.0
7.0 0.0 Truck -1.0 -1.0 -1.0 -1.0 -1.0 -1.0 -1.0 2.741 3.516 7.847 2409.859 1.926 881.117 -0.005480333854785968 1.0 -1.0 -1.0
8.0 99.0 Car -1.0 -1.0 -1.0 -1.0 -1.0 -1.0 -1.0 1.73 1.562 4.084 2433.466 0.0 881.211 0.027922364873650147 1.0 -1.0 -1.0
8.0 0.0 Truck -1.0 -1.0 -1.0 -1.0 -1.0 -1.0 -1.0 2.741 3.516 7.847 2414.185 1.888 881.112 -0.005480333854785968 1.0 -1.0 -1.0
9.0 99.0 Car -1.0 -1.0 -1.0 -1.0 -1.0 -1.0 -1.0 1.73 1.562 4.084 2436.895 0.0 881.291 0.027215468503799838 1.0 -1.0 -1.0
9.0 0.0 Truck -1.0 -1.0 -1.0 -1.0 -1.0 -1.0 -1.0 2.741 3.516 7.847 2418.516 1.85 881.107 -0.005480333854785968 1.0 -1.0 -1.0
10.0 99.0 Car -1.0 -1.0 -1.0 -1.0 -1.0 -1.0 -1.0 1.73 1.562 4.084 2440.43 0.0 881.356 0.025188188298155494 1.0 -1.0 -1.0
10.0 0.0 Truck -1.0 -1.0 -1.0 -1.0 -1.0 -1.0 -1.0 2.741 3.516 7.847 2422.497 1.847 881.245 -0.005480333854785968 1.0 -1.0 -1.0
11.0 99.0 Car -1.0 -1.0 -1.0 -1.0 -1.0 -1.0 -1.0 1.73 1.562 4.084 2444.2 0.0 881.417 0.024429544080679027 1.0 -1.0 -1.0
11.0 0.0 Truck -1.0 -1.0 -1.0 -1.0 -1.0 -1.0 -1.0 2.741 3.516 7.847 2426.479 1.844 881.383 -0.005480333854785968 1.0 -1.0 -1.0
12.0 99.0 Car -1.0 -1.0 -1.0 -1.0 -1.0 -1.0 -1.0 1.73 1.562 4.084 2447.999 0.0 881.468 0.023326059598891658 1.0 -1.0 -1.0
12.0 0.0 Truck -1.0 -1.0 -1.0 -1.0 -1.0 -1.0 -1.0 2.741 3.516 7.847 2430.482 1.833 881.35 0.00033337088620943867 1.0 -1.0 -1.0
13.0 99.0 Car -1.0 -1.0 -1.0 -1.0 -1.0 -1.0 -1.0 1.73 1.562 4.084 2451.817 0.0 881.528 0.024530869544194464 1.0 -1.0 -1.0
13.0 0.0 Truck -1.0 -1.0 -1.0 -1.0 -1.0 -1.0 -1.0 2.741 3.516 7.847 2434.49 1.822 881.316 0.006153106562026833 1.0 -1.0 -1.0
14.0 99.0 Car -1.0 -1.0 -1.0 -1.0 -1.0 -1.0 -1.0 1.73 1.562 4.084 2455.687 0.0 881.597 0.02567144859951581 1.0 -1.0 -1.0
14.0 0.0 Truck -1.0 -1.0 -1.0 -1.0 -1.0 -1.0 -1.0 2.741 3.516 7.847 2438.498 1.811 881.283 0.011972958665157352 1.0 -1.0 -1.0
15.0 99.0 Car -1.0 -1.0 -1.0 -1.0 -1.0 -1.0 -1.0 1.73 1.562 4.084 2459.443 0.0 881.672 0.02569555074356305 1.0 -1.0 -1.0
15.0 0.0 Truck -1.0 -1.0 -1.0 -1.0 -1.0 -1.0 -1.0 2.741 3.516 7.847 2442.07 1.843 881.382 0.011972958665157352 1.0 -1.0 -1.0
16.0 99.0 Car -1.0 -1.0 -1.0 -1.0 -1.0 -1.0 -1.0 1.73 1.562 4.084 2463.155 0.0 881.739 0.025685864518474155 1.0 -1.0 -1.0
16.0 0.0 Truck -1.0 -1.0 -1.0 -1.0 -1.0 -1.0 -1.0 2.741 3.516 7.847 2445.649 1.875 881.481 0.011972958665157352 1.0 -1.0 -1.0
17.0 99.0 Car -1.0 -1.0 -1.0 -1.0 -1.0 -1.0 -1.0 1.73 1.562 4.084 2466.815 0.0 881.808 0.025302450917033613 1.0 -1.0 -1.0
17.0 0.0 Truck -1.0 -1.0 -1.0 -1.0 -1.0 -1.0 -1.0 2.741 3.516 7.847 2449.229 1.907 881.581 0.011972958665157352 1.0 -1.0 -1.0
18.0 99.0 Car -1.0 -1.0 -1.0 -1.0 -1.0 -1.0 -1.0 1.73 1.562 4.084 2470.44 0.0 881.871 0.02594604526311193 1.0 -1.0 -1.0
18.0 0.0 Truck -1.0 -1.0 -1.0 -1.0 -1.0 -1.0 -1.0 2.741 3.516 7.847 2452.809 1.939 881.681 0.011972958665157352 1.0 -1.0 -1.0
19.0 99.0 Car -1.0 -1.0 -1.0 -1.0 -1.0 -1.0 -1.0 1.73 1.562 4.084 2474.103 0.0 881.932 0.02623013182133596 1.0 -1.0 -1.0
19.0 1.0 Truck -1.0 -1.0 -1.0 -1.0 -1.0 -1.0 -1.0 2.931 3.958 11.352 2531.431 2.728 817.743 1.537041659077271 0.0 -1.0 -1.0
19.0 0.0 Truck -1.0 -1.0 -1.0 -1.0 -1.0 -1.0 -1.0 2.741 3.516 7.847 2456.385 1.971 881.78 0.011972958665157352 1.0 -1.0 -1.0
20.0 99.0 Car -1.0 -1.0 -1.0 -1.0 -1.0 -1.0 -1.0 1.73 1.562 4.084 2477.773 0.0 881.999 0.026574338539198734 1.0 -1.0 -1.0
20.0 1.0 Truck -1.0 -1.0 -1.0 -1.0 -1.0 -1.0 -1.0 2.931 3.958 11.352 2531.403 2.648 821.227 1.5473440761912571 1.0 -1.0 -1.0
20.0 0.0 Truck -1.0 -1.0 -1.0 -1.0 -1.0 -1.0 -1.0 2.741 3.516 7.847 2460.056 1.863 881.851 0.0061484791131423125 1.0 -1.0 -1.0
21.0 99.0 Car -1.0 -1.0 -1.0 -1.0 -1.0 -1.0 -1.0 1.73 1.562 4.084 2481.406 0.0 882.067 0.026549899351099717 1.0 -1.0 -1.0
21.0 1.0 Truck -1.0 -1.0 -1.0 -1.0 -1.0 -1.0 -1.0 2.931 3.958 11.352 2531.375 2.568 824.707 1.5576342445017957 1.0 -1.0 -1.0
21.0 0.0 Truck -1.0 -1.0 -1.0 -1.0 -1.0 -1.0 -1.0 2.741 3.516 7.847 2463.724 1.755 881.922 0.0003309244317111215 1.0 -1.0 -1.0
22.0 99.0 Car -1.0 -1.0 -1.0 -1.0 -1.0 -1.0 -1.0 1.73 1.562 4.084 2485.034 0.0 882.142 0.027734955616942582 1.0 -1.0 -1.0
22.0 1.0 Truck -1.0 -1.0 -1.0 -1.0 -1.0 -1.0 -1.0 2.931 3.958 11.352 2531.348 2.488 828.184 1.5679132756649976 1.0 -1.0 -1.0
22.0 0.0 Truck -1.0 -1.0 -1.0 -1.0 -1.0 -1.0 -1.0 2.741 3.516 7.847 2467.387 1.647 881.993 -0.005480333854785968 1.0 -1.0 -1.0
23.0 99.0 Car -1.0 -1.0 -1.0 -1.0 -1.0 -1.0 -1.0 1.73 1.562 4.084 2488.534 0.0 882.206 0.02063057100875087 1.0 -1.0 -1.0
23.0 1.0 Truck -1.0 -1.0 -1.0 -1.0 -1.0 -1.0 -1.0 2.931 3.958 11.352 2531.425 2.354 831.468 1.5760192070894654 1.0 -1.0 -1.0
23.0 0.0 Truck -1.0 -1.0 -1.0 -1.0 -1.0 -1.0 -1.0 2.741 3.516 7.847 2470.899 1.652 882.04 -0.002727510321133719 1.0 -1.0 -1.0
24.0 99.0 Car -1.0 -1.0 -1.0 -1.0 -1.0 -1.0 -1.0 1.73 1.562 4.084 2491.317 0.0 882.204 -0.006247342037875622 1.0 -1.0 -1.0
24.0 1.0 Truck -1.0 -1.0 -1.0 -1.0 -1.0 -1.0 -1.0 2.931 3.958 11.352 2531.487 2.246 834.102 1.582519797915775 1.0 -1.0 -1.0
24.0 0.0 Truck -1.0 -1.0 -1.0 -1.0 -1.0 -1.0 -1.0 2.741 3.516 7.847 2473.715 1.656 882.078 -0.0005198702027762181 1.0 -1.0 -1.0
25.0 99.0 Car -1.0 -1.0 -1.0 -1.0 -1.0 -1.0 -1.0 1.73 1.562 4.084 2494.748 0.0 882.069 -0.06488224186671236 1.0 -1.0 -1.0
25.0 1.0 Truck -1.0 -1.0 -1.0 -1.0 -1.0 -1.0 -1.0 2.931 3.958 11.352 2531.565 2.112 837.39 1.5906343072856814 1.0 -1.0 -1.0
25.0 0.0 Truck -1.0 -1.0 -1.0 -1.0 -1.0 -1.0 -1.0 2.741 3.516 7.847 2477.23 1.66 882.125 0.002235866453235369 1.0 -1.0 -1.0
26.0 99.0 Car -1.0 -1.0 -1.0 -1.0 -1.0 -1.0 -1.0 1.73 1.562 4.084 2498.103 0.0 881.688 -0.15177870542922095 1.0 -1.0 -1.0
26.0 1.0 Truck -1.0 -1.0 -1.0 -1.0 -1.0 -1.0 -1.0 2.931 3.958 11.352 2531.643 1.978 840.678 1.5987489301633728 1.0 -1.0 -1.0
26.0 0.0 Truck -1.0 -1.0 -1.0 -1.0 -1.0 -1.0 -1.0 2.741 3.516 7.847 2480.746 1.665 882.172 0.004991641657180024 1.0 -1.0 -1.0
27.0 99.0 Car -1.0 -1.0 -1.0 -1.0 -1.0 -1.0 -1.0 1.73 1.562 4.084 2501.364 0.0 881.001 -0.2514743278297156 1.0 -1.0 -1.0
27.0 1.0 Truck -1.0 -1.0 -1.0 -1.0 -1.0 -1.0 -1.0 2.931 3.958 11.352 2531.72 1.843 843.962 1.6068548291570446 1.0 -1.0 -1.0
27.0 0.0 Truck -1.0 -1.0 -1.0 -1.0 -1.0 -1.0 -1.0 2.741 3.516 7.847 2484.12 1.644 882.193 -0.006593064685743278 1.0 -1.0 -1.0
28.0 99.0 Car -1.0 -1.0 -1.0 -1.0 -1.0 -1.0 -1.0 1.73 1.562 4.084 2504.514 0.0 880.006 -0.3508623746034994 1.0 -1.0 -1.0
28.0 1.0 Truck -1.0 -1.0 -1.0 -1.0 -1.0 -1.0 -1.0 2.931 3.958 11.352 2531.571 1.846 847.148 1.6053687450324676 0.0 -1.0 -1.0
28.0 0.0 Truck -1.0 -1.0 -1.0 -1.0 -1.0 -1.0 -1.0 2.741 3.516 7.847 2487.488 1.624 882.213 -0.018152070444468205 0.0 -1.0 -1.0
29.0 99.0 Car -1.0 -1.0 -1.0 -1.0 -1.0 -1.0 -1.0 1.73 1.562 4.084 2507.53 0.0 878.697 -0.45596607610974627 1.0 -1.0 -1.0
29.0 1.0 Truck -1.0 -1.0 -1.0 -1.0 -1.0 -1.0 -1.0 2.931 3.958 11.352 2531.422 1.849 850.346 1.6038777120612424 0.0 -1.0 -1.0
29.0 0.0 Truck -1.0 -1.0 -1.0 -1.0 -1.0 -1.0 -1.0 2.741 3.516 7.847 2490.866 1.603 882.234 -0.02974956914309712 0.0 -1.0 -1.0
30.0 99.0 Car -1.0 -1.0 -1.0 -1.0 -1.0 -1.0 -1.0 1.73 1.562 4.084 2510.083 0.0 877.295 -0.5474114625861617 1.0 -1.0 -1.0
30.0 1.0 Truck -1.0 -1.0 -1.0 -1.0 -1.0 -1.0 -1.0 2.931 3.958 11.352 2531.326 1.896 852.907 1.6182565517334548 0.0 -1.0 -1.0
30.0 0.0 Truck -1.0 -1.0 -1.0 -1.0 -1.0 -1.0 -1.0 2.741 3.516 7.847 2493.905 1.584 882.252 -0.04018062284221924 0.0 -1.0 -1.0
31.0 99.0 Car -1.0 -1.0 -1.0 -1.0 -1.0 -1.0 -1.0 1.73 1.562 4.084 2512.92 0.0 875.332 -0.6527655223112108 1.0 -1.0 -1.0
31.0 1.0 Truck -1.0 -1.0 -1.0 -1.0 -1.0 -1.0 -1.0 2.931 3.958 11.352 2531.11 1.954 856.029 1.6358154192523398 0.0 -1.0 -1.0
31.0 0.0 Truck -1.0 -1.0 -1.0 -1.0 -1.0 -1.0 -1.0 2.741 3.516 7.847 2497.792 1.649 881.801 -0.15538695446126227 0.0 -1.0 -1.0
32.0 99.0 Car -1.0 -1.0 -1.0 -1.0 -1.0 -1.0 -1.0 1.73 1.562 4.084 2515.305 0.0 873.325 -0.7421473514770917 1.0 -1.0 -1.0
32.0 1.0 Truck -1.0 -1.0 -1.0 -1.0 -1.0 -1.0 -1.0 2.931 3.958 11.352 2530.912 2.007 858.869 1.6517836019963752 0.0 -1.0 -1.0
32.0 0.0 Truck -1.0 -1.0 -1.0 -1.0 -1.0 -1.0 -1.0 2.741 3.516 7.847 2501.261 1.708 881.004 -0.2601565675689535 0.0 -1.0 -1.0
33.0 99.0 Car -1.0 -1.0 -1.0 -1.0 -1.0 -1.0 -1.0 1.73 1.562 4.084 2517.52 0.0 871.071 -0.8439311310023613 1.0 -1.0 -1.0
33.0 1.0 Truck -1.0 -1.0 -1.0 -1.0 -1.0 -1.0 -1.0 2.931 3.958 11.352 2530.715 2.059 861.708 1.6677516569591697 0.0 -1.0 -1.0
33.0 0.0 Truck -1.0 -1.0 -1.0 -1.0 -1.0 -1.0 -1.0 2.741 3.516 7.847 2504.628 1.767 879.849 -0.3649253422849901 0.0 -1.0 -1.0
34.0 99.0 Car -1.0 -1.0 -1.0 -1.0 -1.0 -1.0 -1.0 1.73 1.562 4.084 2519.527 0.0 868.553 -0.9515475028548571 1.0 -1.0 -1.0
34.0 1.0 Truck -1.0 -1.0 -1.0 -1.0 -1.0 -1.0 -1.0 2.931 3.958 11.352 2530.179 2.152 864.317 1.744211870527769 0.0 -1.0 -1.0
34.0 0.0 Truck -1.0 -1.0 -1.0 -1.0 -1.0 -1.0 -1.0 2.741 3.516 7.847 2507.859 1.826 878.347 -0.4698142166055375 0.0 -1.0 -1.0
35.0 99.0 Car -1.0 -1.0 -1.0 -1.0 -1.0 -1.0 -1.0 1.73 1.562 4.084 2521.07 0.0 866.11 -1.0542454516253976 1.0 -1.0 -1.0
35.0 1.0 Truck -1.0 -1.0 -1.0 -1.0 -1.0 -1.0 -1.0 2.931 3.958 11.352 2529.529 2.235 866.617 1.8128150453904746 0.0 -1.0 -1.0
35.0 0.0 Truck -1.0 -1.0 -1.0 -1.0 -1.0 -1.0 -1.0 2.741 3.516 7.847 2510.61 1.879 876.717 -0.5639247278155137 0.0 -1.0 -1.0
36.0 99.0 Car -1.0 -1.0 -1.0 -1.0 -1.0 -1.0 -1.0 1.73 1.562 4.084 2522.481 0.0 863.263 -1.1489859715226045 1.0 -1.0 -1.0
36.0 1.0 Truck -1.0 -1.0 -1.0 -1.0 -1.0 -1.0 -1.0 2.931 3.958 11.352 2528.621 2.327 869.119 1.889196419662787 0.0 -1.0 -1.0
36.0 0.0 Truck -1.0 -1.0 -1.0 -1.0 -1.0 -1.0 -1.0 2.741 3.516 7.847 2513.477 1.938 874.608 -0.6687054496126272 0.0 -1.0 -1.0
37.0 99.0 Car -1.0 -1.0 -1.0 -1.0 -1.0 -1.0 -1.0 1.73 1.562 4.084 2523.614 0.0 860.379 -1.2312232180299578 1.0 -1.0 -1.0
37.0 1.0 Truck -1.0 -1.0 -1.0 -1.0 -1.0 -1.0 -1.0 2.931 3.958 11.352 2527.526 2.419 871.544 1.9655686265750663 0.0 -1.0 -1.0
37.0 0.0 Truck -1.0 -1.0 -1.0 -1.0 -1.0 -1.0 -1.0 2.741 3.516 7.847 2516.067 1.943 872.188 -0.7690041928644417 0.0 -1.0 -1.0
38.0 99.0 Car -1.0 -1.0 -1.0 -1.0 -1.0 -1.0 -1.0 1.73 1.562 4.084 2524.517 0.0 857.482 -1.3054911285096187 1.0 -1.0 -1.0
38.0 1.0 Truck -1.0 -1.0 -1.0 -1.0 -1.0 -1.0 -1.0 2.931 3.958 11.352 2526.166 2.432 873.769 2.0787478847016927 0.0 -1.0 -1.0
38.0 0.0 Truck -1.0 -1.0 -1.0 -1.0 -1.0 -1.0 -1.0 2.741 3.516 7.847 2518.403 1.948 869.517 -0.8694153037447809 0.0 -1.0 -1.0
39.0 99.0 Car -1.0 -1.0 -1.0 -1.0 -1.0 -1.0 -1.0 1.73 1.562 4.084 2525.157 0.0 854.71 -1.3766487184857004 1.0 -1.0 -1.0
39.0 1.0 Truck -1.0 -1.0 -1.0 -1.0 -1.0 -1.0 -1.0 2.931 3.958 11.352 2524.563 2.445 875.826 2.1919332494641766 0.0 -1.0 -1.0
39.0 0.0 Truck -1.0 -1.0 -1.0 -1.0 -1.0 -1.0 -1.0 2.741 3.516 7.847 2520.461 1.953 866.626 -0.9698318323500671 0.0 -1.0 -1.0
