0.0 99.0 Car -1.0 -1.0 -1.0 -1.0 -1.0 -1.0 -1.0 1.73 1.562 4.084 506.043 0.0 1380.943 -2.027318640518262 1.0 -1.0 -1.0
0.0 2.0 Bus -1.0 -1.0 -1.0 -1.0 -1.0 -1.0 -1.0 2.882 2.891 12.277 428.056 1.77 1355.598 3.0257551518191104 0.0 -1.0 -1.0
0.0 0.0 Bus -1.0 -1.0 -1.0 -1.0 -1.0 -1.0 -1.0 3.226 3.885 11.606 527.897 0.779 1360.588 -3.0978721556320368 0.0 -1.0 -1.0
1.0 99.0 Car -1.0 -1.0 -1.0 -1.0 -1.0 -1.0 -1.0 1.73 1.562 4.084 506.043 0.0 1380.943 -2.0272756863182413 1.0 -1.0 -1.0
1.0 2.0 Bus -1.0 -1.0 -1.0 -1.0 -1.0 -1.0 -1.0 2.882 2.891 12.277 427.889 1.77 1355.625 3.0257551518191104 1.0 -1.0 -1.0
1.0 0.0 Bus -1.0 -1.0 -1.0 -1.0 -1.0 -1.0 -1.0 3.226 3.885 11.606 523.112 0.904 1360.425 -3.1065992121391495 1.0 -1.0 -1.0
2.0 99.0 Car -1.0 -1.0 -1.0 -1.0 -1.0 -1.0 -1.0 1.73 1.562 4.084 506.043 0.0 1380.943 -2.027241307384848 1.0 -1.0 -1.0
2.0 2.0 Bus -1.0 -1.0 -1.0 -1.0 -1.0 -1.0 -1.0 2.882 2.891 12.277 427.721 1.77 1355.652 3.0257551518191104 1.0 -1.0 -1.0
2.0 0.0 Bus -1.0 -1.0 -1.0 -1.0 -1.0 -1.0 -1.0 3.226 3.885 11.606 518.328 1.029 1360.262 -3.1153254481519803 1.0 -1.0 -1.0
3.0 99.0 Car -1.0 -1.0 -1.0 -1.0 -1.0 -1.0 -1.0 1.73 1.562 4.084 506.043 0.0 1380.943 -2.0272699663916423 1.0 -1.0 -1.0
3.0 2.0 Bus -1.0 -1.0 -1.0 -1.0 -1.0 -1.0 -1.0 2.882 2.891 12.277 427.553 1.77 1355.679 3.0257551518191104 1.0 -1.0 -1.0
3.0 0.0 Bus -1.0 -1.0 -1.0 -1.0 -1.0 -1.0 -1.0 3.226 3.885 11.606 513.703 1.054 1360.026 -3.1065987407900257 1.0 -1.0 -1.0
4.0 99.0 Car -1.0 -1.0 -1.0 -1.0 -1.0 -1.0 -1.0 1.73 1.562 4.084 506.043 0.0 1380.943 -2.027266220983682 1.0 -1.0 -1.0
4.0 2.0 Bus -1.0 -1.0 -1.0 -1.0 -1.0 -1.0 -1.0 2.882 2.891 12.277 427.386 1.77 1355.706 3.02575515181911 0.0 -1.0 -1.0
4.0 0.0 Bus -1.0 -1.0 -1.0 -1.0 -1.0 -1.0 -1.0 3.226 3.885 11.606 509.079 1.279 1359.79 -3.0978721556320368 1.0 -1.0 -1.0
5.0 99.0 Car -1.0 -1.0 -1.0 -1.0 -1.0 -1.0 -1.0 1.73 1.562 4.084 506.043 0.0 1380.943 -2.0272619698282117 1.0 -1.0 -1.0
5.0 2.0 Bus -1.0 -1.0 -1.0 -1.0 -1.0 -1.0 -1.0 2.882 2.891 12.277 427.218 1.77 1355.733 3.02575515181911 0.0 -1.0 -1.0
5.0 0.0 Bus -1.0 -1.0 -1.0 -1.0 -1.0 -1.0 -1.0 3.226 3.885 11.606 504.696 1.307 1359.485 -3.080418915486374 1.0 -1.0 -1.0
6.0 99.0 Car -1.0 -1.0 -1.0 -1.0 -1.0 -1.0 -1.0 1.73 1.562 4.084 506.043 0.0 1380.943 -2.027221096529079 1.0 -1.0 -1.0
6.0 2.0 Bus -1.0 -1.0 -1.0 -1.0 -1.0 -1.0 -1.0 2.882 2.891 12.277 427.108 1.77 1355.729 3.02285388955593 0.0 -1.0 -1.0
6.0 0.0 Bus -1.0 -1.0 -1.0 -1.0 -1.0 -1.0 -1.0 3.226 3.885 11.606 500.313 1.334 1359.18 -3.06296557059215 0.0 -1.0 -1.0
7.0 99.0 Car -1.0 -1.0 -1.0 -1.0 -1.0 -1.0 -1.0 1.73 1.562 4.084 506.043 0.0 1380.943 -2.027203663533481 1.0 -1.0 -1.0
7.0 2.0 Bus -1.0 -1.0 -1.0 -1.0 -1.0 -1.0 -1.0 2.882 2.891 12.277 426.999 1.77 1355.726 3.0199524879942716 0.0 -1.0 -1.0
7.0 0.0 Bus -1.0 -1.0 -1.0 -1.0 -1.0 -1.0 -1.0 3.226 3.885 11.606 496.265 1.408 1358.901 -3.066599414260629 0.0 -1.0 -1.0
8.0 99.0 Car -1.0 -1.0 -1.0 -1.0 -1.0 -1.0 -1.0 1.73 1.562 4.084 506.043 0.0 1380.943 -2.0273260765581322 1.0 -1.0 -1.0
8.0 2.0 Bus -1.0 -1.0 -1.0 -1.0 -1.0 -1.0 -1.0 2.882 2.891 12.277 426.889 1.77 1355.722 3.0170511502777497 0.0 -1.0 -1.0
8.0 0.0 Bus -1.0 -1.0 -1.0 -1.0 -1.0 -1.0 -1.0 3.226 3.885 11.606 492.218 1.482 1358.622 -3.0702331779666356 0.0 -1.0 -1.0
9.0 99.0 Car -1.0 -1.0 -1.0 -1.0 -1.0 -1.0 -1.0 1.73 1.562 4.084 506.043 0.0 1380.943 -2.0272933364356023 1.0 -1.0 -1.0
9.0 2.0 Bus -1.0 -1.0 -1.0 -1.0 -1.0 -1.0 -1.0 2.882 2.891 12.277 426.352 1.77 1355.828 3.008364509609855 0.0 -1.0 -1.0
9.0 0.0 Bus -1.0 -1.0 -1.0 -1.0 -1.0 -1.0 -1.0 3.226 3.885 11.606 488.166 1.556 1358.343 -3.073871128798465 0.0 -1.0 -1.0
10.0 99.0 Car -1.0 -1.0 -1.0 -1.0 -1.0 -1.0 -1.0 1.73 1.562 4.084 506.043 0.0 1380.943 -2.027338076849337 1.0 -1.0 -1.0
10.0 2.0 Bus -1.0 -1.0 -1.0 -1.0 -1.0 -1.0 -1.0 2.882 2.891 12.277 425.809 1.77 1355.934 2.999575355219823 0.0 -1.0 -1.0
10.0 0.0 Bus -1.0 -1.0 -1.0 -1.0 -1.0 -1.0 -1.0 3.226 3.885 11.606 484.066 1.631 1358.06 -3.0775520122086033 0.0 -1.0 -1.0
11.0 99.0 Car -1.0 -1.0 -1.0 -1.0 -1.0 -1.0 -1.0 1.73 1.562 4.084 506.043 0.0 1380.943 -2.0273688997847534 1.0 -1.0 -1.0
11.0 2.0 Bus -1.0 -1.0 -1.0 -1.0 -1.0 -1.0 -1.0 2.882 2.891 12.277 424.983 1.77 1356.104 2.9465612066739393 0.0 -1.0 -1.0
11.0 0.0 Bus -1.0 -1.0 -1.0 -1.0 -1.0 -1.0 -1.0 3.226 3.885 11.606 480.873 1.689 1357.84 -3.0804188631120932 0.0 -1.0 -1.0
12.0 99.0 Car -1.0 -1.0 -1.0 -1.0 -1.0 -1.0 -1.0 1.73 1.562 4.084 506.043 0.0 1380.943 -2.0272487081833224 1.0 -1.0 -1.0
12.0 2.0 Bus -1.0 -1.0 -1.0 -1.0 -1.0 -1.0 -1.0 2.882 2.891 12.277 424.054 1.77 1356.35 2.8861288116595634 0.0 -1.0 -1.0
12.0 0.0 Bus -1.0 -1.0 -1.0 -1.0 -1.0 -1.0 -1.0 3.226 3.885 11.606 477.271 1.729 1357.67 -3.0868250507792427 0.0 -1.0 -1.0
13.0 99.0 Car -1.0 -1.0 -1.0 -1.0 -1.0 -1.0 -1.0 1.73 1.562 4.084 506.043 0.0 1380.943 -2.0272572570690084 1.0 -1.0 -1.0
13.0 2.0 Bus -1.0 -1.0 -1.0 -1.0 -1.0 -1.0 -1.0 2.882 2.891 12.277 422.876 1.77 1356.785 2.86867551913962 0.0 -1.0 -1.0
13.0 0.0 Bus -1.0 -1.0 -1.0 -1.0 -1.0 -1.0 -1.0 3.226 3.885 11.606 473.26 1.774 1357.48 -3.093956184930701 0.0 -1.0 -1.0
14.0 99.0 Car -1.0 -1.0 -1.0 -1.0 -1.0 -1.0 -1.0 1.73 1.562 4.084 506.043 0.0 1380.943 -2.027250876324942 1.0 -1.0 -1.0
14.0 2.0 Bus -1.0 -1.0 -1.0 -1.0 -1.0 -1.0 -1.0 2.882 2.891 12.277 421.485 1.77 1357.132 2.86867551913962 0.0 -1.0 -1.0
14.0 0.0 Bus -1.0 -1.0 -1.0 -1.0 -1.0 -1.0 -1.0 3.226 3.885 11.606 469.547 1.826 1357.368 -3.1010712310100432 0.0 -1.0 -1.0
15.0 99.0 Car -1.0 -1.0 -1.0 -1.0 -1.0 -1.0 -1.0 1.73 1.562 4.084 506.043 0.0 1380.943 -2.027265657938856 1.0 -1.0 -1.0
15.0 2.0 Bus -1.0 -1.0 -1.0 -1.0 -1.0 -1.0 -1.0 2.882 2.891 12.277 420.104 1.77 1357.547 2.86867551913962 0.0 -1.0 -1.0
15.0 0.0 Bus -1.0 -1.0 -1.0 -1.0 -1.0 -1.0 -1.0 3.226 3.885 11.606 465.821 1.877 1357.256 -3.108210430572322 0.0 -1.0 -1.0
16.0 99.0 Car -1.0 -1.0 -1.0 -1.0 -1.0 -1.0 -1.0 1.73 1.562 4.084 506.043 0.0 1380.943 -2.0273372928396367 1.0 -1.0 -1.0
16.0 0.0 Bus -1.0 -1.0 -1.0 -1.0 -1.0 -1.0 -1.0 3.226 3.885 11.606 462.107 1.929 1357.144 -3.1153254481519803 0.0 -1.0 -1.0
17.0 99.0 Car -1.0 -1.0 -1.0 -1.0 -1.0 -1.0 -1.0 1.73 1.562 4.084 506.043 0.0 1380.943 -2.0272087290257965 1.0 -1.0 -1.0
17.0 0.0 Bus -1.0 -1.0 -1.0 -1.0 -1.0 -1.0 -1.0 3.226 3.885 11.606 458.997 1.834 1357.103 -3.1236293763978265 0.0 -1.0 -1.0
23.0 99.0 Car -1.0 -1.0 -1.0 -1.0 -1.0 -1.0 -1.0 1.73 1.562 4.084 506.043 0.0 1380.943 -2.0272974621252096 1.0 -1.0 -1.0
23.0 1.0 Car -1.0 -1.0 -1.0 -1.0 -1.0 -1.0 -1.0 2.033 1.696 4.428 523.773 1.815 1417.446 -1.889458541325148 0.0 -1.0 -1.0
24.0 99.0 Car -1.0 -1.0 -1.0 -1.0 -1.0 -1.0 -1.0 1.73 1.562 4.084 506.043 0.0 1380.943 -2.0273192393886514 1.0 -1.0 -1.0
24.0 1.0 Car -1.0 -1.0 -1.0 -1.0 -1.0 -1.0 -1.0 2.033 1.696 4.428 522.593 1.793 1413.951 -1.889458541325148 1.0 -1.0 -1.0
25.0 99.0 Car -1.0 -1.0 -1.0 -1.0 -1.0 -1.0 -1.0 1.73 1.562 4.084 506.043 0.0 1380.943 -2.027182471850068 1.0 -1.0 -1.0
25.0 1.0 Car -1.0 -1.0 -1.0 -1.0 -1.0 -1.0 -1.0 2.033 1.696 4.428 521.668 1.728 1411.23 -1.8975099373135793 1.0 -1.0 -1.0
26.0 99.0 Car -1.0 -1.0 -1.0 -1.0 -1.0 -1.0 -1.0 1.73 1.562 4.084 506.043 0.0 1380.943 -2.0271373063528833 1.0 -1.0 -1.0
26.0 1.0 Car -1.0 -1.0 -1.0 -1.0 -1.0 -1.0 -1.0 2.033 1.696 4.428 520.641 1.656 1408.205 -1.906461661034686 1.0 -1.0 -1.0
27.0 99.0 Car -1.0 -1.0 -1.0 -1.0 -1.0 -1.0 -1.0 1.73 1.562 4.084 506.043 0.0 1380.943 -2.0271666651301627 1.0 -1.0 -1.0
27.0 1.0 Car -1.0 -1.0 -1.0 -1.0 -1.0 -1.0 -1.0 2.033 1.696 4.428 519.686 1.583 1405.389 -1.915403546281434 1.0 -1.0 -1.0
28.0 99.0 Car -1.0 -1.0 -1.0 -1.0 -1.0 -1.0 -1.0 1.73 1.562 4.084 506.043 0.0 1380.943 -2.0272872555115375 1.0 -1.0 -1.0
28.0 1.0 Car -1.0 -1.0 -1.0 -1.0 -1.0 -1.0 -1.0 2.033 1.696 4.428 518.73 1.511 1402.567 -1.9243651263650343 0.0 -1.0 -1.0
29.0 99.0 Car -1.0 -1.0 -1.0 -1.0 -1.0 -1.0 -1.0 1.73 1.562 4.084 506.043 0.0 1380.943 -2.0273073540628004 1.0 -1.0 -1.0
29.0 1.0 Car -1.0 -1.0 -1.0 -1.0 -1.0 -1.0 -1.0 2.033 1.696 4.428 517.75 1.426 1400.065 -1.9313495647692263 0.0 -1.0 -1.0
30.0 99.0 Car -1.0 -1.0 -1.0 -1.0 -1.0 -1.0 -1.0 1.73 1.562 4.084 506.043 0.0 1380.943 -2.0273295128969484 1.0 -1.0 -1.0
30.0 1.0 Car -1.0 -1.0 -1.0 -1.0 -1.0 -1.0 -1.0 2.033 1.696 4.428 516.771 1.341 1397.566 -1.9383263044746075 0.0 -1.0 -1.0
31.0 99.0 Car -1.0 -1.0 -1.0 -1.0 -1.0 -1.0 -1.0 1.73 1.562 4.084 506.043 0.0 1380.943 -2.027218922878609 1.0 -1.0 -1.0
31.0 1.0 Car -1.0 -1.0 -1.0 -1.0 -1.0 -1.0 -1.0 2.033 1.696 4.428 515.959 1.256 1395.501 -1.9453107009621093 0.0 -1.0 -1.0
32.0 99.0 Car -1.0 -1.0 -1.0 -1.0 -1.0 -1.0 -1.0 1.73 1.562 4.084 506.043 0.0 1380.943 -2.027218714107111 1.0 -1.0 -1.0
32.0 1.0 Car -1.0 -1.0 -1.0 -1.0 -1.0 -1.0 -1.0 2.033 1.696 4.428 515.148 1.171 1393.437 -1.95228732888965 0.0 -1.0 -1.0
33.0 99.0 Car -1.0 -1.0 -1.0 -1.0 -1.0 -1.0 -1.0 1.73 1.562 4.084 506.043 0.0 1380.943 -2.0272970626135596 1.0 -1.0 -1.0
33.0 1.0 Car -1.0 -1.0 -1.0 -1.0 -1.0 -1.0 -1.0 2.033 1.696 4.428 514.353 1.086 1391.414 -1.9592717114049205 0.0 -1.0 -1.0
34.0 99.0 Car -1.0 -1.0 -1.0 -1.0 -1.0 -1.0 -1.0 1.73 1.562 4.084 506.043 0.0 1380.943 -2.0272076023430197 1.0 -1.0 -1.0
34.0 1.0 Car -1.0 -1.0 -1.0 -1.0 -1.0 -1.0 -1.0 2.033 1.696 4.428 513.676 1.057 1389.764 -1.9592717114049205 0.0 -1.0 -1.0
35.0 99.0 Car -1.0 -1.0 -1.0 -1.0 -1.0 -1.0 -1.0 1.73 1.562 4.084 506.043 0.0 1380.943 -2.027264267360059 1.0 -1.0 -1.0
35.0 1.0 Car -1.0 -1.0 -1.0 -1.0 -1.0 -1.0 -1.0 2.033 1.696 4.428 512.932 1.025 1387.951 -1.9592717114049205 0.0 -1.0 -1.0
36.0 99.0 Car -1.0 -1.0 -1.0 -1.0 -1.0 -1.0 -1.0 1.73 1.562 4.084 506.043 0.0 1380.943 -2.02713185703082 1.0 -1.0 -1.0
36.0 1.0 Car -1.0 -1.0 -1.0 -1.0 -1.0 -1.0 -1.0 2.033 1.696 4.428 512.255 0.995 1386.301 -1.9592717114049205 0.0 -1.0 -1.0
37.0 99.0 Car -1.0 -1.0 -1.0 -1.0 -1.0 -1.0 -1.0 1.73 1.562 4.084 506.043 0.0 1380.943 -2.0271128522475825 1.0 -1.0 -1.0
37.0 1.0 Car -1.0 -1.0 -1.0 -1.0 -1.0 -1.0 -1.0 2.033 1.696 4.428 511.749 0.966 1385.071 -1.9592717114049205 0.0 -1.0 -1.0
38.0 99.0 Car -1.0 -1.0 -1.0 -1.0 -1.0 -1.0 -1.0 1.73 1.562 4.084 506.043 0.0 1380.943 -2.0271368076098764 1.0 -1.0 -1.0
38.0 1.0 Car -1.0 -1.0 -1.0 -1.0 -1.0 -1.0 -1.0 2.033 1.696 4.428 511.243 0.936 1383.839 -1.9592717114049205 0.0 -1.0 -1.0
39.0 99.0 Car -1.0 -1.0 -1.0 -1.0 -1.0 -1.0 -1.0 1.73 1.562 4.084 506.043 0.0 1380.943 -2.0272043499233288 1.0 -1.0 -1.0
39.0 1.0 Car -1.0 -1.0 -1.0 -1.0 -1.0 -1.0 -1.0 2.033 1.696 4.428 510.828 0.911 1382.907 -1.9767158262463025 0.0 -1.0 -1.0
