0.0 99.0 Car -1.0 -1.0 -1.0 -1.0 -1.0 -1.0 -1.0 1.73 1.562 4.084 1164.516 0.0 1657.972 -0.4842120154079464 1.0 -1.0 -1.0
0.0 1.0 Bus -1.0 -1.0 -1.0 -1.0 -1.0 -1.0 -1.0 2.821 3.39 12.351 1276.804 0.881 1631.403 2.95105405988444 0.0 -1.0 -1.0
0.0 0.0 Car -1.0 -1.0 -1.0 -1.0 -1.0 -1.0 -1.0 1.866 1.574 4.232 1151.556 0.97 1665.899 -0.5235987755982983 0.0 -1.0 -1.0
1.0 99.0 Car -1.0 -1.0 -1.0 -1.0 -1.0 -1.0 -1.0 1.73 1.562 4.084 1168.923 0.0 1655.759 -0.42913578340773956 1.0 -1.0 -1.0
1.0 1.0 Bus -1.0 -1.0 -1.0 -1.0 -1.0 -1.0 -1.0 2.821 3.39 12.351 1272.074 1.148 1632.42 2.95105405988444 1.0 -1.0 -1.0
1.0 0.0 Car -1.0 -1.0 -1.0 -1.0 -1.0 -1.0 -1.0 1.866 1.574 4.232 1155.535 0.991 1663.547 -0.5235987755982983 1.0 -1.0 -1.0
2.0 99.0 Car -1.0 -1.0 -1.0 -1.0 -1.0 -1.0 -1.0 1.73 1.562 4.084 1173.143 0.0 1653.875 -0.3896075109568009 1.0 -1.0 -1.0
2.0 1.0 Bus -1.0 -1.0 -1.0 -1.0 -1.0 -1.0 -1.0 2.821 3.39 12.351 1267.538 1.21 1632.955 2.954896188235713 1.0 -1.0 -1.0
2.0 0.0 Car -1.0 -1.0 -1.0 -1.0 -1.0 -1.0 -1.0 1.866 1.574 4.232 1159.247 1.01 1661.354 -0.5235987755982983 1.0 -1.0 -1.0
3.0 99.0 Car -1.0 -1.0 -1.0 -1.0 -1.0 -1.0 -1.0 1.73 1.562 4.084 1177.105 0.0 1652.288 -0.3573017140181051 1.0 -1.0 -1.0
3.0 1.0 Bus -1.0 -1.0 -1.0 -1.0 -1.0 -1.0 -1.0 2.821 3.39 12.351 1263.412 1.267 1633.49 2.976753590758424 1.0 -1.0 -1.0
3.0 0.0 Car -1.0 -1.0 -1.0 -1.0 -1.0 -1.0 -1.0 1.866 1.574 4.232 1162.619 1.027 1659.361 -0.5235987755982983 1.0 -1.0 -1.0
4.0 99.0 Car -1.0 -1.0 -1.0 -1.0 -1.0 -1.0 -1.0 1.73 1.562 4.084 1180.842 0.0 1650.929 -0.33007386829788193 1.0 -1.0 -1.0
4.0 1.0 Bus -1.0 -1.0 -1.0 -1.0 -1.0 -1.0 -1.0 2.821 3.39 12.351 1259.71 1.318 1634.048 2.996436543533516 1.0 -1.0 -1.0
4.0 0.0 Car -1.0 -1.0 -1.0 -1.0 -1.0 -1.0 -1.0 1.866 1.574 4.232 1165.738 1.043 1657.531 -0.4491286943933721 1.0 -1.0 -1.0
5.0 99.0 Car -1.0 -1.0 -1.0 -1.0 -1.0 -1.0 -1.0 1.73 1.562 4.084 1185.043 0.0 1649.509 -0.3060726592024038 1.0 -1.0 -1.0
5.0 1.0 Bus -1.0 -1.0 -1.0 -1.0 -1.0 -1.0 -1.0 2.821 3.39 12.351 1255.579 1.374 1634.535 2.999923358547452 1.0 -1.0 -1.0
5.0 0.0 Car -1.0 -1.0 -1.0 -1.0 -1.0 -1.0 -1.0 1.866 1.574 4.232 1169.346 1.061 1655.778 -0.36651914291880966 1.0 -1.0 -1.0
6.0 99.0 Car -1.0 -1.0 -1.0 -1.0 -1.0 -1.0 -1.0 1.73 1.562 4.084 1189.302 0.0 1648.196 -0.2839439777694682 1.0 -1.0 -1.0
6.0 1.0 Bus -1.0 -1.0 -1.0 -1.0 -1.0 -1.0 -1.0 2.821 3.39 12.351 1251.445 1.431 1635.044 3.0208672299642134 1.0 -1.0 -1.0
6.0 0.0 Car -1.0 -1.0 -1.0 -1.0 -1.0 -1.0 -1.0 1.866 1.574 4.232 1173.286 1.104 1654.245 -0.36651914291880966 1.0 -1.0 -1.0
7.0 99.0 Car -1.0 -1.0 -1.0 -1.0 -1.0 -1.0 -1.0 1.73 1.562 4.084 1193.652 0.0 1646.935 -0.26327033258204235 1.0 -1.0 -1.0
7.0 1.0 Bus -1.0 -1.0 -1.0 -1.0 -1.0 -1.0 -1.0 2.821 3.39 12.351 1247.322 1.427 1635.383 3.0208672299642134 1.0 -1.0 -1.0
7.0 0.0 Car -1.0 -1.0 -1.0 -1.0 -1.0 -1.0 -1.0 1.866 1.574 4.232 1177.231 1.148 1652.711 -0.36651914291880966 1.0 -1.0 -1.0
8.0 99.0 Car -1.0 -1.0 -1.0 -1.0 -1.0 -1.0 -1.0 1.73 1.562 4.084 1197.961 0.0 1645.839 -0.22981540217671628 1.0 -1.0 -1.0
8.0 1.0 Bus -1.0 -1.0 -1.0 -1.0 -1.0 -1.0 -1.0 2.821 3.39 12.351 1243.218 1.424 1635.805 3.038320522484157 1.0 -1.0 -1.0
8.0 0.0 Car -1.0 -1.0 -1.0 -1.0 -1.0 -1.0 -1.0 1.866 1.574 4.232 1181.251 1.117 1651.192 -0.33162985083603563 1.0 -1.0 -1.0
9.0 99.0 Car -1.0 -1.0 -1.0 -1.0 -1.0 -1.0 -1.0 1.73 1.562 4.084 1202.276 0.0 1644.84 -0.20834373233513334 1.0 -1.0 -1.0
9.0 1.0 Bus -1.0 -1.0 -1.0 -1.0 -1.0 -1.0 -1.0 2.821 3.39 12.351 1239.088 1.42 1636.016 3.038320522484157 1.0 -1.0 -1.0
9.0 0.0 Car -1.0 -1.0 -1.0 -1.0 -1.0 -1.0 -1.0 1.866 1.574 4.232 1185.326 1.086 1649.814 -0.2967059728390365 1.0 -1.0 -1.0
10.0 99.0 Car -1.0 -1.0 -1.0 -1.0 -1.0 -1.0 -1.0 1.73 1.562 4.084 1206.606 0.0 1643.951 -0.1826501660121863 1.0 -1.0 -1.0
10.0 1.0 Bus -1.0 -1.0 -1.0 -1.0 -1.0 -1.0 -1.0 2.821 3.39 12.351 1234.973 1.517 1636.424 3.038320522484157 1.0 -1.0 -1.0
10.0 0.0 Car -1.0 -1.0 -1.0 -1.0 -1.0 -1.0 -1.0 1.866 1.574 4.232 1189.502 1.13 1648.421 -0.2443173063287012 1.0 -1.0 -1.0
11.0 99.0 Car -1.0 -1.0 -1.0 -1.0 -1.0 -1.0 -1.0 1.73 1.562 4.084 1210.883 0.0 1643.182 -0.15605051050411797 1.0 -1.0 -1.0
11.0 1.0 Bus -1.0 -1.0 -1.0 -1.0 -1.0 -1.0 -1.0 2.821 3.39 12.351 1230.887 1.613 1637.065 3.0557738150041 1.0 -1.0 -1.0
11.0 0.0 Car -1.0 -1.0 -1.0 -1.0 -1.0 -1.0 -1.0 1.866 1.574 4.232 1193.74 1.174 1647.25 -0.19198621771937652 1.0 -1.0 -1.0
12.0 99.0 Car -1.0 -1.0 -1.0 -1.0 -1.0 -1.0 -1.0 1.73 1.562 4.084 1215.538 0.0 1642.501 -0.12808454664499555 1.0 -1.0 -1.0
12.0 1.0 Bus -1.0 -1.0 -1.0 -1.0 -1.0 -1.0 -1.0 2.821 3.39 12.351 1226.32 1.715 1637.692 3.045423873484732 1.0 -1.0 -1.0
12.0 0.0 Car -1.0 -1.0 -1.0 -1.0 -1.0 -1.0 -1.0 1.866 1.574 4.232 1198.538 1.195 1646.132 -0.19198621771937652 1.0 -1.0 -1.0
13.0 99.0 Car -1.0 -1.0 -1.0 -1.0 -1.0 -1.0 -1.0 1.73 1.562 4.084 1219.721 0.0 1641.964 -0.11828851951098389 1.0 -1.0 -1.0
13.0 1.0 Bus -1.0 -1.0 -1.0 -1.0 -1.0 -1.0 -1.0 2.821 3.39 12.351 1222.186 1.761 1638.405 3.0185558115020203 1.0 -1.0 -1.0
13.0 0.0 Car -1.0 -1.0 -1.0 -1.0 -1.0 -1.0 -1.0 1.866 1.574 4.232 1202.902 1.213 1645.116 -0.19198621771937652 1.0 -1.0 -1.0
14.0 99.0 Car -1.0 -1.0 -1.0 -1.0 -1.0 -1.0 -1.0 1.73 1.562 4.084 1223.913 0.0 1641.465 -0.11599949472537713 1.0 -1.0 -1.0
14.0 1.0 Bus -1.0 -1.0 -1.0 -1.0 -1.0 -1.0 -1.0 2.821 3.39 12.351 1218.038 1.808 1638.882 2.983413463479792 0.0 -1.0 -1.0
14.0 0.0 Car -1.0 -1.0 -1.0 -1.0 -1.0 -1.0 -1.0 1.866 1.574 4.232 1207.26 1.114 1644.34 -0.19198621771937652 1.0 -1.0 -1.0
15.0 99.0 Car -1.0 -1.0 -1.0 -1.0 -1.0 -1.0 -1.0 1.73 1.562 4.084 1228.195 0.0 1640.95 -0.11387727639836698 1.0 -1.0 -1.0
15.0 1.0 Bus -1.0 -1.0 -1.0 -1.0 -1.0 -1.0 -1.0 2.821 3.39 12.351 1214.034 2.055 1639.596 3.0102350472037624 0.0 -1.0 -1.0
15.0 0.0 Car -1.0 -1.0 -1.0 -1.0 -1.0 -1.0 -1.0 1.866 1.574 4.232 1211.618 1.014 1643.565 -0.19198621771937652 1.0 -1.0 -1.0
16.0 99.0 Car -1.0 -1.0 -1.0 -1.0 -1.0 -1.0 -1.0 1.73 1.562 4.084 1232.531 0.0 1640.441 -0.10773058038779568 1.0 -1.0 -1.0
16.0 1.0 Bus -1.0 -1.0 -1.0 -1.0 -1.0 -1.0 -1.0 2.821 3.39 12.351 1210.012 2.201 1640.141 2.993438910361726 0.0 -1.0 -1.0
16.0 0.0 Car -1.0 -1.0 -1.0 -1.0 -1.0 -1.0 -1.0 1.866 1.574 4.232 1216.016 1.014 1642.797 -0.19198621771937652 1.0 -1.0 -1.0
17.0 99.0 Car -1.0 -1.0 -1.0 -1.0 -1.0 -1.0 -1.0 1.73 1.562 4.084 1236.878 0.0 1639.946 -0.10606690515803671 1.0 -1.0 -1.0
17.0 1.0 Bus -1.0 -1.0 -1.0 -1.0 -1.0 -1.0 -1.0 2.821 3.39 12.351 1205.996 2.348 1640.771 2.9591696669353187 0.0 -1.0 -1.0
17.0 0.0 Car -1.0 -1.0 -1.0 -1.0 -1.0 -1.0 -1.0 1.866 1.574 4.232 1220.42 1.014 1642.028 -0.19198621771937652 1.0 -1.0 -1.0
18.0 99.0 Car -1.0 -1.0 -1.0 -1.0 -1.0 -1.0 -1.0 1.73 1.562 4.084 1241.166 0.0 1639.469 -0.10870481496961111 1.0 -1.0 -1.0
18.0 1.0 Bus -1.0 -1.0 -1.0 -1.0 -1.0 -1.0 -1.0 2.821 3.39 12.351 1202.126 2.804 1641.303 2.917497796601844 0.0 -1.0 -1.0
18.0 0.0 Car -1.0 -1.0 -1.0 -1.0 -1.0 -1.0 -1.0 1.866 1.574 4.232 1224.805 0.939 1641.207 -0.14832873337629793 1.0 -1.0 -1.0
19.0 99.0 Car -1.0 -1.0 -1.0 -1.0 -1.0 -1.0 -1.0 1.73 1.562 4.084 1245.449 0.0 1639.0 -0.10539736885275731 1.0 -1.0 -1.0
19.0 1.0 Bus -1.0 -1.0 -1.0 -1.0 -1.0 -1.0 -1.0 2.821 3.39 12.351 1198.439 2.798 1642.653 2.9107594196023676 0.0 -1.0 -1.0
19.0 0.0 Car -1.0 -1.0 -1.0 -1.0 -1.0 -1.0 -1.0 1.866 1.574 4.232 1229.216 0.864 1640.58 -0.10471975511965992 1.0 -1.0 -1.0
20.0 99.0 Car -1.0 -1.0 -1.0 -1.0 -1.0 -1.0 -1.0 1.73 1.562 4.084 1249.792 0.0 1638.523 -0.10255808393138229 1.0 -1.0 -1.0
20.0 1.0 Bus -1.0 -1.0 -1.0 -1.0 -1.0 -1.0 -1.0 2.821 3.39 12.351 1194.792 2.959 1643.732 2.874953852708978 0.0 -1.0 -1.0
20.0 0.0 Car -1.0 -1.0 -1.0 -1.0 -1.0 -1.0 -1.0 1.866 1.574 4.232 1233.476 0.889 1640.13 -0.08728536922326491 1.0 -1.0 -1.0
21.0 99.0 Car -1.0 -1.0 -1.0 -1.0 -1.0 -1.0 -1.0 1.73 1.562 4.084 1254.139 0.0 1638.044 -0.10012377040063876 1.0 -1.0 -1.0
21.0 1.0 Bus -1.0 -1.0 -1.0 -1.0 -1.0 -1.0 -1.0 2.821 3.39 12.351 1191.057 3.245 1644.991 2.8565617742902507 0.0 -1.0 -1.0
21.0 0.0 Car -1.0 -1.0 -1.0 -1.0 -1.0 -1.0 -1.0 1.866 1.574 4.232 1237.745 0.914 1639.68 -0.06981317007977328 1.0 -1.0 -1.0
22.0 99.0 Car -1.0 -1.0 -1.0 -1.0 -1.0 -1.0 -1.0 1.73 1.562 4.084 1258.694 0.0 1637.566 -0.09653693663719463 1.0 -1.0 -1.0
22.0 1.0 Bus -1.0 -1.0 -1.0 -1.0 -1.0 -1.0 -1.0 2.821 3.39 12.351 1187.235 3.28 1645.92 2.8382098674518486 0.0 -1.0 -1.0
22.0 0.0 Car -1.0 -1.0 -1.0 -1.0 -1.0 -1.0 -1.0 1.866 1.574 4.232 1241.945 0.964 1639.205 -0.07853012741767727 1.0 -1.0 -1.0
23.0 99.0 Car -1.0 -1.0 -1.0 -1.0 -1.0 -1.0 -1.0 1.73 1.562 4.084 1263.163 0.0 1637.083 -0.11452205161720026 1.0 -1.0 -1.0
23.0 1.0 Bus -1.0 -1.0 -1.0 -1.0 -1.0 -1.0 -1.0 2.821 3.39 12.351 1183.695 3.339 1647.126 2.8163126912034433 0.0 -1.0 -1.0
23.0 0.0 Car -1.0 -1.0 -1.0 -1.0 -1.0 -1.0 -1.0 1.866 1.574 4.232 1246.154 1.014 1638.729 -0.08726646259971661 1.0 -1.0 -1.0
24.0 99.0 Car -1.0 -1.0 -1.0 -1.0 -1.0 -1.0 -1.0 1.73 1.562 4.084 1267.596 0.0 1636.457 -0.16114634393860303 1.0 -1.0 -1.0
24.0 1.0 Bus -1.0 -1.0 -1.0 -1.0 -1.0 -1.0 -1.0 2.821 3.39 12.351 1180.187 3.532 1648.408 2.7944380932429724 0.0 -1.0 -1.0
24.0 0.0 Car -1.0 -1.0 -1.0 -1.0 -1.0 -1.0 -1.0 1.866 1.574 4.232 1250.433 0.914 1638.263 -0.08726646259971661 1.0 -1.0 -1.0
25.0 99.0 Car -1.0 -1.0 -1.0 -1.0 -1.0 -1.0 -1.0 1.73 1.562 4.084 1272.051 0.0 1635.619 -0.21021714878819495 1.0 -1.0 -1.0
25.0 1.0 Bus -1.0 -1.0 -1.0 -1.0 -1.0 -1.0 -1.0 2.821 3.39 12.351 1176.723 3.674 1649.804 2.7725665144721674 0.0 -1.0 -1.0
25.0 0.0 Car -1.0 -1.0 -1.0 -1.0 -1.0 -1.0 -1.0 1.866 1.574 4.232 1254.711 0.814 1637.797 -0.08726646259971661 1.0 -1.0 -1.0
26.0 99.0 Car -1.0 -1.0 -1.0 -1.0 -1.0 -1.0 -1.0 1.73 1.562 4.084 1276.372 0.0 1634.576 -0.2606900949669481 1.0 -1.0 -1.0
26.0 0.0 Car -1.0 -1.0 -1.0 -1.0 -1.0 -1.0 -1.0 1.866 1.574 4.232 1259.058 0.964 1637.281 -0.10470954840361248 1.0 -1.0 -1.0
27.0 99.0 Car -1.0 -1.0 -1.0 -1.0 -1.0 -1.0 -1.0 1.73 1.562 4.084 1280.759 0.0 1633.277 -0.31163000764832727 1.0 -1.0 -1.0
27.0 0.0 Car -1.0 -1.0 -1.0 -1.0 -1.0 -1.0 -1.0 1.866 1.574 4.232 1263.41 1.014 1636.764 -0.12217304763960324 0.0 -1.0 -1.0
28.0 99.0 Car -1.0 -1.0 -1.0 -1.0 -1.0 -1.0 -1.0 1.73 1.562 4.084 1284.654 0.0 1631.912 -0.3539784412938051 1.0 -1.0 -1.0
28.0 0.0 Car -1.0 -1.0 -1.0 -1.0 -1.0 -1.0 -1.0 1.866 1.574 4.232 1267.533 0.966 1636.283 -0.1644005832265469 0.0 -1.0 -1.0
29.0 99.0 Car -1.0 -1.0 -1.0 -1.0 -1.0 -1.0 -1.0 1.73 1.562 4.084 1288.908 0.0 1630.226 -0.39453554600097734 1.0 -1.0 -1.0
29.0 0.0 Car -1.0 -1.0 -1.0 -1.0 -1.0 -1.0 -1.0 1.866 1.574 4.232 1272.078 0.914 1635.546 -0.2112465344162224 0.0 -1.0 -1.0
30.0 99.0 Car -1.0 -1.0 -1.0 -1.0 -1.0 -1.0 -1.0 1.73 1.562 4.084 1293.052 0.0 1628.359 -0.43725935240480707 1.0 -1.0 -1.0
30.0 0.0 Car -1.0 -1.0 -1.0 -1.0 -1.0 -1.0 -1.0 1.866 1.574 4.232 1276.374 0.914 1634.519 -0.25427834554592077 0.0 -1.0 -1.0
31.0 99.0 Car -1.0 -1.0 -1.0 -1.0 -1.0 -1.0 -1.0 1.73 1.562 4.084 1297.142 0.0 1626.324 -0.48017108947738835 1.0 -1.0 -1.0
31.0 0.0 Car -1.0 -1.0 -1.0 -1.0 -1.0 -1.0 -1.0 1.866 1.574 4.232 1280.622 0.914 1633.309 -0.29730964018335615 0.0 -1.0 -1.0
32.0 99.0 Car -1.0 -1.0 -1.0 -1.0 -1.0 -1.0 -1.0 1.73 1.562 4.084 1301.208 0.0 1624.111 -0.5174024387114524 1.0 -1.0 -1.0
32.0 0.0 Car -1.0 -1.0 -1.0 -1.0 -1.0 -1.0 -1.0 1.866 1.574 4.232 1284.822 0.864 1631.905 -0.36711973758027705 0.0 -1.0 -1.0
33.0 99.0 Car -1.0 -1.0 -1.0 -1.0 -1.0 -1.0 -1.0 1.73 1.562 4.084 1305.151 0.0 1621.78 -0.5494742774748056 1.0 -1.0 -1.0
33.0 0.0 Car -1.0 -1.0 -1.0 -1.0 -1.0 -1.0 -1.0 1.866 1.574 4.232 1288.915 0.814 1630.211 -0.4369359803429025 0.0 -1.0 -1.0
34.0 99.0 Car -1.0 -1.0 -1.0 -1.0 -1.0 -1.0 -1.0 1.73 1.562 4.084 1309.078 0.0 1619.309 -0.5681848562831622 1.0 -1.0 -1.0
34.0 0.0 Car -1.0 -1.0 -1.0 -1.0 -1.0 -1.0 -1.0 1.866 1.574 4.232 1292.886 0.864 1628.363 -0.45436961589505165 0.0 -1.0 -1.0
35.0 99.0 Car -1.0 -1.0 -1.0 -1.0 -1.0 -1.0 -1.0 1.73 1.562 4.084 1313.036 0.0 1616.739 -0.5804589261868176 1.0 -1.0 -1.0
35.0 0.0 Car -1.0 -1.0 -1.0 -1.0 -1.0 -1.0 -1.0 1.866 1.574 4.232 1296.867 0.914 1626.51 -0.4718425653827887 0.0 -1.0 -1.0
36.0 99.0 Car -1.0 -1.0 -1.0 -1.0 -1.0 -1.0 -1.0 1.73 1.562 4.084 1316.974 0.0 1614.075 -0.6032847536696437 1.0 -1.0 -1.0
36.0 0.0 Car -1.0 -1.0 -1.0 -1.0 -1.0 -1.0 -1.0 1.866 1.574 4.232 1300.736 0.939 1624.409 -0.5067875912988828 0.0 -1.0 -1.0
37.0 99.0 Car -1.0 -1.0 -1.0 -1.0 -1.0 -1.0 -1.0 1.73 1.562 4.084 1320.857 0.0 1611.345 -0.6130541859347297 1.0 -1.0 -1.0
37.0 0.0 Car -1.0 -1.0 -1.0 -1.0 -1.0 -1.0 -1.0 1.866 1.574 4.232 1304.521 0.964 1622.179 -0.5416557354625611 0.0 -1.0 -1.0
38.0 99.0 Car -1.0 -1.0 -1.0 -1.0 -1.0 -1.0 -1.0 1.73 1.562 4.084 1324.685 0.0 1608.632 -0.6172407514599977 1.0 -1.0 -1.0
38.0 0.0 Car -1.0 -1.0 -1.0 -1.0 -1.0 -1.0 -1.0 1.866 1.574 4.232 1308.252 0.964 1619.87 -0.559118851150834 0.0 -1.0 -1.0
