0.0 99.0 Car -1.0 -1.0 -1.0 -1.0 -1.0 -1.0 -1.0 1.73 1.562 4.084 417.192 0.0 826.757 -0.36078631957049173 1.0 -1.0 -1.0
0.0 4.0 Car -1.0 -1.0 -1.0 -1.0 -1.0 -1.0 -1.0 1.635 1.386 4.413 433.642 0.949 823.946 2.695416683609089 0.0 -1.0 -1.0
0.0 0.0 Car -1.0 -1.0 -1.0 -1.0 -1.0 -1.0 -1.0 1.978 1.672 4.503 408.211 0.922 831.37 -0.4388979469989498 0.0 -1.0 -1.0
1.0 99.0 Car -1.0 -1.0 -1.0 -1.0 -1.0 -1.0 -1.0 1.73 1.562 4.084 418.08 0.0 826.403 -0.3636568702538592 1.0 -1.0 -1.0
1.0 4.0 Car -1.0 -1.0 -1.0 -1.0 -1.0 -1.0 -1.0 1.635 1.386 4.413 432.369 0.895 824.589 2.695416683609089 1.0 -1.0 -1.0
1.0 0.0 Car -1.0 -1.0 -1.0 -1.0 -1.0 -1.0 -1.0 1.978 1.672 4.503 409.849 0.922 830.635 -0.4388979469989498 1.0 -1.0 -1.0
2.0 99.0 Car -1.0 -1.0 -1.0 -1.0 -1.0 -1.0 -1.0 1.73 1.562 4.084 418.733 0.0 826.135 -0.3728758544937426 1.0 -1.0 -1.0
2.0 4.0 Car -1.0 -1.0 -1.0 -1.0 -1.0 -1.0 -1.0 1.635 1.386 4.413 430.525 0.895 825.468 2.7128699761290322 1.0 -1.0 -1.0
2.0 0.0 Car -1.0 -1.0 -1.0 -1.0 -1.0 -1.0 -1.0 1.978 1.672 4.503 411.264 0.922 830.001 -0.4214446544790067 1.0 -1.0 -1.0
3.0 99.0 Car -1.0 -1.0 -1.0 -1.0 -1.0 -1.0 -1.0 1.73 1.562 4.084 419.336 0.0 825.877 -0.3858301076277932 1.0 -1.0 -1.0
3.0 4.0 Car -1.0 -1.0 -1.0 -1.0 -1.0 -1.0 -1.0 1.635 1.386 4.413 428.382 0.795 826.426 2.7128699761290322 1.0 -1.0 -1.0
3.0 0.0 Car -1.0 -1.0 -1.0 -1.0 -1.0 -1.0 -1.0 1.978 1.672 4.503 412.593 0.922 829.405 -0.4214446544790067 1.0 -1.0 -1.0
4.0 99.0 Car -1.0 -1.0 -1.0 -1.0 -1.0 -1.0 -1.0 1.73 1.562 4.084 419.804 0.0 825.668 -0.39968323533585676 1.0 -1.0 -1.0
4.0 4.0 Car -1.0 -1.0 -1.0 -1.0 -1.0 -1.0 -1.0 1.635 1.386 4.413 425.906 0.795 827.61 2.7128699761290322 1.0 -1.0 -1.0
4.0 0.0 Car -1.0 -1.0 -1.0 -1.0 -1.0 -1.0 -1.0 1.978 1.672 4.503 413.639 0.922 828.936 -0.4214446544790067 1.0 -1.0 -1.0
5.0 99.0 Car -1.0 -1.0 -1.0 -1.0 -1.0 -1.0 -1.0 1.73 1.562 4.084 420.118 0.0 825.515 -0.409660586523793 1.0 -1.0 -1.0
5.0 4.0 Car -1.0 -1.0 -1.0 -1.0 -1.0 -1.0 -1.0 1.635 1.386 4.413 423.024 0.745 828.884 2.730323268648976 1.0 -1.0 -1.0
5.0 0.0 Car -1.0 -1.0 -1.0 -1.0 -1.0 -1.0 -1.0 1.978 1.672 4.503 414.544 0.922 828.53 -0.4214446544790067 1.0 -1.0 -1.0
6.0 99.0 Car -1.0 -1.0 -1.0 -1.0 -1.0 -1.0 -1.0 1.73 1.562 4.084 420.237 0.0 825.446 -0.4136910266549906 1.0 -1.0 -1.0
6.0 4.0 Car -1.0 -1.0 -1.0 -1.0 -1.0 -1.0 -1.0 1.635 1.386 4.413 420.215 0.695 830.059 2.7477765611689193 1.0 -1.0 -1.0
6.0 2.0 Car -1.0 -1.0 -1.0 -1.0 -1.0 -1.0 -1.0 1.552 1.507 4.529 387.241 0.721 829.951 0.5358509869466415 0.0 -1.0 -1.0
6.0 0.0 Car -1.0 -1.0 -1.0 -1.0 -1.0 -1.0 -1.0 1.978 1.672 4.503 415.14 0.922 828.263 -0.4214446544790067 1.0 -1.0 -1.0
7.0 99.0 Car -1.0 -1.0 -1.0 -1.0 -1.0 -1.0 -1.0 1.73 1.562 4.084 420.306 0.0 825.402 -0.41594449542684475 1.0 -1.0 -1.0
7.0 4.0 Car -1.0 -1.0 -1.0 -1.0 -1.0 -1.0 -1.0 1.635 1.386 4.413 417.521 0.645 831.187 2.7477765611689193 1.0 -1.0 -1.0
7.0 2.0 Car -1.0 -1.0 -1.0 -1.0 -1.0 -1.0 -1.0 1.552 1.507 4.529 390.178 0.671 831.707 0.5358509869466415 1.0 -1.0 -1.0
7.0 0.0 Car -1.0 -1.0 -1.0 -1.0 -1.0 -1.0 -1.0 1.978 1.672 4.503 415.564 0.922 828.073 -0.4214446544790067 1.0 -1.0 -1.0
8.0 99.0 Car -1.0 -1.0 -1.0 -1.0 -1.0 -1.0 -1.0 1.73 1.562 4.084 420.398 0.0 825.354 -0.41921700807455375 1.0 -1.0 -1.0
8.0 4.0 Car -1.0 -1.0 -1.0 -1.0 -1.0 -1.0 -1.0 1.635 1.386 4.413 414.962 0.662 832.26 2.7477765611689193 1.0 -1.0 -1.0
8.0 2.0 Car -1.0 -1.0 -1.0 -1.0 -1.0 -1.0 -1.0 1.552 1.507 4.529 392.967 0.571 833.287 0.3962246467870949 1.0 -1.0 -1.0
8.0 0.0 Car -1.0 -1.0 -1.0 -1.0 -1.0 -1.0 -1.0 1.978 1.672 4.503 415.79 0.922 827.972 -0.4214446544790067 1.0 -1.0 -1.0
8.0 3.0 Car -1.0 -1.0 -1.0 -1.0 -1.0 -1.0 -1.0 1.932 1.685 4.576 392.49 0.79 856.405 -2.0708974337109383 0.0 -1.0 -1.0
9.0 99.0 Car -1.0 -1.0 -1.0 -1.0 -1.0 -1.0 -1.0 1.73 1.562 4.084 420.674 0.0 825.225 -0.4195997630058347 1.0 -1.0 -1.0
9.0 4.0 Car -1.0 -1.0 -1.0 -1.0 -1.0 -1.0 -1.0 1.635 1.386 4.413 412.338 0.635 833.326 2.7652298536888624 1.0 -1.0 -1.0
9.0 2.0 Car -1.0 -1.0 -1.0 -1.0 -1.0 -1.0 -1.0 1.552 1.507 4.529 396.334 0.501 834.062 0.0471587963882285 1.0 -1.0 -1.0
9.0 0.0 Car -1.0 -1.0 -1.0 -1.0 -1.0 -1.0 -1.0 1.978 1.672 4.503 415.807 0.922 827.964 -0.4214446544790067 1.0 -1.0 -1.0
9.0 3.0 Car -1.0 -1.0 -1.0 -1.0 -1.0 -1.0 -1.0 1.932 1.685 4.576 392.487 0.791 856.411 -2.0691522542635 0.0 -1.0 -1.0
10.0 99.0 Car -1.0 -1.0 -1.0 -1.0 -1.0 -1.0 -1.0 1.73 1.562 4.084 421.141 0.0 825.012 -0.4123763326006281 1.0 -1.0 -1.0
10.0 4.0 Car -1.0 -1.0 -1.0 -1.0 -1.0 -1.0 -1.0 1.635 1.386 4.413 410.669 0.602 833.977 2.7826831462088055 0.0 -1.0 -1.0
10.0 2.0 Car -1.0 -1.0 -1.0 -1.0 -1.0 -1.0 -1.0 1.552 1.507 4.529 399.689 0.528 833.925 -0.08779772023123544 1.0 -1.0 -1.0
10.0 0.0 Car -1.0 -1.0 -1.0 -1.0 -1.0 -1.0 -1.0 1.978 1.672 4.503 415.864 0.922 827.939 -0.4214446544790067 1.0 -1.0 -1.0
10.0 3.0 Car -1.0 -1.0 -1.0 -1.0 -1.0 -1.0 -1.0 1.932 1.685 4.576 392.485 0.791 856.416 -2.0677013724115927 0.0 -1.0 -1.0
11.0 99.0 Car -1.0 -1.0 -1.0 -1.0 -1.0 -1.0 -1.0 1.73 1.562 4.084 421.905 0.0 824.676 -0.40172193094597913 1.0 -1.0 -1.0
11.0 4.0 Car -1.0 -1.0 -1.0 -1.0 -1.0 -1.0 -1.0 1.635 1.386 4.413 409.182 0.586 834.576 2.7826831462088055 0.0 -1.0 -1.0
11.0 2.0 Car -1.0 -1.0 -1.0 -1.0 -1.0 -1.0 -1.0 1.552 1.507 4.529 401.512 0.556 833.453 -0.10291199786838612 1.0 -1.0 -1.0
11.0 0.0 Car -1.0 -1.0 -1.0 -1.0 -1.0 -1.0 -1.0 1.978 1.672 4.503 416.062 0.922 827.85 -0.4214446544790067 1.0 -1.0 -1.0
11.0 3.0 Car -1.0 -1.0 -1.0 -1.0 -1.0 -1.0 -1.0 1.932 1.685 4.576 392.483 0.792 856.421 -2.0662488965228563 1.0 -1.0 -1.0
12.0 99.0 Car -1.0 -1.0 -1.0 -1.0 -1.0 -1.0 -1.0 1.73 1.562 4.084 423.136 0.0 824.157 -0.39568932971204257 1.0 -1.0 -1.0
12.0 4.0 Car -1.0 -1.0 -1.0 -1.0 -1.0 -1.0 -1.0 1.635 1.386 4.413 408.136 0.581 834.93 2.800136438728749 0.0 -1.0 -1.0
12.0 2.0 Car -1.0 -1.0 -1.0 -1.0 -1.0 -1.0 -1.0 1.552 1.507 4.529 403.517 0.586 832.918 -0.11956593202059751 1.0 -1.0 -1.0
12.0 0.0 Car -1.0 -1.0 -1.0 -1.0 -1.0 -1.0 -1.0 1.978 1.672 4.503 416.563 0.922 827.626 -0.4214446544790067 1.0 -1.0 -1.0
12.0 3.0 Car -1.0 -1.0 -1.0 -1.0 -1.0 -1.0 -1.0 1.932 1.685 4.576 392.48 0.793 856.426 -2.0646484602738053 1.0 -1.0 -1.0
13.0 99.0 Car -1.0 -1.0 -1.0 -1.0 -1.0 -1.0 -1.0 1.73 1.562 4.084 424.474 0.0 823.587 -0.3983385480064055 1.0 -1.0 -1.0
13.0 4.0 Car -1.0 -1.0 -1.0 -1.0 -1.0 -1.0 -1.0 1.635 1.386 4.413 407.61 0.536 835.094 2.8175897312486926 0.0 -1.0 -1.0
13.0 2.0 Car -1.0 -1.0 -1.0 -1.0 -1.0 -1.0 -1.0 1.552 1.507 4.529 405.153 0.611 832.462 -0.13319031517057978 1.0 -1.0 -1.0
13.0 0.0 Car -1.0 -1.0 -1.0 -1.0 -1.0 -1.0 -1.0 1.978 1.672 4.503 417.227 0.922 827.328 -0.4214446544790067 1.0 -1.0 -1.0
13.0 3.0 Car -1.0 -1.0 -1.0 -1.0 -1.0 -1.0 -1.0 1.932 1.685 4.576 392.478 0.794 856.43 -2.063339162634887 1.0 -1.0 -1.0
14.0 99.0 Car -1.0 -1.0 -1.0 -1.0 -1.0 -1.0 -1.0 1.73 1.562 4.084 425.853 0.0 822.993 -0.40106926614786265 1.0 -1.0 -1.0
14.0 4.0 Car -1.0 -1.0 -1.0 -1.0 -1.0 -1.0 -1.0 1.635 1.386 4.413 407.447 0.496 835.173 2.8175897312486926 0.0 -1.0 -1.0
14.0 2.0 Car -1.0 -1.0 -1.0 -1.0 -1.0 -1.0 -1.0 1.552 1.507 4.529 406.599 0.633 832.035 -0.14529066054418283 1.0 -1.0 -1.0
14.0 0.0 Car -1.0 -1.0 -1.0 -1.0 -1.0 -1.0 -1.0 1.978 1.672 4.503 417.986 0.922 826.987 -0.4214446544790067 1.0 -1.0 -1.0
14.0 3.0 Car -1.0 -1.0 -1.0 -1.0 -1.0 -1.0 -1.0 1.932 1.685 4.576 392.476 0.794 856.434 -2.0621763244018934 1.0 -1.0 -1.0
15.0 99.0 Car -1.0 -1.0 -1.0 -1.0 -1.0 -1.0 -1.0 1.73 1.562 4.084 427.804 0.0 822.143 -0.4067683769391488 1.0 -1.0 -1.0
15.0 4.0 Car -1.0 -1.0 -1.0 -1.0 -1.0 -1.0 -1.0 1.635 1.386 4.413 407.48 0.446 835.192 2.8175897312486926 0.0 -1.0 -1.0
15.0 2.0 Car -1.0 -1.0 -1.0 -1.0 -1.0 -1.0 -1.0 1.552 1.507 4.529 408.4 0.661 831.478 -0.16042116229748338 1.0 -1.0 -1.0
15.0 0.0 Car -1.0 -1.0 -1.0 -1.0 -1.0 -1.0 -1.0 1.978 1.672 4.503 419.219 0.922 826.435 -0.4214446544790067 1.0 -1.0 -1.0
15.0 3.0 Car -1.0 -1.0 -1.0 -1.0 -1.0 -1.0 -1.0 1.932 1.685 4.576 392.503 0.79 856.537 -2.0602378056443706 1.0 -1.0 -1.0
16.0 99.0 Car -1.0 -1.0 -1.0 -1.0 -1.0 -1.0 -1.0 1.73 1.562 4.084 429.855 0.0 821.233 -0.41168367406630363 1.0 -1.0 -1.0
16.0 4.0 Car -1.0 -1.0 -1.0 -1.0 -1.0 -1.0 -1.0 1.635 1.386 4.413 407.48 0.446 835.192 2.8175897312486926 0.0 -1.0 -1.0
16.0 2.0 Car -1.0 -1.0 -1.0 -1.0 -1.0 -1.0 -1.0 1.552 1.507 4.529 410.193 0.688 830.897 -0.17555214835275845 1.0 -1.0 -1.0
16.0 0.0 Car -1.0 -1.0 -1.0 -1.0 -1.0 -1.0 -1.0 1.978 1.672 4.503 420.677 0.922 825.781 -0.4214446544790067 1.0 -1.0 -1.0
16.0 3.0 Car -1.0 -1.0 -1.0 -1.0 -1.0 -1.0 -1.0 1.932 1.685 4.576 392.53 0.786 856.641 -2.0582992248381156 1.0 -1.0 -1.0
17.0 99.0 Car -1.0 -1.0 -1.0 -1.0 -1.0 -1.0 -1.0 1.73 1.562 4.084 431.882 0.0 820.317 -0.4168134627689945 1.0 -1.0 -1.0
17.0 4.0 Car -1.0 -1.0 -1.0 -1.0 -1.0 -1.0 -1.0 1.635 1.386 4.413 407.48 0.446 835.192 2.8175897312486926 0.0 -1.0 -1.0
17.0 2.0 Car -1.0 -1.0 -1.0 -1.0 -1.0 -1.0 -1.0 1.552 1.507 4.529 411.982 0.716 830.288 -0.19071860952767428 1.0 -1.0 -1.0
17.0 0.0 Car -1.0 -1.0 -1.0 -1.0 -1.0 -1.0 -1.0 1.978 1.672 4.503 422.394 0.922 825.011 -0.4214446544790067 1.0 -1.0 -1.0
17.0 3.0 Car -1.0 -1.0 -1.0 -1.0 -1.0 -1.0 -1.0 1.932 1.685 4.576 392.397 0.782 856.425 -2.056356098962174 1.0 -1.0 -1.0
17.0 1.0 Car -1.0 -1.0 -1.0 -1.0 -1.0 -1.0 -1.0 1.769 1.626 4.776 545.45 -0.036 779.205 -3.093361367123485 0.0 -1.0 -1.0
18.0 99.0 Car -1.0 -1.0 -1.0 -1.0 -1.0 -1.0 -1.0 1.73 1.562 4.084 433.838 0.0 819.431 -0.42038438581103343 1.0 -1.0 -1.0
18.0 4.0 Car -1.0 -1.0 -1.0 -1.0 -1.0 -1.0 -1.0 1.635 1.386 4.413 407.48 0.446 835.192 2.8175897312486926 0.0 -1.0 -1.0
18.0 2.0 Car -1.0 -1.0 -1.0 -1.0 -1.0 -1.0 -1.0 1.552 1.507 4.529 413.755 0.744 829.655 -0.20582992081523055 1.0 -1.0 -1.0
18.0 0.0 Car -1.0 -1.0 -1.0 -1.0 -1.0 -1.0 -1.0 1.978 1.672 4.503 424.174 0.922 824.247 -0.4214446544790067 1.0 -1.0 -1.0
18.0 3.0 Car -1.0 -1.0 -1.0 -1.0 -1.0 -1.0 -1.0 1.932 1.685 4.576 392.265 0.778 856.209 -2.0544200388856924 1.0 -1.0 -1.0
18.0 1.0 Car -1.0 -1.0 -1.0 -1.0 -1.0 -1.0 -1.0 1.769 1.626 4.776 541.923 0.104 779.099 -3.0968468884846847 1.0 -1.0 -1.0
19.0 99.0 Car -1.0 -1.0 -1.0 -1.0 -1.0 -1.0 -1.0 1.73 1.562 4.084 435.916 0.0 818.486 -0.41678229852749493 1.0 -1.0 -1.0
19.0 4.0 Car -1.0 -1.0 -1.0 -1.0 -1.0 -1.0 -1.0 1.635 1.386 4.413 407.51 0.446 835.182 2.8175897312486926 0.0 -1.0 -1.0
19.0 2.0 Car -1.0 -1.0 -1.0 -1.0 -1.0 -1.0 -1.0 1.552 1.507 4.529 415.522 0.771 828.994 -0.22097864443032614 1.0 -1.0 -1.0
19.0 0.0 Car -1.0 -1.0 -1.0 -1.0 -1.0 -1.0 -1.0 1.978 1.672 4.503 426.045 0.922 823.374 -0.4214446544790067 1.0 -1.0 -1.0
19.0 3.0 Car -1.0 -1.0 -1.0 -1.0 -1.0 -1.0 -1.0 1.932 1.685 4.576 392.133 0.775 855.994 -2.0524791855445943 0.0 -1.0 -1.0
19.0 1.0 Car -1.0 -1.0 -1.0 -1.0 -1.0 -1.0 -1.0 1.769 1.626 4.776 538.387 0.244 778.993 -3.1003410392404036 1.0 -1.0 -1.0
20.0 99.0 Car -1.0 -1.0 -1.0 -1.0 -1.0 -1.0 -1.0 1.73 1.562 4.084 438.209 0.0 817.448 -0.41190157825826557 1.0 -1.0 -1.0
20.0 4.0 Car -1.0 -1.0 -1.0 -1.0 -1.0 -1.0 -1.0 1.635 1.386 4.413 407.51 0.463 835.182 2.8175897312486926 0.0 -1.0 -1.0
20.0 2.0 Car -1.0 -1.0 -1.0 -1.0 -1.0 -1.0 -1.0 1.552 1.507 4.529 417.277 0.799 828.3 -0.2361257032573838 1.0 -1.0 -1.0
20.0 0.0 Car -1.0 -1.0 -1.0 -1.0 -1.0 -1.0 -1.0 1.978 1.672 4.503 427.958 0.972 822.517 -0.4214446544790067 1.0 -1.0 -1.0
20.0 3.0 Car -1.0 -1.0 -1.0 -1.0 -1.0 -1.0 -1.0 1.932 1.685 4.576 391.829 0.771 855.411 -2.0505385454960146 0.0 -1.0 -1.0
20.0 1.0 Car -1.0 -1.0 -1.0 -1.0 -1.0 -1.0 -1.0 1.769 1.626 4.776 534.851 0.384 778.887 -3.10383480600203 1.0 -1.0 -1.0
21.0 99.0 Car -1.0 -1.0 -1.0 -1.0 -1.0 -1.0 -1.0 1.73 1.562 4.084 440.914 0.0 816.272 -0.4018169732888858 1.0 -1.0 -1.0
21.0 4.0 Car -1.0 -1.0 -1.0 -1.0 -1.0 -1.0 -1.0 1.635 1.386 4.413 407.51 0.48 835.182 2.8175897312486926 0.0 -1.0 -1.0
21.0 2.0 Car -1.0 -1.0 -1.0 -1.0 -1.0 -1.0 -1.0 1.552 1.507 4.529 419.017 0.826 827.581 -0.25123949659255995 1.0 -1.0 -1.0
21.0 0.0 Car -1.0 -1.0 -1.0 -1.0 -1.0 -1.0 -1.0 1.978 1.672 4.503 429.866 1.022 821.662 -0.4214446544790067 1.0 -1.0 -1.0
21.0 3.0 Car -1.0 -1.0 -1.0 -1.0 -1.0 -1.0 -1.0 1.932 1.685 4.576 391.526 0.767 854.83 -2.0486021674197774 0.0 -1.0 -1.0
21.0 1.0 Car -1.0 -1.0 -1.0 -1.0 -1.0 -1.0 -1.0 1.769 1.626 4.776 531.323 0.524 778.78 -3.1073208998635127 1.0 -1.0 -1.0
22.0 99.0 Car -1.0 -1.0 -1.0 -1.0 -1.0 -1.0 -1.0 1.73 1.562 4.084 443.93 0.0 814.991 -0.3917808262559006 1.0 -1.0 -1.0
22.0 2.0 Car -1.0 -1.0 -1.0 -1.0 -1.0 -1.0 -1.0 1.552 1.507 4.529 420.754 0.854 826.843 -0.26638652515074424 0.0 -1.0 -1.0
22.0 0.0 Car -1.0 -1.0 -1.0 -1.0 -1.0 -1.0 -1.0 1.978 1.672 4.503 431.75 1.022 820.817 -0.4214446544790067 1.0 -1.0 -1.0
22.0 3.0 Car -1.0 -1.0 -1.0 -1.0 -1.0 -1.0 -1.0 1.932 1.685 4.576 391.222 0.763 854.248 -2.0466615312492444 0.0 -1.0 -1.0
22.0 1.0 Car -1.0 -1.0 -1.0 -1.0 -1.0 -1.0 -1.0 1.769 1.626 4.776 527.788 0.664 778.674 -3.1108146596434287 1.0 -1.0 -1.0
23.0 99.0 Car -1.0 -1.0 -1.0 -1.0 -1.0 -1.0 -1.0 1.73 1.562 4.084 447.195 0.0 813.651 -0.3811568960611974 1.0 -1.0 -1.0
23.0 2.0 Car -1.0 -1.0 -1.0 -1.0 -1.0 -1.0 -1.0 1.552 1.507 4.529 422.484 0.882 826.096 -0.2815168755596776 0.0 -1.0 -1.0
23.0 0.0 Car -1.0 -1.0 -1.0 -1.0 -1.0 -1.0 -1.0 1.978 1.672 4.503 433.717 1.072 819.935 -0.4214446544790067 1.0 -1.0 -1.0
23.0 3.0 Car -1.0 -1.0 -1.0 -1.0 -1.0 -1.0 -1.0 1.932 1.685 4.576 390.919 0.759 853.666 -2.0447230318819507 0.0 -1.0 -1.0
23.0 1.0 Car -1.0 -1.0 -1.0 -1.0 -1.0 -1.0 -1.0 1.769 1.626 4.776 524.256 0.664 778.568 3.120020384038955 1.0 -1.0 -1.0
24.0 99.0 Car -1.0 -1.0 -1.0 -1.0 -1.0 -1.0 -1.0 1.73 1.562 4.084 450.614 0.0 812.261 -0.3752305273743664 1.0 -1.0 -1.0
24.0 2.0 Car -1.0 -1.0 -1.0 -1.0 -1.0 -1.0 -1.0 1.552 1.507 4.529 424.217 0.909 825.349 -0.29666475164631745 0.0 -1.0 -1.0
24.0 0.0 Car -1.0 -1.0 -1.0 -1.0 -1.0 -1.0 -1.0 1.978 1.672 4.503 435.941 1.072 818.938 -0.4214446544790067 1.0 -1.0 -1.0
24.0 3.0 Car -1.0 -1.0 -1.0 -1.0 -1.0 -1.0 -1.0 1.932 1.685 4.576 390.463 0.838 852.807 -2.0563671847686606 0.0 -1.0 -1.0
24.0 1.0 Car -1.0 -1.0 -1.0 -1.0 -1.0 -1.0 -1.0 1.769 1.626 4.776 522.53 0.764 778.483 3.0676605064791254 1.0 -1.0 -1.0
25.0 99.0 Car -1.0 -1.0 -1.0 -1.0 -1.0 -1.0 -1.0 1.73 1.562 4.084 453.979 0.0 810.908 -0.37407094853973605 1.0 -1.0 -1.0
25.0 2.0 Car -1.0 -1.0 -1.0 -1.0 -1.0 -1.0 -1.0 1.552 1.507 4.529 428.069 0.937 823.993 -0.3538558718692151 0.0 -1.0 -1.0
25.0 0.0 Car -1.0 -1.0 -1.0 -1.0 -1.0 -1.0 -1.0 1.978 1.672 4.503 438.332 1.072 817.866 -0.4214446544790067 1.0 -1.0 -1.0
25.0 3.0 Car -1.0 -1.0 -1.0 -1.0 -1.0 -1.0 -1.0 1.932 1.685 4.576 390.008 0.918 851.949 -2.067998726592267 0.0 -1.0 -1.0
25.0 1.0 Car -1.0 -1.0 -1.0 -1.0 -1.0 -1.0 -1.0 1.769 1.626 4.776 519.729 0.764 778.86 2.9105808737996353 1.0 -1.0 -1.0
26.0 99.0 Car -1.0 -1.0 -1.0 -1.0 -1.0 -1.0 -1.0 1.73 1.562 4.084 457.315 0.0 809.545 -0.37989416677099475 1.0 -1.0 -1.0
26.0 2.0 Car -1.0 -1.0 -1.0 -1.0 -1.0 -1.0 -1.0 1.552 1.507 4.529 430.67 1.071 823.086 -0.4066268091302976 0.0 -1.0 -1.0
26.0 0.0 Car -1.0 -1.0 -1.0 -1.0 -1.0 -1.0 -1.0 1.978 1.672 4.503 440.948 1.097 816.693 -0.4214446544790067 1.0 -1.0 -1.0
26.0 3.0 Car -1.0 -1.0 -1.0 -1.0 -1.0 -1.0 -1.0 1.932 1.685 4.576 389.552 0.997 851.09 -2.079629616921837 0.0 -1.0 -1.0
26.0 1.0 Car -1.0 -1.0 -1.0 -1.0 -1.0 -1.0 -1.0 1.769 1.626 4.776 516.656 0.764 779.827 2.736047948600202 1.0 -1.0 -1.0
27.0 99.0 Car -1.0 -1.0 -1.0 -1.0 -1.0 -1.0 -1.0 1.73 1.562 4.084 460.753 0.0 808.121 -0.3891916794251276 1.0 -1.0 -1.0
27.0 2.0 Car -1.0 -1.0 -1.0 -1.0 -1.0 -1.0 -1.0 1.552 1.507 4.529 433.703 1.105 821.658 -0.4240801016502409 0.0 -1.0 -1.0
27.0 0.0 Car -1.0 -1.0 -1.0 -1.0 -1.0 -1.0 -1.0 1.978 1.672 4.503 443.823 1.172 815.405 -0.4214446544790067 1.0 -1.0 -1.0
27.0 3.0 Car -1.0 -1.0 -1.0 -1.0 -1.0 -1.0 -1.0 1.932 1.685 4.576 389.288 1.177 850.575 -2.079629616921837 0.0 -1.0 -1.0
27.0 1.0 Car -1.0 -1.0 -1.0 -1.0 -1.0 -1.0 -1.0 1.769 1.626 4.776 514.865 0.814 780.747 2.5964216084406555 1.0 -1.0 -1.0
28.0 99.0 Car -1.0 -1.0 -1.0 -1.0 -1.0 -1.0 -1.0 1.73 1.562 4.084 464.157 0.0 806.644 -0.4098229330622725 1.0 -1.0 -1.0
28.0 2.0 Car -1.0 -1.0 -1.0 -1.0 -1.0 -1.0 -1.0 1.552 1.507 4.529 436.462 1.239 820.454 -0.4589866866901273 0.0 -1.0 -1.0
28.0 0.0 Car -1.0 -1.0 -1.0 -1.0 -1.0 -1.0 -1.0 1.978 1.672 4.503 446.977 1.297 813.991 -0.4214446544790067 0.0 -1.0 -1.0
28.0 3.0 Car -1.0 -1.0 -1.0 -1.0 -1.0 -1.0 -1.0 1.932 1.685 4.576 389.024 1.356 850.06 -2.079629616921837 0.0 -1.0 -1.0
28.0 1.0 Car -1.0 -1.0 -1.0 -1.0 -1.0 -1.0 -1.0 1.769 1.626 4.776 512.561 0.764 782.344 2.5266084383608822 0.0 -1.0 -1.0
29.0 99.0 Car -1.0 -1.0 -1.0 -1.0 -1.0 -1.0 -1.0 1.73 1.562 4.084 467.478 0.0 805.124 -0.4301333191811057 1.0 -1.0 -1.0
29.0 2.0 Car -1.0 -1.0 -1.0 -1.0 -1.0 -1.0 -1.0 1.552 1.507 4.529 439.51 1.272 818.948 -0.43282042521777564 0.0 -1.0 -1.0
29.0 0.0 Car -1.0 -1.0 -1.0 -1.0 -1.0 -1.0 -1.0 1.978 1.672 4.503 450.042 1.322 812.616 -0.4214446544790067 0.0 -1.0 -1.0
29.0 3.0 Car -1.0 -1.0 -1.0 -1.0 -1.0 -1.0 -1.0 1.932 1.685 4.576 388.713 1.51 849.591 -2.088351704079287 0.0 -1.0 -1.0
29.0 1.0 Car -1.0 -1.0 -1.0 -1.0 -1.0 -1.0 -1.0 1.769 1.626 4.776 508.77 0.73 785.174 2.5219256804709067 0.0 -1.0 -1.0
30.0 99.0 Car -1.0 -1.0 -1.0 -1.0 -1.0 -1.0 -1.0 1.73 1.562 4.084 470.751 0.0 803.567 -0.450284019447751 1.0 -1.0 -1.0
30.0 2.0 Car -1.0 -1.0 -1.0 -1.0 -1.0 -1.0 -1.0 1.552 1.507 4.529 442.6 1.306 817.521 -0.4066268091302976 0.0 -1.0 -1.0
30.0 0.0 Car -1.0 -1.0 -1.0 -1.0 -1.0 -1.0 -1.0 1.978 1.672 4.503 453.111 1.347 811.241 -0.4214446544790067 0.0 -1.0 -1.0
30.0 3.0 Car -1.0 -1.0 -1.0 -1.0 -1.0 -1.0 -1.0 1.932 1.685 4.576 388.402 1.664 849.121 -2.0970829094417796 0.0 -1.0 -1.0
30.0 1.0 Car -1.0 -1.0 -1.0 -1.0 -1.0 -1.0 -1.0 1.769 1.626 4.776 504.975 0.695 788.007 2.5172380271532853 0.0 -1.0 -1.0
31.0 99.0 Car -1.0 -1.0 -1.0 -1.0 -1.0 -1.0 -1.0 1.73 1.562 4.084 473.342 0.0 802.258 -0.47147627265770325 1.0 -1.0 -1.0
31.0 2.0 Car -1.0 -1.0 -1.0 -1.0 -1.0 -1.0 -1.0 1.552 1.507 4.529 445.37 1.237 816.372 -0.42159852233270906 0.0 -1.0 -1.0
31.0 0.0 Car -1.0 -1.0 -1.0 -1.0 -1.0 -1.0 -1.0 1.978 1.672 4.503 455.613 1.247 810.085 -0.4388979469989498 0.0 -1.0 -1.0
31.0 1.0 Car -1.0 -1.0 -1.0 -1.0 -1.0 -1.0 -1.0 1.769 1.626 4.776 501.936 0.667 790.275 2.5134835623861607 0.0 -1.0 -1.0
32.0 99.0 Car -1.0 -1.0 -1.0 -1.0 -1.0 -1.0 -1.0 1.73 1.562 4.084 476.412 0.0 800.6 -0.5019299808681564 1.0 -1.0 -1.0
32.0 2.0 Car -1.0 -1.0 -1.0 -1.0 -1.0 -1.0 -1.0 1.552 1.507 4.529 448.823 1.149 814.933 -0.4402733821509037 0.0 -1.0 -1.0
32.0 0.0 Car -1.0 -1.0 -1.0 -1.0 -1.0 -1.0 -1.0 1.978 1.672 4.503 458.737 1.122 808.651 -0.4388979469989498 0.0 -1.0 -1.0
32.0 1.0 Car -1.0 -1.0 -1.0 -1.0 -1.0 -1.0 -1.0 1.769 1.626 4.776 498.895 0.58 792.485 2.5134835623861607 0.0 -1.0 -1.0
33.0 99.0 Car -1.0 -1.0 -1.0 -1.0 -1.0 -1.0 -1.0 1.73 1.562 4.084 479.388 0.0 798.858 -0.5357581294358364 1.0 -1.0 -1.0
33.0 2.0 Car -1.0 -1.0 -1.0 -1.0 -1.0 -1.0 -1.0 1.552 1.507 4.529 452.283 1.062 813.492 -0.4589866866901273 0.0 -1.0 -1.0
33.0 0.0 Car -1.0 -1.0 -1.0 -1.0 -1.0 -1.0 -1.0 1.978 1.672 4.503 461.969 1.047 807.134 -0.45635123951889284 0.0 -1.0 -1.0
33.0 1.0 Car -1.0 -1.0 -1.0 -1.0 -1.0 -1.0 -1.0 1.769 1.626 4.776 496.006 0.593 794.583 2.5134835623861607 0.0 -1.0 -1.0
34.0 99.0 Car -1.0 -1.0 -1.0 -1.0 -1.0 -1.0 -1.0 1.73 1.562 4.084 482.183 0.0 797.111 -0.5702387550807863 1.0 -1.0 -1.0
34.0 0.0 Car -1.0 -1.0 -1.0 -1.0 -1.0 -1.0 -1.0 1.978 1.672 4.503 465.325 1.022 805.524 -0.45635123951889284 0.0 -1.0 -1.0
34.0 1.0 Car -1.0 -1.0 -1.0 -1.0 -1.0 -1.0 -1.0 1.769 1.626 4.776 493.492 0.656 796.409 2.5483901474260477 0.0 -1.0 -1.0
35.0 99.0 Car -1.0 -1.0 -1.0 -1.0 -1.0 -1.0 -1.0 1.73 1.562 4.084 484.784 0.0 795.348 -0.6074476941103346 1.0 -1.0 -1.0
35.0 0.0 Car -1.0 -1.0 -1.0 -1.0 -1.0 -1.0 -1.0 1.978 1.672 4.503 468.682 1.047 803.846 -0.45635123951889284 0.0 -1.0 -1.0
35.0 1.0 Car -1.0 -1.0 -1.0 -1.0 -1.0 -1.0 -1.0 1.769 1.626 4.776 490.867 0.769 798.014 2.6007500249858775 0.0 -1.0 -1.0
36.0 99.0 Car -1.0 -1.0 -1.0 -1.0 -1.0 -1.0 -1.0 1.73 1.562 4.084 487.121 0.0 793.63 -0.6419129453958192 1.0 -1.0 -1.0
36.0 0.0 Car -1.0 -1.0 -1.0 -1.0 -1.0 -1.0 -1.0 1.978 1.672 4.503 471.886 1.122 802.205 -0.45635123951889284 0.0 -1.0 -1.0
36.0 1.0 Car -1.0 -1.0 -1.0 -1.0 -1.0 -1.0 -1.0 1.769 1.626 4.776 488.422 0.918 799.466 2.635656610025764 0.0 -1.0 -1.0
37.0 99.0 Car -1.0 -1.0 -1.0 -1.0 -1.0 -1.0 -1.0 1.73 1.562 4.084 489.218 0.0 791.97 -0.6751858039985024 1.0 -1.0 -1.0
37.0 0.0 Car -1.0 -1.0 -1.0 -1.0 -1.0 -1.0 -1.0 1.978 1.672 4.503 475.077 1.198 800.536 -0.47380453203883593 0.0 -1.0 -1.0
37.0 1.0 Car -1.0 -1.0 -1.0 -1.0 -1.0 -1.0 -1.0 1.769 1.626 4.776 486.52 1.017 800.48 2.653109902545707 0.0 -1.0 -1.0
38.0 99.0 Car -1.0 -1.0 -1.0 -1.0 -1.0 -1.0 -1.0 1.73 1.562 4.084 491.208 0.0 790.312 -0.6973551067423858 1.0 -1.0 -1.0
38.0 0.0 Car -1.0 -1.0 -1.0 -1.0 -1.0 -1.0 -1.0 1.978 1.672 4.503 478.258 1.223 798.838 -0.4912578245587791 0.0 -1.0 -1.0
38.0 1.0 Car -1.0 -1.0 -1.0 -1.0 -1.0 -1.0 -1.0 1.769 1.626 4.776 484.767 1.067 801.361 2.7054697801055374 0.0 -1.0 -1.0
39.0 99.0 Car -1.0 -1.0 -1.0 -1.0 -1.0 -1.0 -1.0 1.73 1.562 4.084 493.004 0.0 788.759 -0.7092687220569212 1.0 -1.0 -1.0
39.0 0.0 Car -1.0 -1.0 -1.0 -1.0 -1.0 -1.0 -1.0 1.978 1.672 4.503 481.117 1.248 797.137 -0.5436177021186084 0.0 -1.0 -1.0
39.0 1.0 Car -1.0 -1.0 -1.0 -1.0 -1.0 -1.0 -1.0 1.769 1.626 4.776 483.131 1.116 802.111 2.740376365145424 0.0 -1.0 -1.0
