0.0 99.0 Car -1.0 -1.0 -1.0 -1.0 -1.0 -1.0 -1.0 1.73 1.562 4.084 1301.02 0.0 800.212 -2.1228208968813536 1.0 -1.0 -1.0
0.0 0.0 Car -1.0 -1.0 -1.0 -1.0 -1.0 -1.0 -1.0 2.096 1.792 4.545 1308.45 0.987 810.705 -2.2697308796044413 0.0 -1.0 -1.0
0.0 1.0 Truck -1.0 -1.0 -1.0 -1.0 -1.0 -1.0 -1.0 2.091 1.996 5.677 1184.456 1.838 659.685 0.8924741128701899 0.0 -1.0 -1.0
1.0 99.0 Car -1.0 -1.0 -1.0 -1.0 -1.0 -1.0 -1.0 1.73 1.562 4.084 1299.914 0.0 798.547 -2.1536705194787036 1.0 -1.0 -1.0
1.0 0.0 Car -1.0 -1.0 -1.0 -1.0 -1.0 -1.0 -1.0 2.096 1.792 4.545 1306.678 1.014 808.696 -2.2732249576108448 1.0 -1.0 -1.0
1.0 1.0 Truck -1.0 -1.0 -1.0 -1.0 -1.0 -1.0 -1.0 2.091 1.996 5.677 1189.438 1.59 665.739 0.9099274053901332 1.0 -1.0 -1.0
2.0 99.0 Car -1.0 -1.0 -1.0 -1.0 -1.0 -1.0 -1.0 1.73 1.562 4.084 1298.724 0.0 796.876 -2.2029263834416613 1.0 -1.0 -1.0
2.0 0.0 Car -1.0 -1.0 -1.0 -1.0 -1.0 -1.0 -1.0 2.096 1.792 4.545 1304.808 1.003 806.573 -2.2941677273775105 1.0 -1.0 -1.0
2.0 1.0 Truck -1.0 -1.0 -1.0 -1.0 -1.0 -1.0 -1.0 2.091 1.996 5.677 1194.545 1.41 671.679 0.9041100485760009 1.0 -1.0 -1.0
3.0 99.0 Car -1.0 -1.0 -1.0 -1.0 -1.0 -1.0 -1.0 1.73 1.562 4.084 1297.246 0.0 795.004 -2.2573794398647635 1.0 -1.0 -1.0
3.0 0.0 Car -1.0 -1.0 -1.0 -1.0 -1.0 -1.0 -1.0 2.096 1.792 4.545 1303.173 1.067 804.726 -2.2976616029225623 1.0 -1.0 -1.0
3.0 1.0 Truck -1.0 -1.0 -1.0 -1.0 -1.0 -1.0 -1.0 2.091 1.996 5.677 1199.658 1.229 677.627 0.89828535929659 1.0 -1.0 -1.0
4.0 99.0 Car -1.0 -1.0 -1.0 -1.0 -1.0 -1.0 -1.0 1.73 1.562 4.084 1295.362 0.0 792.837 -2.2982858372387467 1.0 -1.0 -1.0
4.0 0.0 Car -1.0 -1.0 -1.0 -1.0 -1.0 -1.0 -1.0 2.096 1.792 4.545 1301.553 1.075 802.894 -2.283694122400736 1.0 -1.0 -1.0
4.0 1.0 Truck -1.0 -1.0 -1.0 -1.0 -1.0 -1.0 -1.0 2.091 1.996 5.677 1204.76 1.048 683.56 0.8924741128701899 1.0 -1.0 -1.0
5.0 99.0 Car -1.0 -1.0 -1.0 -1.0 -1.0 -1.0 -1.0 1.73 1.562 4.084 1293.169 0.0 790.453 -2.320214567094707 1.0 -1.0 -1.0
5.0 0.0 Car -1.0 -1.0 -1.0 -1.0 -1.0 -1.0 -1.0 2.096 1.792 4.545 1299.887 1.12 801.087 -2.287184172124384 1.0 -1.0 -1.0
5.0 1.0 Truck -1.0 -1.0 -1.0 -1.0 -1.0 -1.0 -1.0 2.091 1.996 5.677 1209.622 0.913 688.901 0.8924741128701899 1.0 -1.0 -1.0
6.0 99.0 Car -1.0 -1.0 -1.0 -1.0 -1.0 -1.0 -1.0 1.73 1.562 4.084 1290.757 0.0 787.896 -2.329320362499381 1.0 -1.0 -1.0
6.0 0.0 Car -1.0 -1.0 -1.0 -1.0 -1.0 -1.0 -1.0 2.096 1.792 4.545 1298.1 1.089 799.046 -2.278457883749601 1.0 -1.0 -1.0
6.0 1.0 Truck -1.0 -1.0 -1.0 -1.0 -1.0 -1.0 -1.0 2.091 1.996 5.677 1214.681 0.81 694.079 0.8924741128701899 1.0 -1.0 -1.0
7.0 99.0 Car -1.0 -1.0 -1.0 -1.0 -1.0 -1.0 -1.0 1.73 1.562 4.084 1288.108 0.0 785.131 -2.3359848418045006 1.0 -1.0 -1.0
7.0 0.0 Car -1.0 -1.0 -1.0 -1.0 -1.0 -1.0 -1.0 2.096 1.792 4.545 1296.242 1.078 796.828 -2.2697308796044413 1.0 -1.0 -1.0
7.0 1.0 Truck -1.0 -1.0 -1.0 -1.0 -1.0 -1.0 -1.0 2.091 1.996 5.677 1219.466 1.095 699.486 0.8924741128701899 1.0 -1.0 -1.0
8.0 99.0 Car -1.0 -1.0 -1.0 -1.0 -1.0 -1.0 -1.0 1.73 1.562 4.084 1285.391 0.0 782.331 -2.3363248472293985 1.0 -1.0 -1.0
8.0 0.0 Car -1.0 -1.0 -1.0 -1.0 -1.0 -1.0 -1.0 2.096 1.792 4.545 1294.27 0.943 794.38 -2.2697308796044413 1.0 -1.0 -1.0
8.0 1.0 Truck -1.0 -1.0 -1.0 -1.0 -1.0 -1.0 -1.0 2.091 1.996 5.677 1224.063 1.242 705.048 0.9099274053901332 1.0 -1.0 -1.0
9.0 99.0 Car -1.0 -1.0 -1.0 -1.0 -1.0 -1.0 -1.0 1.73 1.562 4.084 1283.41 0.0 780.265 -2.3255279146239096 1.0 -1.0 -1.0
9.0 0.0 Car -1.0 -1.0 -1.0 -1.0 -1.0 -1.0 -1.0 2.096 1.792 4.545 1292.583 1.017 792.443 -2.2697308796044413 1.0 -1.0 -1.0
9.0 1.0 Truck -1.0 -1.0 -1.0 -1.0 -1.0 -1.0 -1.0 2.091 1.996 5.677 1227.882 1.195 709.384 0.9118694191099245 1.0 -1.0 -1.0
10.0 99.0 Car -1.0 -1.0 -1.0 -1.0 -1.0 -1.0 -1.0 1.73 1.562 4.084 1281.297 0.0 778.018 -2.310878001328611 1.0 -1.0 -1.0
10.0 0.0 Car -1.0 -1.0 -1.0 -1.0 -1.0 -1.0 -1.0 2.096 1.792 4.545 1290.154 0.994 789.632 -2.2697308796044413 1.0 -1.0 -1.0
10.0 1.0 Truck -1.0 -1.0 -1.0 -1.0 -1.0 -1.0 -1.0 2.091 1.996 5.677 1232.541 1.136 714.887 0.8924741128701899 1.0 -1.0 -1.0
11.0 99.0 Car -1.0 -1.0 -1.0 -1.0 -1.0 -1.0 -1.0 1.73 1.562 4.084 1279.866 0.0 776.469 -2.298723745135836 1.0 -1.0 -1.0
11.0 0.0 Car -1.0 -1.0 -1.0 -1.0 -1.0 -1.0 -1.0 2.096 1.792 4.545 1287.834 1.043 786.835 -2.287184172124384 1.0 -1.0 -1.0
11.0 1.0 Truck -1.0 -1.0 -1.0 -1.0 -1.0 -1.0 -1.0 2.091 1.996 5.677 1237.234 1.108 720.65 0.8924741128701899 1.0 -1.0 -1.0
12.0 99.0 Car -1.0 -1.0 -1.0 -1.0 -1.0 -1.0 -1.0 1.73 1.562 4.084 1278.861 0.0 775.339 -2.288591356094376 1.0 -1.0 -1.0
12.0 0.0 Car -1.0 -1.0 -1.0 -1.0 -1.0 -1.0 -1.0 2.096 1.792 4.545 1285.888 0.988 784.542 -2.287184172124384 1.0 -1.0 -1.0
12.0 1.0 Truck -1.0 -1.0 -1.0 -1.0 -1.0 -1.0 -1.0 2.091 1.996 5.677 1241.805 1.13 726.114 0.8924560709468338 1.0 -1.0 -1.0
13.0 99.0 Car -1.0 -1.0 -1.0 -1.0 -1.0 -1.0 -1.0 1.73 1.562 4.084 1278.054 0.0 774.414 -2.2811681149683287 1.0 -1.0 -1.0
13.0 0.0 Car -1.0 -1.0 -1.0 -1.0 -1.0 -1.0 -1.0 2.096 1.792 4.545 1284.254 1.003 782.476 -2.2697308796044413 1.0 -1.0 -1.0
13.0 1.0 Truck -1.0 -1.0 -1.0 -1.0 -1.0 -1.0 -1.0 2.091 1.996 5.677 1246.244 1.052 731.487 0.8924741128701899 1.0 -1.0 -1.0
14.0 99.0 Car -1.0 -1.0 -1.0 -1.0 -1.0 -1.0 -1.0 1.73 1.562 4.084 1277.439 0.0 773.717 -2.2770887783565548 1.0 -1.0 -1.0
14.0 0.0 Car -1.0 -1.0 -1.0 -1.0 -1.0 -1.0 -1.0 2.096 1.792 4.545 1283.117 1.014 781.076 -2.2697308796044413 1.0 -1.0 -1.0
14.0 1.0 Truck -1.0 -1.0 -1.0 -1.0 -1.0 -1.0 -1.0 2.091 1.996 5.677 1250.343 1.033 736.401 0.8860615648100684 1.0 -1.0 -1.0
15.0 99.0 Car -1.0 -1.0 -1.0 -1.0 -1.0 -1.0 -1.0 1.73 1.562 4.084 1276.681 0.0 772.842 -2.2727835686832236 1.0 -1.0 -1.0
15.0 0.0 Car -1.0 -1.0 -1.0 -1.0 -1.0 -1.0 -1.0 2.096 1.792 4.545 1281.991 1.038 779.71 -2.287184172124384 1.0 -1.0 -1.0
15.0 1.0 Truck -1.0 -1.0 -1.0 -1.0 -1.0 -1.0 -1.0 2.091 1.996 5.677 1255.348 1.01 742.403 0.8782309266711572 1.0 -1.0 -1.0
16.0 99.0 Car -1.0 -1.0 -1.0 -1.0 -1.0 -1.0 -1.0 1.73 1.562 4.084 1275.846 0.0 771.873 -2.27107503198654 1.0 -1.0 -1.0
16.0 0.0 Car -1.0 -1.0 -1.0 -1.0 -1.0 -1.0 -1.0 2.096 1.792 4.545 1281.133 1.037 778.713 -2.287184172124384 1.0 -1.0 -1.0
16.0 1.0 Truck -1.0 -1.0 -1.0 -1.0 -1.0 -1.0 -1.0 2.091 1.996 5.677 1259.905 0.989 747.866 0.871101811454285 1.0 -1.0 -1.0
17.0 99.0 Car -1.0 -1.0 -1.0 -1.0 -1.0 -1.0 -1.0 1.73 1.562 4.084 1274.752 0.0 770.601 -2.274133427748417 1.0 -1.0 -1.0
17.0 0.0 Car -1.0 -1.0 -1.0 -1.0 -1.0 -1.0 -1.0 2.096 1.792 4.545 1280.275 1.035 777.717 -2.287184172124384 1.0 -1.0 -1.0
17.0 1.0 Truck -1.0 -1.0 -1.0 -1.0 -1.0 -1.0 -1.0 2.091 1.996 5.677 1264.457 0.932 753.324 0.8639801186297279 0.0 -1.0 -1.0
18.0 99.0 Car -1.0 -1.0 -1.0 -1.0 -1.0 -1.0 -1.0 1.73 1.562 4.084 1273.573 0.0 769.236 -2.281534153524155 1.0 -1.0 -1.0
18.0 0.0 Car -1.0 -1.0 -1.0 -1.0 -1.0 -1.0 -1.0 2.096 1.792 4.545 1279.424 1.034 776.73 -2.287184172124384 1.0 -1.0 -1.0
18.0 1.0 Truck -1.0 -1.0 -1.0 -1.0 -1.0 -1.0 -1.0 2.091 1.996 5.677 1268.556 0.935 758.239 0.8575675278303031 0.0 -1.0 -1.0
19.0 99.0 Car -1.0 -1.0 -1.0 -1.0 -1.0 -1.0 -1.0 1.73 1.562 4.084 1271.928 0.0 767.355 -2.291987249554851 1.0 -1.0 -1.0
19.0 0.0 Car -1.0 -1.0 -1.0 -1.0 -1.0 -1.0 -1.0 2.096 1.792 4.545 1278.414 1.033 775.538 -2.287184172124384 1.0 -1.0 -1.0
19.0 1.0 Truck -1.0 -1.0 -1.0 -1.0 -1.0 -1.0 -1.0 2.091 1.996 5.677 1272.994 1.024 763.58 0.8575675278303031 0.0 -1.0 -1.0
20.0 99.0 Car -1.0 -1.0 -1.0 -1.0 -1.0 -1.0 -1.0 1.73 1.562 4.084 1270.158 0.0 765.387 -2.3009109988321814 1.0 -1.0 -1.0
20.0 0.0 Car -1.0 -1.0 -1.0 -1.0 -1.0 -1.0 -1.0 2.096 1.792 4.545 1277.403 1.032 774.345 -2.287184172124384 1.0 -1.0 -1.0
20.0 1.0 Truck -1.0 -1.0 -1.0 -1.0 -1.0 -1.0 -1.0 2.091 1.996 5.677 1277.556 1.064 768.875 0.8575675278303031 0.0 -1.0 -1.0
21.0 99.0 Car -1.0 -1.0 -1.0 -1.0 -1.0 -1.0 -1.0 1.73 1.562 4.084 1268.374 0.0 763.417 -2.299269069266121 1.0 -1.0 -1.0
21.0 0.0 Car -1.0 -1.0 -1.0 -1.0 -1.0 -1.0 -1.0 2.096 1.792 4.545 1276.079 1.002 772.754 -2.287184172124384 1.0 -1.0 -1.0
21.0 1.0 Truck -1.0 -1.0 -1.0 -1.0 -1.0 -1.0 -1.0 2.091 1.996 5.677 1281.899 1.068 773.812 0.8575675278303031 0.0 -1.0 -1.0
22.0 99.0 Car -1.0 -1.0 -1.0 -1.0 -1.0 -1.0 -1.0 1.73 1.562 4.084 1266.951 0.0 761.833 -2.2952754941558897 1.0 -1.0 -1.0
22.0 0.0 Car -1.0 -1.0 -1.0 -1.0 -1.0 -1.0 -1.0 2.096 1.792 4.545 1274.885 1.011 771.326 -2.287184172124384 1.0 -1.0 -1.0
22.0 1.0 Truck -1.0 -1.0 -1.0 -1.0 -1.0 -1.0 -1.0 2.091 1.996 5.677 1285.378 1.07 777.766 0.8575675278303031 0.0 -1.0 -1.0
23.0 99.0 Car -1.0 -1.0 -1.0 -1.0 -1.0 -1.0 -1.0 1.73 1.562 4.084 1265.133 0.0 759.803 -2.2886090514794897 1.0 -1.0 -1.0
23.0 0.0 Car -1.0 -1.0 -1.0 -1.0 -1.0 -1.0 -1.0 2.096 1.792 4.545 1273.232 0.999 769.357 -2.287184172124384 1.0 -1.0 -1.0
23.0 1.0 Truck -1.0 -1.0 -1.0 -1.0 -1.0 -1.0 -1.0 2.091 1.996 5.677 1289.721 1.074 782.703 0.8575675278303031 0.0 -1.0 -1.0
24.0 99.0 Car -1.0 -1.0 -1.0 -1.0 -1.0 -1.0 -1.0 1.73 1.562 4.084 1263.432 0.0 757.862 -2.2729499740292645 1.0 -1.0 -1.0
24.0 0.0 Car -1.0 -1.0 -1.0 -1.0 -1.0 -1.0 -1.0 2.096 1.792 4.545 1271.579 0.988 767.389 -2.287184172124384 1.0 -1.0 -1.0
24.0 1.0 Truck -1.0 -1.0 -1.0 -1.0 -1.0 -1.0 -1.0 2.091 1.996 5.677 1294.108 1.099 787.642 0.8488408990280583 0.0 -1.0 -1.0
25.0 99.0 Car -1.0 -1.0 -1.0 -1.0 -1.0 -1.0 -1.0 1.73 1.562 4.084 1261.694 0.0 755.816 -2.2599200726195487 1.0 -1.0 -1.0
25.0 0.0 Car -1.0 -1.0 -1.0 -1.0 -1.0 -1.0 -1.0 2.096 1.792 4.545 1269.71 0.976 765.172 -2.287184172124384 1.0 -1.0 -1.0
25.0 1.0 Truck -1.0 -1.0 -1.0 -1.0 -1.0 -1.0 -1.0 2.091 1.996 5.677 1298.495 1.124 792.581 0.840113973444458 0.0 -1.0 -1.0
26.0 99.0 Car -1.0 -1.0 -1.0 -1.0 -1.0 -1.0 -1.0 1.73 1.562 4.084 1260.108 0.0 753.906 -2.2515112903761785 1.0 -1.0 -1.0
26.0 0.0 Car -1.0 -1.0 -1.0 -1.0 -1.0 -1.0 -1.0 2.096 1.792 4.545 1267.818 0.977 763.052 -2.287184172124384 1.0 -1.0 -1.0
26.0 1.0 Truck -1.0 -1.0 -1.0 -1.0 -1.0 -1.0 -1.0 2.091 1.996 5.677 1302.882 1.148 797.519 0.8313873271844865 0.0 -1.0 -1.0
27.0 99.0 Car -1.0 -1.0 -1.0 -1.0 -1.0 -1.0 -1.0 1.73 1.562 4.084 1258.629 0.0 752.115 -2.2565149363322217 1.0 -1.0 -1.0
27.0 0.0 Car -1.0 -1.0 -1.0 -1.0 -1.0 -1.0 -1.0 2.096 1.792 4.545 1266.075 0.977 760.921 -2.287184172124384 1.0 -1.0 -1.0
27.0 1.0 Truck -1.0 -1.0 -1.0 -1.0 -1.0 -1.0 -1.0 2.091 1.996 5.677 1307.269 1.173 802.458 0.8226609427904166 0.0 -1.0 -1.0
28.0 99.0 Car -1.0 -1.0 -1.0 -1.0 -1.0 -1.0 -1.0 1.73 1.562 4.084 1257.19 0.0 750.417 -2.2739187855286027 1.0 -1.0 -1.0
28.0 0.0 Car -1.0 -1.0 -1.0 -1.0 -1.0 -1.0 -1.0 2.096 1.792 4.545 1264.419 0.975 758.981 -2.287184172124384 0.0 -1.0 -1.0
28.0 1.0 Truck -1.0 -1.0 -1.0 -1.0 -1.0 -1.0 -1.0 2.091 1.996 5.677 1311.593 1.423 807.466 0.8139295157912008 0.0 -1.0 -1.0
29.0 99.0 Car -1.0 -1.0 -1.0 -1.0 -1.0 -1.0 -1.0 1.73 1.562 4.084 1255.624 0.0 748.629 -2.2926537728662457 1.0 -1.0 -1.0
29.0 0.0 Car -1.0 -1.0 -1.0 -1.0 -1.0 -1.0 -1.0 2.096 1.792 4.545 1262.976 0.972 757.286 -2.287184172124384 0.0 -1.0 -1.0
30.0 99.0 Car -1.0 -1.0 -1.0 -1.0 -1.0 -1.0 -1.0 1.73 1.562 4.084 1253.922 0.0 746.75 -2.3076577095172794 1.0 -1.0 -1.0
30.0 0.0 Car -1.0 -1.0 -1.0 -1.0 -1.0 -1.0 -1.0 2.096 1.792 4.545 1261.561 0.97 755.432 -2.287184172124384 0.0 -1.0 -1.0
31.0 99.0 Car -1.0 -1.0 -1.0 -1.0 -1.0 -1.0 -1.0 1.73 1.562 4.084 1252.184 0.0 744.884 -2.3100460219767784 1.0 -1.0 -1.0
31.0 0.0 Car -1.0 -1.0 -1.0 -1.0 -1.0 -1.0 -1.0 2.096 1.792 4.545 1260.093 0.979 753.934 -2.287184172124384 0.0 -1.0 -1.0
32.0 99.0 Car -1.0 -1.0 -1.0 -1.0 -1.0 -1.0 -1.0 1.73 1.562 4.084 1250.299 0.0 742.823 -2.2947709790450053 1.0 -1.0 -1.0
32.0 0.0 Car -1.0 -1.0 -1.0 -1.0 -1.0 -1.0 -1.0 2.096 1.792 4.545 1258.767 0.987 752.313 -2.287184172124384 0.0 -1.0 -1.0
33.0 99.0 Car -1.0 -1.0 -1.0 -1.0 -1.0 -1.0 -1.0 1.73 1.562 4.084 1248.289 0.0 740.503 -2.2575651811805604 1.0 -1.0 -1.0
33.0 0.0 Car -1.0 -1.0 -1.0 -1.0 -1.0 -1.0 -1.0 2.096 1.792 4.545 1257.172 0.996 750.527 -2.287184172124384 0.0 -1.0 -1.0
34.0 99.0 Car -1.0 -1.0 -1.0 -1.0 -1.0 -1.0 -1.0 1.73 1.562 4.084 1246.3 0.0 738.077 -2.241398168049292 1.0 -1.0 -1.0
34.0 0.0 Car -1.0 -1.0 -1.0 -1.0 -1.0 -1.0 -1.0 2.096 1.792 4.545 1255.381 1.005 748.567 -2.287184172124384 0.0 -1.0 -1.0
35.0 99.0 Car -1.0 -1.0 -1.0 -1.0 -1.0 -1.0 -1.0 1.73 1.562 4.084 1244.359 0.0 735.677 -2.2420512566889275 1.0 -1.0 -1.0
35.0 0.0 Car -1.0 -1.0 -1.0 -1.0 -1.0 -1.0 -1.0 2.096 1.792 4.545 1253.547 1.014 746.457 -2.287184172124384 0.0 -1.0 -1.0
36.0 99.0 Car -1.0 -1.0 -1.0 -1.0 -1.0 -1.0 -1.0 1.73 1.562 4.084 1242.37 0.0 733.264 -2.262894597231561 1.0 -1.0 -1.0
36.0 0.0 Car -1.0 -1.0 -1.0 -1.0 -1.0 -1.0 -1.0 2.096 1.792 4.545 1251.53 1.013 744.197 -2.287184172124384 0.0 -1.0 -1.0
37.0 99.0 Car -1.0 -1.0 -1.0 -1.0 -1.0 -1.0 -1.0 1.73 1.562 4.084 1240.254 0.0 730.829 -2.288224389682256 1.0 -1.0 -1.0
37.0 0.0 Car -1.0 -1.0 -1.0 -1.0 -1.0 -1.0 -1.0 2.096 1.792 4.545 1249.424 0.974 741.836 -2.287184172124384 0.0 -1.0 -1.0
38.0 99.0 Car -1.0 -1.0 -1.0 -1.0 -1.0 -1.0 -1.0 1.73 1.562 4.084 1238.084 0.0 728.453 -2.3083208221019853 1.0 -1.0 -1.0
38.0 0.0 Car -1.0 -1.0 -1.0 -1.0 -1.0 -1.0 -1.0 2.096 1.792 4.545 1247.149 1.01 739.28 -2.287184172124384 0.0 -1.0 -1.0
39.0 99.0 Car -1.0 -1.0 -1.0 -1.0 -1.0 -1.0 -1.0 1.73 1.562 4.084 1235.659 0.0 725.86 -2.3189957287698117 1.0 -1.0 -1.0
39.0 0.0 Car -1.0 -1.0 -1.0 -1.0 -1.0 -1.0 -1.0 2.096 1.792 4.545 1244.962 1.009 736.826 -2.287184172124384 0.0 -1.0 -1.0
