0.0 99.0 Car -1.0 -1.0 -1.0 -1.0 -1.0 -1.0 -1.0 1.73 1.562 4.084 1106.525 0.0 829.2 0.836327722428943 1.0 -1.0 -1.0
0.0 2.0 Car -1.0 -1.0 -1.0 -1.0 -1.0 -1.0 -1.0 2.12 1.894 4.87 1097.335 0.951 819.414 0.8345989952329421 0.0 -1.0 -1.0
0.0 4.0 Construction -1.0 -1.0 -1.0 -1.0 -1.0 -1.0 -1.0 2.553 2.495 7.475 1100.071 1.16 829.96 0.8322078936715893 0.0 -1.0 -1.0
1.0 99.0 Car -1.0 -1.0 -1.0 -1.0 -1.0 -1.0 -1.0 1.73 1.562 4.084 1108.072 0.0 830.907 0.8573882462314825 1.0 -1.0 -1.0
1.0 2.0 Car -1.0 -1.0 -1.0 -1.0 -1.0 -1.0 -1.0 2.12 1.894 4.87 1099.286 0.912 821.589 0.8345989952329421 1.0 -1.0 -1.0
1.0 4.0 Construction -1.0 -1.0 -1.0 -1.0 -1.0 -1.0 -1.0 2.553 2.495 7.475 1104.941 1.16 835.266 0.8496611861915326 1.0 -1.0 -1.0
2.0 99.0 Car -1.0 -1.0 -1.0 -1.0 -1.0 -1.0 -1.0 1.73 1.562 4.084 1109.361 0.0 832.408 0.8817438606855336 1.0 -1.0 -1.0
2.0 2.0 Car -1.0 -1.0 -1.0 -1.0 -1.0 -1.0 -1.0 2.12 1.894 4.87 1101.236 0.873 823.763 0.8345989952329421 1.0 -1.0 -1.0
2.0 4.0 Construction -1.0 -1.0 -1.0 -1.0 -1.0 -1.0 -1.0 2.553 2.495 7.475 1110.369 1.188 840.846 0.8302347281095754 1.0 -1.0 -1.0
3.0 99.0 Car -1.0 -1.0 -1.0 -1.0 -1.0 -1.0 -1.0 1.73 1.562 4.084 1110.238 0.0 833.49 0.9027398218774337 1.0 -1.0 -1.0
3.0 2.0 Car -1.0 -1.0 -1.0 -1.0 -1.0 -1.0 -1.0 2.12 1.894 4.87 1102.729 0.904 825.371 0.8423433051569789 1.0 -1.0 -1.0
3.0 4.0 Construction -1.0 -1.0 -1.0 -1.0 -1.0 -1.0 -1.0 2.553 2.495 7.475 1114.694 1.21 845.292 0.814754601151646 1.0 -1.0 -1.0
4.0 99.0 Car -1.0 -1.0 -1.0 -1.0 -1.0 -1.0 -1.0 1.73 1.562 4.084 1111.203 0.0 834.721 0.9223018486854437 1.0 -1.0 -1.0
4.0 2.0 Car -1.0 -1.0 -1.0 -1.0 -1.0 -1.0 -1.0 2.12 1.894 4.87 1104.601 0.942 827.387 0.8520522877528856 1.0 -1.0 -1.0
4.0 4.0 Construction -1.0 -1.0 -1.0 -1.0 -1.0 -1.0 -1.0 2.553 2.495 7.475 1120.109 1.21 851.007 0.814754601151646 1.0 -1.0 -1.0
5.0 99.0 Car -1.0 -1.0 -1.0 -1.0 -1.0 -1.0 -1.0 1.73 1.562 4.084 1112.087 0.0 835.877 0.9320246109780083 1.0 -1.0 -1.0
5.0 2.0 Car -1.0 -1.0 -1.0 -1.0 -1.0 -1.0 -1.0 2.12 1.894 4.87 1105.81 0.942 828.825 0.8520522877528856 1.0 -1.0 -1.0
5.0 4.0 Construction -1.0 -1.0 -1.0 -1.0 -1.0 -1.0 -1.0 2.553 2.495 7.475 1125.525 1.21 856.722 0.814754601151646 1.0 -1.0 -1.0
6.0 99.0 Car -1.0 -1.0 -1.0 -1.0 -1.0 -1.0 -1.0 1.73 1.562 4.084 1112.971 0.0 837.046 0.932836435832633 1.0 -1.0 -1.0
6.0 2.0 Car -1.0 -1.0 -1.0 -1.0 -1.0 -1.0 -1.0 2.12 1.894 4.87 1107.017 0.942 830.261 0.8520522877528856 1.0 -1.0 -1.0
6.0 4.0 Construction -1.0 -1.0 -1.0 -1.0 -1.0 -1.0 -1.0 2.553 2.495 7.475 1131.033 1.335 862.457 0.814754601151646 1.0 -1.0 -1.0
7.0 99.0 Car -1.0 -1.0 -1.0 -1.0 -1.0 -1.0 -1.0 1.73 1.562 4.084 1114.113 0.0 838.553 0.9286269238087123 1.0 -1.0 -1.0
7.0 2.0 Car -1.0 -1.0 -1.0 -1.0 -1.0 -1.0 -1.0 2.12 1.894 4.87 1108.205 0.992 831.675 0.8520522877528856 1.0 -1.0 -1.0
7.0 4.0 Construction -1.0 -1.0 -1.0 -1.0 -1.0 -1.0 -1.0 2.553 2.495 7.475 1136.554 1.46 868.206 0.814754601151646 1.0 -1.0 -1.0
8.0 99.0 Car -1.0 -1.0 -1.0 -1.0 -1.0 -1.0 -1.0 1.73 1.562 4.084 1115.494 0.0 840.372 0.9238691828888529 1.0 -1.0 -1.0
8.0 2.0 Car -1.0 -1.0 -1.0 -1.0 -1.0 -1.0 -1.0 2.12 1.894 4.87 1109.389 1.042 833.086 0.8520522877528856 1.0 -1.0 -1.0
8.0 4.0 Construction -1.0 -1.0 -1.0 -1.0 -1.0 -1.0 -1.0 2.553 2.495 7.475 1142.122 1.635 873.819 0.814754601151646 1.0 -1.0 -1.0
9.0 99.0 Car -1.0 -1.0 -1.0 -1.0 -1.0 -1.0 -1.0 1.73 1.562 4.084 1117.024 0.0 842.364 0.9190306581511198 1.0 -1.0 -1.0
9.0 2.0 Car -1.0 -1.0 -1.0 -1.0 -1.0 -1.0 -1.0 2.12 1.894 4.87 1110.589 1.042 834.489 0.8520522877528856 1.0 -1.0 -1.0
9.0 4.0 Construction -1.0 -1.0 -1.0 -1.0 -1.0 -1.0 -1.0 2.553 2.495 7.475 1147.703 1.81 879.445 0.814754601151646 1.0 -1.0 -1.0
9.0 3.0 Car -1.0 -1.0 -1.0 -1.0 -1.0 -1.0 -1.0 2.101 1.764 4.431 1072.656 1.093 793.704 0.8761727377101458 0.0 -1.0 -1.0
10.0 99.0 Car -1.0 -1.0 -1.0 -1.0 -1.0 -1.0 -1.0 1.73 1.562 4.084 1118.722 0.0 844.553 0.9144212495433448 1.0 -1.0 -1.0
10.0 2.0 Car -1.0 -1.0 -1.0 -1.0 -1.0 -1.0 -1.0 2.12 1.894 4.87 1111.789 1.042 835.892 0.8520522877528856 1.0 -1.0 -1.0
10.0 4.0 Construction -1.0 -1.0 -1.0 -1.0 -1.0 -1.0 -1.0 2.553 2.495 7.475 1153.164 1.935 885.058 0.814754601151646 1.0 -1.0 -1.0
10.0 5.0 Truck -1.0 -1.0 -1.0 -1.0 -1.0 -1.0 -1.0 2.73 3.351 8.222 1162.453 2.712 904.446 -2.2876728641907498 0.0 -1.0 -1.0
10.0 3.0 Car -1.0 -1.0 -1.0 -1.0 -1.0 -1.0 -1.0 2.101 1.764 4.431 1077.216 1.107 799.549 0.8761727377101458 1.0 -1.0 -1.0
11.0 99.0 Car -1.0 -1.0 -1.0 -1.0 -1.0 -1.0 -1.0 1.73 1.562 4.084 1120.637 0.0 847.008 0.9093579469463704 1.0 -1.0 -1.0
11.0 2.0 Car -1.0 -1.0 -1.0 -1.0 -1.0 -1.0 -1.0 2.12 1.894 4.87 1113.322 1.017 837.626 0.8520522877528856 1.0 -1.0 -1.0
11.0 4.0 Construction -1.0 -1.0 -1.0 -1.0 -1.0 -1.0 -1.0 2.553 2.495 7.475 1158.626 2.06 890.672 0.814754601151646 1.0 -1.0 -1.0
11.0 5.0 Truck -1.0 -1.0 -1.0 -1.0 -1.0 -1.0 -1.0 2.73 3.351 8.222 1159.161 2.562 900.645 -2.2876728641907498 1.0 -1.0 -1.0
11.0 3.0 Car -1.0 -1.0 -1.0 -1.0 -1.0 -1.0 -1.0 2.101 1.764 4.431 1081.777 1.12 805.394 0.8761727377101458 1.0 -1.0 -1.0
12.0 99.0 Car -1.0 -1.0 -1.0 -1.0 -1.0 -1.0 -1.0 1.73 1.562 4.084 1122.726 0.0 849.656 0.9038622464786686 1.0 -1.0 -1.0
12.0 2.0 Car -1.0 -1.0 -1.0 -1.0 -1.0 -1.0 -1.0 2.12 1.894 4.87 1114.854 0.992 839.357 0.8520522877528856 1.0 -1.0 -1.0
12.0 4.0 Construction -1.0 -1.0 -1.0 -1.0 -1.0 -1.0 -1.0 2.553 2.495 7.475 1164.112 2.21 896.389 0.8321971633625793 1.0 -1.0 -1.0
12.0 5.0 Truck -1.0 -1.0 -1.0 -1.0 -1.0 -1.0 -1.0 2.73 3.351 8.222 1155.872 2.412 896.849 -2.2876728641907498 1.0 -1.0 -1.0
12.0 3.0 Car -1.0 -1.0 -1.0 -1.0 -1.0 -1.0 -1.0 2.101 1.764 4.431 1086.32 1.134 811.243 0.8761727377101458 1.0 -1.0 -1.0
13.0 99.0 Car -1.0 -1.0 -1.0 -1.0 -1.0 -1.0 -1.0 1.73 1.562 4.084 1124.979 0.0 852.451 0.8971112576483343 1.0 -1.0 -1.0
13.0 2.0 Car -1.0 -1.0 -1.0 -1.0 -1.0 -1.0 -1.0 2.12 1.894 4.87 1116.647 0.967 841.488 0.8607747337337562 1.0 -1.0 -1.0
13.0 4.0 Construction -1.0 -1.0 -1.0 -1.0 -1.0 -1.0 -1.0 2.553 2.495 7.475 1169.605 2.36 902.114 0.8496611861915326 1.0 -1.0 -1.0
13.0 5.0 Truck -1.0 -1.0 -1.0 -1.0 -1.0 -1.0 -1.0 2.73 3.351 8.222 1152.579 2.262 893.048 -2.2876728641907498 0.0 -1.0 -1.0
13.0 3.0 Car -1.0 -1.0 -1.0 -1.0 -1.0 -1.0 -1.0 2.101 1.764 4.431 1091.061 1.097 816.899 0.8716966146586351 1.0 -1.0 -1.0
14.0 99.0 Car -1.0 -1.0 -1.0 -1.0 -1.0 -1.0 -1.0 1.73 1.562 4.084 1127.176 0.0 855.139 0.8899275613684039 1.0 -1.0 -1.0
14.0 2.0 Car -1.0 -1.0 -1.0 -1.0 -1.0 -1.0 -1.0 2.12 1.894 4.87 1118.441 0.942 843.622 0.8695055802728289 1.0 -1.0 -1.0
14.0 4.0 Construction -1.0 -1.0 -1.0 -1.0 -1.0 -1.0 -1.0 2.553 2.495 7.475 1175.047 2.473 907.86 0.8409299996190311 1.0 -1.0 -1.0
14.0 5.0 Truck -1.0 -1.0 -1.0 -1.0 -1.0 -1.0 -1.0 2.73 3.351 8.222 1149.171 2.037 889.189 -2.2964040507632513 0.0 -1.0 -1.0
14.0 3.0 Car -1.0 -1.0 -1.0 -1.0 -1.0 -1.0 -1.0 2.101 1.764 4.431 1095.806 1.06 822.56 0.8672161806681635 1.0 -1.0 -1.0
15.0 99.0 Car -1.0 -1.0 -1.0 -1.0 -1.0 -1.0 -1.0 1.73 1.562 4.084 1129.287 0.0 857.664 0.8729046470073911 1.0 -1.0 -1.0
15.0 2.0 Car -1.0 -1.0 -1.0 -1.0 -1.0 -1.0 -1.0 2.12 1.894 4.87 1120.482 0.917 846.074 0.8695055802728289 1.0 -1.0 -1.0
15.0 4.0 Construction -1.0 -1.0 -1.0 -1.0 -1.0 -1.0 -1.0 2.553 2.495 7.475 1180.484 2.586 913.599 0.8322078936715893 0.0 -1.0 -1.0
15.0 5.0 Truck -1.0 -1.0 -1.0 -1.0 -1.0 -1.0 -1.0 2.73 3.351 8.222 1145.768 1.812 885.334 -2.3051261567106933 0.0 -1.0 -1.0
15.0 3.0 Car -1.0 -1.0 -1.0 -1.0 -1.0 -1.0 -1.0 2.101 1.764 4.431 1100.547 1.024 828.216 0.8627404064270665 1.0 -1.0 -1.0
16.0 99.0 Car -1.0 -1.0 -1.0 -1.0 -1.0 -1.0 -1.0 1.73 1.562 4.084 1131.235 0.0 859.934 0.85745200774995 1.0 -1.0 -1.0
16.0 2.0 Car -1.0 -1.0 -1.0 -1.0 -1.0 -1.0 -1.0 2.12 1.894 4.87 1122.315 0.894 848.277 0.8695055802728289 1.0 -1.0 -1.0
16.0 4.0 Construction -1.0 -1.0 -1.0 -1.0 -1.0 -1.0 -1.0 2.553 2.495 7.475 1184.893 2.724 918.233 0.8322078936715893 0.0 -1.0 -1.0
16.0 5.0 Truck -1.0 -1.0 -1.0 -1.0 -1.0 -1.0 -1.0 2.73 3.351 8.222 1142.589 1.662 881.775 -2.3225794492306364 0.0 -1.0 -1.0
16.0 3.0 Car -1.0 -1.0 -1.0 -1.0 -1.0 -1.0 -1.0 2.101 1.764 4.431 1104.805 0.991 833.297 0.8587194451902025 1.0 -1.0 -1.0
16.0 0.0 Car -1.0 -1.0 -1.0 -1.0 -1.0 -1.0 -1.0 1.864 2.0 4.979 1169.78 2.097 914.292 -2.2832920872702815 0.0 -1.0 -1.0
17.0 99.0 Car -1.0 -1.0 -1.0 -1.0 -1.0 -1.0 -1.0 1.73 1.562 4.084 1133.501 0.0 862.492 0.8446462555910665 1.0 -1.0 -1.0
17.0 2.0 Car -1.0 -1.0 -1.0 -1.0 -1.0 -1.0 -1.0 2.12 1.894 4.87 1124.304 0.869 850.72 0.8782269513866917 1.0 -1.0 -1.0
17.0 4.0 Construction -1.0 -1.0 -1.0 -1.0 -1.0 -1.0 -1.0 2.553 2.495 7.475 1189.79 2.878 923.38 0.8322078936715893 0.0 -1.0 -1.0
17.0 5.0 Truck -1.0 -1.0 -1.0 -1.0 -1.0 -1.0 -1.0 2.73 3.351 8.222 1139.059 1.712 877.822 -2.3051261567106933 0.0 -1.0 -1.0
17.0 3.0 Car -1.0 -1.0 -1.0 -1.0 -1.0 -1.0 -1.0 2.101 1.764 4.431 1109.612 0.916 838.873 0.8587194451902025 1.0 -1.0 -1.0
17.0 0.0 Car -1.0 -1.0 -1.0 -1.0 -1.0 -1.0 -1.0 1.864 2.0 4.979 1166.637 1.955 910.603 -2.2832920872702815 1.0 -1.0 -1.0
18.0 99.0 Car -1.0 -1.0 -1.0 -1.0 -1.0 -1.0 -1.0 1.73 1.562 4.084 1135.798 0.0 865.028 0.8353402137928831 1.0 -1.0 -1.0
18.0 2.0 Car -1.0 -1.0 -1.0 -1.0 -1.0 -1.0 -1.0 2.12 1.894 4.87 1126.296 0.844 853.166 0.8869588727927722 1.0 -1.0 -1.0
18.0 4.0 Construction -1.0 -1.0 -1.0 -1.0 -1.0 -1.0 -1.0 2.553 2.495 7.475 1194.257 2.814 928.131 0.8322078936715893 0.0 -1.0 -1.0
18.0 5.0 Truck -1.0 -1.0 -1.0 -1.0 -1.0 -1.0 -1.0 2.73 3.351 8.222 1135.404 1.712 873.732 -2.3051261567106933 0.0 -1.0 -1.0
18.0 3.0 Car -1.0 -1.0 -1.0 -1.0 -1.0 -1.0 -1.0 2.101 1.764 4.431 1114.385 0.841 844.411 0.8587194451902025 1.0 -1.0 -1.0
18.0 0.0 Car -1.0 -1.0 -1.0 -1.0 -1.0 -1.0 -1.0 1.864 2.0 4.979 1163.49 1.814 906.91 -2.2832920872702815 1.0 -1.0 -1.0
19.0 99.0 Car -1.0 -1.0 -1.0 -1.0 -1.0 -1.0 -1.0 1.73 1.562 4.084 1138.15 0.0 867.579 0.8292584300381806 1.0 -1.0 -1.0
19.0 2.0 Car -1.0 -1.0 -1.0 -1.0 -1.0 -1.0 -1.0 2.12 1.894 4.87 1128.344 0.819 855.656 0.8782324096376484 1.0 -1.0 -1.0
19.0 4.0 Construction -1.0 -1.0 -1.0 -1.0 -1.0 -1.0 -1.0 2.553 2.495 7.475 1198.217 2.862 932.687 0.8409439321697806 0.0 -1.0 -1.0
19.0 5.0 Truck -1.0 -1.0 -1.0 -1.0 -1.0 -1.0 -1.0 2.73 3.351 8.222 1131.746 1.712 869.638 -2.3051261567106933 0.0 -1.0 -1.0
19.0 3.0 Car -1.0 -1.0 -1.0 -1.0 -1.0 -1.0 -1.0 2.101 1.764 4.431 1119.162 0.766 849.954 0.8587194451902025 1.0 -1.0 -1.0
19.0 0.0 Car -1.0 -1.0 -1.0 -1.0 -1.0 -1.0 -1.0 1.864 2.0 4.979 1160.261 1.622 903.122 -2.2832920872702815 1.0 -1.0 -1.0
20.0 99.0 Car -1.0 -1.0 -1.0 -1.0 -1.0 -1.0 -1.0 1.73 1.562 4.084 1140.4 0.0 870.009 0.8225237265601179 1.0 -1.0 -1.0
20.0 2.0 Car -1.0 -1.0 -1.0 -1.0 -1.0 -1.0 -1.0 2.12 1.894 4.87 1130.393 0.794 858.146 0.8695055802728289 1.0 -1.0 -1.0
20.0 4.0 Construction -1.0 -1.0 -1.0 -1.0 -1.0 -1.0 -1.0 2.553 2.495 7.475 1202.176 2.91 937.244 0.8496803372795012 0.0 -1.0 -1.0
20.0 5.0 Truck -1.0 -1.0 -1.0 -1.0 -1.0 -1.0 -1.0 2.73 3.351 8.222 1128.05 1.712 865.501 -2.3051261567106933 0.0 -1.0 -1.0
20.0 3.0 Car -1.0 -1.0 -1.0 -1.0 -1.0 -1.0 -1.0 2.101 1.764 4.431 1123.97 0.791 855.532 0.8587194451902025 1.0 -1.0 -1.0
20.0 0.0 Car -1.0 -1.0 -1.0 -1.0 -1.0 -1.0 -1.0 1.864 2.0 4.979 1157.033 1.43 899.333 -2.2832920872702815 1.0 -1.0 -1.0
20.0 1.0 Car -1.0 -1.0 -1.0 -1.0 -1.0 -1.0 -1.0 2.025 2.066 5.591 1201.558 3.027 951.898 -2.2611613127716215 0.0 -1.0 -1.0
21.0 99.0 Car -1.0 -1.0 -1.0 -1.0 -1.0 -1.0 -1.0 1.73 1.562 4.084 1142.535 0.0 872.286 0.8203666697926961 1.0 -1.0 -1.0
21.0 2.0 Car -1.0 -1.0 -1.0 -1.0 -1.0 -1.0 -1.0 2.12 1.894 4.87 1132.681 0.795 860.693 0.8520526198133932 1.0 -1.0 -1.0
21.0 4.0 Construction -1.0 -1.0 -1.0 -1.0 -1.0 -1.0 -1.0 2.553 2.495 7.475 1206.128 2.959 941.791 0.858397242147416 0.0 -1.0 -1.0
21.0 5.0 Truck -1.0 -1.0 -1.0 -1.0 -1.0 -1.0 -1.0 2.73 3.351 8.222 1124.362 1.712 861.374 -2.3051261567106933 0.0 -1.0 -1.0
21.0 3.0 Car -1.0 -1.0 -1.0 -1.0 -1.0 -1.0 -1.0 2.101 1.764 4.431 1128.767 0.816 861.097 0.8587194451902025 1.0 -1.0 -1.0
21.0 0.0 Car -1.0 -1.0 -1.0 -1.0 -1.0 -1.0 -1.0 1.864 2.0 4.979 1153.811 1.238 895.554 -2.2832920872702815 1.0 -1.0 -1.0
21.0 1.0 Car -1.0 -1.0 -1.0 -1.0 -1.0 -1.0 -1.0 2.025 2.066 5.591 1197.865 2.842 947.518 -2.2611613127716215 1.0 -1.0 -1.0
22.0 99.0 Car -1.0 -1.0 -1.0 -1.0 -1.0 -1.0 -1.0 1.73 1.562 4.084 1144.485 0.0 874.332 0.8178646200838844 1.0 -1.0 -1.0
22.0 2.0 Car -1.0 -1.0 -1.0 -1.0 -1.0 -1.0 -1.0 2.12 1.894 4.87 1134.969 0.795 863.239 0.8345989952329421 1.0 -1.0 -1.0
22.0 4.0 Construction -1.0 -1.0 -1.0 -1.0 -1.0 -1.0 -1.0 2.553 2.495 7.475 1210.079 3.007 946.338 0.867114478711476 0.0 -1.0 -1.0
22.0 5.0 Truck -1.0 -1.0 -1.0 -1.0 -1.0 -1.0 -1.0 2.73 3.351 8.222 1120.636 1.712 857.204 -2.2876728641907498 0.0 -1.0 -1.0
22.0 3.0 Car -1.0 -1.0 -1.0 -1.0 -1.0 -1.0 -1.0 2.101 1.764 4.431 1133.635 0.816 866.722 0.8587194451902025 1.0 -1.0 -1.0
22.0 0.0 Car -1.0 -1.0 -1.0 -1.0 -1.0 -1.0 -1.0 1.864 2.0 4.979 1150.483 1.113 891.731 -2.2832920872702815 0.0 -1.0 -1.0
22.0 1.0 Car -1.0 -1.0 -1.0 -1.0 -1.0 -1.0 -1.0 2.025 2.066 5.591 1194.173 2.656 943.138 -2.2611613127716215 1.0 -1.0 -1.0
23.0 99.0 Car -1.0 -1.0 -1.0 -1.0 -1.0 -1.0 -1.0 1.73 1.562 4.084 1146.388 0.0 876.329 0.8157785653855206 1.0 -1.0 -1.0
23.0 2.0 Car -1.0 -1.0 -1.0 -1.0 -1.0 -1.0 -1.0 2.12 1.894 4.87 1137.237 0.795 865.764 0.8345989952329421 1.0 -1.0 -1.0
23.0 4.0 Construction -1.0 -1.0 -1.0 -1.0 -1.0 -1.0 -1.0 2.553 2.495 7.475 1213.739 3.118 950.702 0.8583778967321927 0.0 -1.0 -1.0
23.0 5.0 Truck -1.0 -1.0 -1.0 -1.0 -1.0 -1.0 -1.0 2.73 3.351 8.222 1116.925 1.712 853.051 -2.2876728641907498 0.0 -1.0 -1.0
23.0 3.0 Car -1.0 -1.0 -1.0 -1.0 -1.0 -1.0 -1.0 2.101 1.764 4.431 1138.509 0.816 872.353 0.8587194451902025 1.0 -1.0 -1.0
23.0 0.0 Car -1.0 -1.0 -1.0 -1.0 -1.0 -1.0 -1.0 1.864 2.0 4.979 1147.15 0.988 887.904 -2.2832920872702815 0.0 -1.0 -1.0
23.0 1.0 Car -1.0 -1.0 -1.0 -1.0 -1.0 -1.0 -1.0 2.025 2.066 5.591 1190.476 2.47 938.753 -2.2611613127716215 1.0 -1.0 -1.0
24.0 99.0 Car -1.0 -1.0 -1.0 -1.0 -1.0 -1.0 -1.0 1.73 1.562 4.084 1148.385 0.0 878.419 0.8140384255461998 1.0 -1.0 -1.0
24.0 2.0 Car -1.0 -1.0 -1.0 -1.0 -1.0 -1.0 -1.0 2.12 1.894 4.87 1139.5 0.795 868.283 0.8345989952329421 1.0 -1.0 -1.0
24.0 4.0 Construction -1.0 -1.0 -1.0 -1.0 -1.0 -1.0 -1.0 2.553 2.495 7.475 1217.391 3.228 955.055 0.8496611861915326 0.0 -1.0 -1.0
24.0 5.0 Truck -1.0 -1.0 -1.0 -1.0 -1.0 -1.0 -1.0 2.73 3.351 8.222 1113.223 1.712 848.908 -2.2876728641907498 0.0 -1.0 -1.0
24.0 3.0 Car -1.0 -1.0 -1.0 -1.0 -1.0 -1.0 -1.0 2.101 1.764 4.431 1143.381 0.816 877.843 0.8500074629791574 1.0 -1.0 -1.0
24.0 0.0 Car -1.0 -1.0 -1.0 -1.0 -1.0 -1.0 -1.0 1.864 2.0 4.979 1143.492 0.988 883.765 -2.3007453797902255 0.0 -1.0 -1.0
24.0 1.0 Car -1.0 -1.0 -1.0 -1.0 -1.0 -1.0 -1.0 2.025 2.066 5.591 1186.804 2.284 934.397 -2.2611613127716215 1.0 -1.0 -1.0
25.0 99.0 Car -1.0 -1.0 -1.0 -1.0 -1.0 -1.0 -1.0 1.73 1.562 4.084 1150.461 0.0 880.581 0.8108842053048647 1.0 -1.0 -1.0
25.0 2.0 Car -1.0 -1.0 -1.0 -1.0 -1.0 -1.0 -1.0 2.12 1.894 4.87 1141.795 0.795 870.811 0.8345989952329421 1.0 -1.0 -1.0
25.0 4.0 Construction -1.0 -1.0 -1.0 -1.0 -1.0 -1.0 -1.0 2.553 2.495 7.475 1221.066 3.314 959.077 0.8583877714178966 0.0 -1.0 -1.0
25.0 3.0 Car -1.0 -1.0 -1.0 -1.0 -1.0 -1.0 -1.0 2.101 1.764 4.431 1148.269 0.816 883.351 0.8412661526702591 1.0 -1.0 -1.0
25.0 0.0 Car -1.0 -1.0 -1.0 -1.0 -1.0 -1.0 -1.0 1.864 2.0 4.979 1140.071 0.988 879.941 -2.3007453797902255 0.0 -1.0 -1.0
25.0 1.0 Car -1.0 -1.0 -1.0 -1.0 -1.0 -1.0 -1.0 2.025 2.066 5.591 1183.119 2.098 930.027 -2.2611613127716215 1.0 -1.0 -1.0
26.0 99.0 Car -1.0 -1.0 -1.0 -1.0 -1.0 -1.0 -1.0 1.73 1.562 4.084 1152.564 0.0 882.764 0.8155518809279961 1.0 -1.0 -1.0
26.0 2.0 Car -1.0 -1.0 -1.0 -1.0 -1.0 -1.0 -1.0 2.12 1.894 4.87 1144.089 0.795 873.34 0.8345989952329421 1.0 -1.0 -1.0
26.0 4.0 Construction -1.0 -1.0 -1.0 -1.0 -1.0 -1.0 -1.0 2.553 2.495 7.475 1224.741 3.4 963.1 0.867114478711476 0.0 -1.0 -1.0
26.0 3.0 Car -1.0 -1.0 -1.0 -1.0 -1.0 -1.0 -1.0 2.101 1.764 4.431 1153.131 0.911 888.785 0.8412661526702591 1.0 -1.0 -1.0
26.0 0.0 Car -1.0 -1.0 -1.0 -1.0 -1.0 -1.0 -1.0 1.864 2.0 4.979 1136.529 0.893 875.984 -2.3007453797902255 0.0 -1.0 -1.0
26.0 1.0 Car -1.0 -1.0 -1.0 -1.0 -1.0 -1.0 -1.0 2.025 2.066 5.591 1179.324 1.912 925.523 -2.2611613127716215 0.0 -1.0 -1.0
27.0 99.0 Car -1.0 -1.0 -1.0 -1.0 -1.0 -1.0 -1.0 1.73 1.562 4.084 1154.899 0.0 885.237 0.8272820037768418 1.0 -1.0 -1.0
27.0 2.0 Car -1.0 -1.0 -1.0 -1.0 -1.0 -1.0 -1.0 2.12 1.894 4.87 1146.449 0.795 875.888 0.8345989952329421 1.0 -1.0 -1.0
27.0 3.0 Car -1.0 -1.0 -1.0 -1.0 -1.0 -1.0 -1.0 2.101 1.764 4.431 1158.476 1.016 894.76 0.8412661526702591 1.0 -1.0 -1.0
27.0 0.0 Car -1.0 -1.0 -1.0 -1.0 -1.0 -1.0 -1.0 1.864 2.0 4.979 1132.636 0.788 871.633 -2.3007453797902255 0.0 -1.0 -1.0
27.0 1.0 Car -1.0 -1.0 -1.0 -1.0 -1.0 -1.0 -1.0 2.025 2.066 5.591 1175.179 1.721 920.604 -2.2611613127716215 0.0 -1.0 -1.0
28.0 99.0 Car -1.0 -1.0 -1.0 -1.0 -1.0 -1.0 -1.0 1.73 1.562 4.084 1157.143 0.0 887.648 0.8374247879127494 1.0 -1.0 -1.0
28.0 2.0 Car -1.0 -1.0 -1.0 -1.0 -1.0 -1.0 -1.0 2.12 1.894 4.87 1148.593 0.795 878.203 0.8345989952329421 0.0 -1.0 -1.0
28.0 3.0 Car -1.0 -1.0 -1.0 -1.0 -1.0 -1.0 -1.0 2.101 1.764 4.431 1163.557 1.111 900.232 0.8238128601503159 0.0 -1.0 -1.0
28.0 0.0 Car -1.0 -1.0 -1.0 -1.0 -1.0 -1.0 -1.0 1.864 2.0 4.979 1129.03 0.693 867.603 -2.3007453797902255 0.0 -1.0 -1.0
28.0 1.0 Car -1.0 -1.0 -1.0 -1.0 -1.0 -1.0 -1.0 2.025 2.066 5.591 1171.413 1.547 916.135 -2.2611613127716215 0.0 -1.0 -1.0
29.0 99.0 Car -1.0 -1.0 -1.0 -1.0 -1.0 -1.0 -1.0 1.73 1.562 4.084 1159.435 0.0 890.195 0.8553042865423996 1.0 -1.0 -1.0
29.0 2.0 Car -1.0 -1.0 -1.0 -1.0 -1.0 -1.0 -1.0 2.12 1.894 4.87 1150.905 0.795 880.705 0.8345989952329421 0.0 -1.0 -1.0
29.0 3.0 Car -1.0 -1.0 -1.0 -1.0 -1.0 -1.0 -1.0 2.101 1.764 4.431 1168.637 1.206 905.703 0.8063595676303724 0.0 -1.0 -1.0
29.0 0.0 Car -1.0 -1.0 -1.0 -1.0 -1.0 -1.0 -1.0 1.864 2.0 4.979 1125.424 0.598 863.573 -2.3007453797902255 0.0 -1.0 -1.0
29.0 1.0 Car -1.0 -1.0 -1.0 -1.0 -1.0 -1.0 -1.0 2.025 2.066 5.591 1167.647 1.373 911.666 -2.2611613127716215 0.0 -1.0 -1.0
30.0 99.0 Car -1.0 -1.0 -1.0 -1.0 -1.0 -1.0 -1.0 1.73 1.562 4.084 1161.675 0.0 892.762 0.8702445281158538 1.0 -1.0 -1.0
30.0 2.0 Car -1.0 -1.0 -1.0 -1.0 -1.0 -1.0 -1.0 2.12 1.894 4.87 1153.22 0.795 883.209 0.8345989952329421 0.0 -1.0 -1.0
30.0 3.0 Car -1.0 -1.0 -1.0 -1.0 -1.0 -1.0 -1.0 2.101 1.764 4.431 1173.659 1.302 911.115 0.8063595676303724 0.0 -1.0 -1.0
30.0 0.0 Car -1.0 -1.0 -1.0 -1.0 -1.0 -1.0 -1.0 1.864 2.0 4.979 1120.485 0.528 858.222 -2.2745518055846365 0.0 -1.0 -1.0
30.0 1.0 Car -1.0 -1.0 -1.0 -1.0 -1.0 -1.0 -1.0 2.025 2.066 5.591 1163.876 1.199 907.192 -2.2611613127716215 0.0 -1.0 -1.0
31.0 99.0 Car -1.0 -1.0 -1.0 -1.0 -1.0 -1.0 -1.0 1.73 1.562 4.084 1163.821 0.0 895.293 0.8792163438456093 1.0 -1.0 -1.0
31.0 2.0 Car -1.0 -1.0 -1.0 -1.0 -1.0 -1.0 -1.0 2.12 1.894 4.87 1155.634 0.795 885.822 0.8345989952329421 0.0 -1.0 -1.0
31.0 3.0 Car -1.0 -1.0 -1.0 -1.0 -1.0 -1.0 -1.0 2.101 1.764 4.431 1178.677 1.397 916.52 0.8063595676303724 0.0 -1.0 -1.0
31.0 0.0 Car -1.0 -1.0 -1.0 -1.0 -1.0 -1.0 -1.0 1.864 2.0 4.979 1115.693 0.458 852.749 -2.2483855022303953 0.0 -1.0 -1.0
31.0 1.0 Car -1.0 -1.0 -1.0 -1.0 -1.0 -1.0 -1.0 2.025 2.066 5.591 1160.194 1.074 902.823 -2.2611613127716215 0.0 -1.0 -1.0
32.0 99.0 Car -1.0 -1.0 -1.0 -1.0 -1.0 -1.0 -1.0 1.73 1.562 4.084 1165.977 0.0 897.852 0.8758171700834135 1.0 -1.0 -1.0
32.0 2.0 Car -1.0 -1.0 -1.0 -1.0 -1.0 -1.0 -1.0 2.12 1.894 4.87 1158.048 0.795 888.435 0.8345989952329421 0.0 -1.0 -1.0
32.0 3.0 Car -1.0 -1.0 -1.0 -1.0 -1.0 -1.0 -1.0 2.101 1.764 4.431 1183.481 1.492 921.749 0.8150858647316176 0.0 -1.0 -1.0
32.0 0.0 Car -1.0 -1.0 -1.0 -1.0 -1.0 -1.0 -1.0 1.864 2.0 4.979 1112.501 0.512 848.848 -2.260020464168889 0.0 -1.0 -1.0
32.0 1.0 Car -1.0 -1.0 -1.0 -1.0 -1.0 -1.0 -1.0 2.025 2.066 5.591 1156.511 0.949 898.456 -2.2611613127716215 0.0 -1.0 -1.0
33.0 99.0 Car -1.0 -1.0 -1.0 -1.0 -1.0 -1.0 -1.0 1.73 1.562 4.084 1168.28 0.0 900.539 0.8634228422427019 1.0 -1.0 -1.0
33.0 2.0 Car -1.0 -1.0 -1.0 -1.0 -1.0 -1.0 -1.0 2.12 1.894 4.87 1160.461 0.795 891.072 0.8345989952329421 0.0 -1.0 -1.0
33.0 3.0 Car -1.0 -1.0 -1.0 -1.0 -1.0 -1.0 -1.0 2.101 1.764 4.431 1188.286 1.587 926.977 0.8238128601503159 0.0 -1.0 -1.0
33.0 0.0 Car -1.0 -1.0 -1.0 -1.0 -1.0 -1.0 -1.0 1.864 2.0 4.979 1109.308 0.567 844.946 -2.2716563571892485 0.0 -1.0 -1.0
33.0 1.0 Car -1.0 -1.0 -1.0 -1.0 -1.0 -1.0 -1.0 2.025 2.066 5.591 1152.951 0.899 894.236 -2.2611613127716215 0.0 -1.0 -1.0
34.0 99.0 Car -1.0 -1.0 -1.0 -1.0 -1.0 -1.0 -1.0 1.73 1.562 4.084 1170.633 0.0 903.227 0.849731483318976 1.0 -1.0 -1.0
34.0 2.0 Car -1.0 -1.0 -1.0 -1.0 -1.0 -1.0 -1.0 2.12 1.894 4.87 1162.874 0.795 893.709 0.8345989952329421 0.0 -1.0 -1.0
34.0 3.0 Car -1.0 -1.0 -1.0 -1.0 -1.0 -1.0 -1.0 2.101 1.764 4.431 1192.937 1.632 932.308 0.8238128601503159 0.0 -1.0 -1.0
34.0 1.0 Car -1.0 -1.0 -1.0 -1.0 -1.0 -1.0 -1.0 2.025 2.066 5.591 1149.391 0.849 890.016 -2.2611613127716215 0.0 -1.0 -1.0
35.0 99.0 Car -1.0 -1.0 -1.0 -1.0 -1.0 -1.0 -1.0 1.73 1.562 4.084 1173.025 0.0 905.87 0.8345037934249773 1.0 -1.0 -1.0
35.0 2.0 Car -1.0 -1.0 -1.0 -1.0 -1.0 -1.0 -1.0 2.12 1.894 4.87 1165.214 0.795 896.265 0.8345989952329421 0.0 -1.0 -1.0
35.0 3.0 Car -1.0 -1.0 -1.0 -1.0 -1.0 -1.0 -1.0 2.101 1.764 4.431 1197.41 1.678 937.449 0.8238128601503159 0.0 -1.0 -1.0
35.0 1.0 Car -1.0 -1.0 -1.0 -1.0 -1.0 -1.0 -1.0 2.025 2.066 5.591 1145.71 0.799 885.681 -2.2611613127716215 0.0 -1.0 -1.0
36.0 99.0 Car -1.0 -1.0 -1.0 -1.0 -1.0 -1.0 -1.0 1.73 1.562 4.084 1175.424 0.0 908.444 0.8226190707597263 1.0 -1.0 -1.0
36.0 2.0 Car -1.0 -1.0 -1.0 -1.0 -1.0 -1.0 -1.0 2.12 1.894 4.87 1167.548 0.795 898.815 0.8345989952329421 0.0 -1.0 -1.0
36.0 3.0 Car -1.0 -1.0 -1.0 -1.0 -1.0 -1.0 -1.0 2.101 1.764 4.431 1201.874 1.723 942.578 0.8238128601503159 0.0 -1.0 -1.0
36.0 1.0 Car -1.0 -1.0 -1.0 -1.0 -1.0 -1.0 -1.0 2.025 2.066 5.591 1142.038 0.749 881.355 -2.2611613127716215 0.0 -1.0 -1.0
37.0 99.0 Car -1.0 -1.0 -1.0 -1.0 -1.0 -1.0 -1.0 1.73 1.562 4.084 1177.883 0.0 911.041 0.8165115480005372 1.0 -1.0 -1.0
37.0 2.0 Car -1.0 -1.0 -1.0 -1.0 -1.0 -1.0 -1.0 2.12 1.894 4.87 1169.981 0.795 901.524 0.8345989952329421 0.0 -1.0 -1.0
37.0 3.0 Car -1.0 -1.0 -1.0 -1.0 -1.0 -1.0 -1.0 2.101 1.764 4.431 1206.133 1.768 947.419 0.8325392794657414 0.0 -1.0 -1.0
37.0 1.0 Car -1.0 -1.0 -1.0 -1.0 -1.0 -1.0 -1.0 2.025 2.066 5.591 1138.335 0.724 877.053 -2.2611613127716215 0.0 -1.0 -1.0
38.0 99.0 Car -1.0 -1.0 -1.0 -1.0 -1.0 -1.0 -1.0 1.73 1.562 4.084 1180.315 0.0 913.593 0.8193460840728694 1.0 -1.0 -1.0
38.0 2.0 Car -1.0 -1.0 -1.0 -1.0 -1.0 -1.0 -1.0 2.12 1.894 4.87 1172.414 0.795 904.233 0.8345989952329421 0.0 -1.0 -1.0
38.0 3.0 Car -1.0 -1.0 -1.0 -1.0 -1.0 -1.0 -1.0 2.101 1.764 4.431 1210.393 1.813 952.26 0.8412661526702591 0.0 -1.0 -1.0
39.0 99.0 Car -1.0 -1.0 -1.0 -1.0 -1.0 -1.0 -1.0 1.73 1.562 4.084 1182.753 0.0 916.189 0.8335863559851427 1.0 -1.0 -1.0
39.0 2.0 Car -1.0 -1.0 -1.0 -1.0 -1.0 -1.0 -1.0 2.12 1.894 4.87 1174.833 0.795 906.927 0.8345989952329421 0.0 -1.0 -1.0
39.0 3.0 Car -1.0 -1.0 -1.0 -1.0 -1.0 -1.0 -1.0 2.101 1.764 4.431 1214.531 1.858 956.942 0.8412661526702591 0.0 -1.0 -1.0
