0.0 99.0 Car -1.0 -1.0 -1.0 -1.0 -1.0 -1.0 -1.0 1.73 1.562 4.084 896.545 0.0 1722.718 0.09789736592130284 1.0 -1.0 -1.0
0.0 1.0 Car -1.0 -1.0 -1.0 -1.0 -1.0 -1.0 -1.0 2.055 1.56 4.561 860.328 -2.534 1698.598 0.8772476582640433 0.0 -1.0 -1.0
0.0 2.0 Car -1.0 -1.0 -1.0 -1.0 -1.0 -1.0 -1.0 1.826 1.489 4.561 884.646 -0.312 1719.949 0.49752355657408853 0.0 -1.0 -1.0
1.0 99.0 Car -1.0 -1.0 -1.0 -1.0 -1.0 -1.0 -1.0 1.73 1.562 4.084 899.62 0.0 1722.978 0.08702410188132195 1.0 -1.0 -1.0
1.0 1.0 Car -1.0 -1.0 -1.0 -1.0 -1.0 -1.0 -1.0 2.055 1.56 4.561 864.755 -2.521 1704.766 0.8188865241037919 0.0 -1.0 -1.0
1.0 2.0 Car -1.0 -1.0 -1.0 -1.0 -1.0 -1.0 -1.0 1.826 1.489 4.561 887.243 -0.4 1721.074 0.3403489189333011 1.0 -1.0 -1.0
2.0 99.0 Car -1.0 -1.0 -1.0 -1.0 -1.0 -1.0 -1.0 1.73 1.562 4.084 902.638 0.0 1723.207 0.08089432577555657 1.0 -1.0 -1.0
2.0 1.0 Car -1.0 -1.0 -1.0 -1.0 -1.0 -1.0 -1.0 2.055 1.56 4.561 869.716 -2.508 1710.308 0.7721339566418804 1.0 -1.0 -1.0
2.0 2.0 Car -1.0 -1.0 -1.0 -1.0 -1.0 -1.0 -1.0 1.826 1.489 4.561 889.981 -0.488 1721.779 0.183364291215109 1.0 -1.0 -1.0
3.0 99.0 Car -1.0 -1.0 -1.0 -1.0 -1.0 -1.0 -1.0 1.73 1.562 4.084 905.65 0.0 1723.422 0.07349034664391578 1.0 -1.0 -1.0
3.0 1.0 Car -1.0 -1.0 -1.0 -1.0 -1.0 -1.0 -1.0 2.055 1.56 4.561 873.653 -2.495 1714.213 0.725377367220404 1.0 -1.0 -1.0
3.0 2.0 Car -1.0 -1.0 -1.0 -1.0 -1.0 -1.0 -1.0 1.826 1.489 4.561 892.773 -0.576 1722.119 0.17227343643657367 1.0 -1.0 -1.0
4.0 99.0 Car -1.0 -1.0 -1.0 -1.0 -1.0 -1.0 -1.0 1.73 1.562 4.084 908.614 0.0 1723.605 0.06965092217244379 1.0 -1.0 -1.0
4.0 1.0 Car -1.0 -1.0 -1.0 -1.0 -1.0 -1.0 -1.0 2.055 1.56 4.561 879.728 -2.266 1717.556 0.7018976119175666 1.0 -1.0 -1.0
4.0 2.0 Car -1.0 -1.0 -1.0 -1.0 -1.0 -1.0 -1.0 1.826 1.489 4.561 895.565 -0.664 1722.459 0.16118291445756341 1.0 -1.0 -1.0
5.0 99.0 Car -1.0 -1.0 -1.0 -1.0 -1.0 -1.0 -1.0 1.73 1.562 4.084 911.607 0.0 1723.784 0.06623164931588166 1.0 -1.0 -1.0
5.0 1.0 Car -1.0 -1.0 -1.0 -1.0 -1.0 -1.0 -1.0 2.055 1.56 4.561 883.03 -2.563 1719.359 0.5667653854715848 1.0 -1.0 -1.0
5.0 2.0 Car -1.0 -1.0 -1.0 -1.0 -1.0 -1.0 -1.0 1.826 1.489 4.561 898.34 -0.563 1722.773 0.11712622147208296 1.0 -1.0 -1.0
6.0 99.0 Car -1.0 -1.0 -1.0 -1.0 -1.0 -1.0 -1.0 1.73 1.562 4.084 914.046 0.0 1723.938 0.0687963047103011 1.0 -1.0 -1.0
6.0 1.0 Car -1.0 -1.0 -1.0 -1.0 -1.0 -1.0 -1.0 2.055 1.56 4.561 885.827 -2.801 1720.47 0.45869771960686845 1.0 -1.0 -1.0
6.0 2.0 Car -1.0 -1.0 -1.0 -1.0 -1.0 -1.0 -1.0 1.826 1.489 4.561 900.568 -0.483 1722.936 0.08189329368070575 1.0 -1.0 -1.0
7.0 99.0 Car -1.0 -1.0 -1.0 -1.0 -1.0 -1.0 -1.0 1.73 1.562 4.084 917.067 0.0 1724.143 0.07217417838004687 1.0 -1.0 -1.0
7.0 1.0 Car -1.0 -1.0 -1.0 -1.0 -1.0 -1.0 -1.0 2.055 1.56 4.561 888.919 -2.805 1721.343 0.398535096738279 1.0 -1.0 -1.0
7.0 2.0 Car -1.0 -1.0 -1.0 -1.0 -1.0 -1.0 -1.0 1.826 1.489 4.561 903.235 -0.571 1723.101 0.08626177776407729 1.0 -1.0 -1.0
7.0 0.0 Car -1.0 -1.0 -1.0 -1.0 -1.0 -1.0 -1.0 2.115 1.726 4.703 1018.813 10.193 1724.201 -3.062203718709038 0.0 -1.0 -1.0
8.0 99.0 Car -1.0 -1.0 -1.0 -1.0 -1.0 -1.0 -1.0 1.73 1.562 4.084 920.063 0.0 1724.349 0.07175525512953636 1.0 -1.0 -1.0
8.0 1.0 Car -1.0 -1.0 -1.0 -1.0 -1.0 -1.0 -1.0 2.055 1.56 4.561 892.054 -2.808 1722.027 0.33844640543518834 1.0 -1.0 -1.0
8.0 2.0 Car -1.0 -1.0 -1.0 -1.0 -1.0 -1.0 -1.0 1.826 1.489 4.561 905.899 -0.659 1723.265 0.09062489358303916 1.0 -1.0 -1.0
8.0 0.0 Car -1.0 -1.0 -1.0 -1.0 -1.0 -1.0 -1.0 2.115 1.726 4.703 1015.095 9.568 1723.651 -3.0883975182225583 1.0 -1.0 -1.0
9.0 99.0 Car -1.0 -1.0 -1.0 -1.0 -1.0 -1.0 -1.0 1.73 1.562 4.084 922.983 0.0 1724.536 0.07061780392761344 1.0 -1.0 -1.0
9.0 1.0 Car -1.0 -1.0 -1.0 -1.0 -1.0 -1.0 -1.0 2.055 1.56 4.561 895.22 -2.812 1722.522 0.2784213072998194 1.0 -1.0 -1.0
9.0 2.0 Car -1.0 -1.0 -1.0 -1.0 -1.0 -1.0 -1.0 1.826 1.489 4.561 908.56 -0.747 1723.429 0.09498339182172022 1.0 -1.0 -1.0
9.0 0.0 Car -1.0 -1.0 -1.0 -1.0 -1.0 -1.0 -1.0 2.115 1.726 4.703 1011.369 8.943 1723.199 -3.114563596268868 1.0 -1.0 -1.0
10.0 99.0 Car -1.0 -1.0 -1.0 -1.0 -1.0 -1.0 -1.0 1.73 1.562 4.084 925.88 0.0 1724.72 0.07141910369383914 1.0 -1.0 -1.0
10.0 1.0 Car -1.0 -1.0 -1.0 -1.0 -1.0 -1.0 -1.0 2.055 1.56 4.561 898.414 -2.815 1722.826 0.2183315340713801 1.0 -1.0 -1.0
10.0 2.0 Car -1.0 -1.0 -1.0 -1.0 -1.0 -1.0 -1.0 1.826 1.489 4.561 911.224 -0.835 1723.593 0.09934658620064907 1.0 -1.0 -1.0
10.0 0.0 Car -1.0 -1.0 -1.0 -1.0 -1.0 -1.0 -1.0 2.115 1.726 4.703 1007.628 8.242 1722.929 -3.114563596268868 1.0 -1.0 -1.0
11.0 99.0 Car -1.0 -1.0 -1.0 -1.0 -1.0 -1.0 -1.0 1.73 1.562 4.084 928.865 0.0 1724.919 0.07501490002823322 1.0 -1.0 -1.0
11.0 1.0 Car -1.0 -1.0 -1.0 -1.0 -1.0 -1.0 -1.0 2.055 1.56 4.561 901.625 -2.818 1722.937 0.15817107505348815 1.0 -1.0 -1.0
11.0 2.0 Car -1.0 -1.0 -1.0 -1.0 -1.0 -1.0 -1.0 1.826 1.489 4.561 914.005 -0.873 1723.743 0.09934658620064907 1.0 -1.0 -1.0
11.0 0.0 Car -1.0 -1.0 -1.0 -1.0 -1.0 -1.0 -1.0 2.115 1.726 4.703 1003.883 7.541 1722.659 -3.114563596268868 1.0 -1.0 -1.0
12.0 99.0 Car -1.0 -1.0 -1.0 -1.0 -1.0 -1.0 -1.0 1.73 1.562 4.084 931.9 0.0 1725.144 0.08414820054291625 1.0 -1.0 -1.0
12.0 1.0 Car -1.0 -1.0 -1.0 -1.0 -1.0 -1.0 -1.0 2.055 1.56 4.561 903.692 -2.767 1722.954 0.13732666120418616 1.0 -1.0 -1.0
12.0 3.0 Car -1.0 -1.0 -1.0 -1.0 -1.0 -1.0 -1.0 2.115 1.726 4.703 1026.141 8.701 1725.61 3.115718555398349 0.0 -1.0 -1.0
12.0 2.0 Car -1.0 -1.0 -1.0 -1.0 -1.0 -1.0 -1.0 1.826 1.489 4.561 916.741 -0.811 1723.928 0.07609212157470147 1.0 -1.0 -1.0
12.0 0.0 Car -1.0 -1.0 -1.0 -1.0 -1.0 -1.0 -1.0 2.115 1.726 4.703 1000.142 6.84 1722.389 -3.114563596268868 1.0 -1.0 -1.0
13.0 99.0 Car -1.0 -1.0 -1.0 -1.0 -1.0 -1.0 -1.0 1.73 1.562 4.084 934.932 0.0 1725.379 0.0829784322043282 1.0 -1.0 -1.0
13.0 1.0 Car -1.0 -1.0 -1.0 -1.0 -1.0 -1.0 -1.0 2.055 1.56 4.561 905.761 -2.715 1722.972 0.11645973011889343 1.0 -1.0 -1.0
13.0 3.0 Car -1.0 -1.0 -1.0 -1.0 -1.0 -1.0 -1.0 2.115 1.726 4.703 1022.533 8.066 1724.857 3.115718555398349 1.0 -1.0 -1.0
13.0 2.0 Car -1.0 -1.0 -1.0 -1.0 -1.0 -1.0 -1.0 1.826 1.489 4.561 919.481 -0.749 1724.113 0.052812536248714174 1.0 -1.0 -1.0
13.0 0.0 Car -1.0 -1.0 -1.0 -1.0 -1.0 -1.0 -1.0 2.115 1.726 4.703 996.85 6.255 1722.137 -3.114563596268868 1.0 -1.0 -1.0
14.0 99.0 Car -1.0 -1.0 -1.0 -1.0 -1.0 -1.0 -1.0 1.73 1.562 4.084 938.155 0.0 1725.624 0.07761153100044893 1.0 -1.0 -1.0
14.0 1.0 Car -1.0 -1.0 -1.0 -1.0 -1.0 -1.0 -1.0 2.055 1.56 4.561 907.831 -2.664 1722.989 0.09559321601945257 1.0 -1.0 -1.0
14.0 3.0 Car -1.0 -1.0 -1.0 -1.0 -1.0 -1.0 -1.0 2.115 1.726 4.703 1018.924 7.431 1724.105 3.115718555398349 1.0 -1.0 -1.0
14.0 2.0 Car -1.0 -1.0 -1.0 -1.0 -1.0 -1.0 -1.0 1.826 1.489 4.561 922.22 -0.687 1724.297 0.02953341612087579 1.0 -1.0 -1.0
14.0 0.0 Car -1.0 -1.0 -1.0 -1.0 -1.0 -1.0 -1.0 2.115 1.726 4.703 993.558 5.67 1721.885 -3.114563596268868 1.0 -1.0 -1.0
15.0 99.0 Car -1.0 -1.0 -1.0 -1.0 -1.0 -1.0 -1.0 1.73 1.562 4.084 941.447 0.0 1725.855 0.06764738724070998 1.0 -1.0 -1.0
15.0 1.0 Car -1.0 -1.0 -1.0 -1.0 -1.0 -1.0 -1.0 2.055 1.56 4.561 909.9 -2.612 1723.006 0.07472528416811584 1.0 -1.0 -1.0
15.0 3.0 Car -1.0 -1.0 -1.0 -1.0 -1.0 -1.0 -1.0 2.115 1.726 4.703 1014.651 6.796 1723.948 3.115718555398349 1.0 -1.0 -1.0
15.0 2.0 Car -1.0 -1.0 -1.0 -1.0 -1.0 -1.0 -1.0 1.826 1.489 4.561 924.577 -0.6 1724.434 0.03909708599740092 1.0 -1.0 -1.0
15.0 0.0 Car -1.0 -1.0 -1.0 -1.0 -1.0 -1.0 -1.0 2.115 1.726 4.703 990.249 5.086 1722.295 -3.114563596268868 1.0 -1.0 -1.0
16.0 99.0 Car -1.0 -1.0 -1.0 -1.0 -1.0 -1.0 -1.0 1.73 1.562 4.084 944.716 0.0 1726.032 0.047283334196640596 1.0 -1.0 -1.0
16.0 1.0 Car -1.0 -1.0 -1.0 -1.0 -1.0 -1.0 -1.0 2.055 1.56 4.561 912.295 -2.549 1723.327 0.07828356179119234 1.0 -1.0 -1.0
16.0 3.0 Car -1.0 -1.0 -1.0 -1.0 -1.0 -1.0 -1.0 2.115 1.726 4.703 1010.387 6.162 1723.792 3.115718555398349 1.0 -1.0 -1.0
16.0 2.0 Car -1.0 -1.0 -1.0 -1.0 -1.0 -1.0 -1.0 1.826 1.489 4.561 926.928 -0.513 1724.57 0.04863887463173944 1.0 -1.0 -1.0
16.0 0.0 Car -1.0 -1.0 -1.0 -1.0 -1.0 -1.0 -1.0 2.115 1.726 4.703 987.05 4.416 1722.062 -3.114563596268868 1.0 -1.0 -1.0
17.0 99.0 Car -1.0 -1.0 -1.0 -1.0 -1.0 -1.0 -1.0 1.73 1.562 4.084 948.128 0.0 1726.136 0.0317455624324845 1.0 -1.0 -1.0
17.0 1.0 Car -1.0 -1.0 -1.0 -1.0 -1.0 -1.0 -1.0 2.055 1.56 4.561 914.692 -2.486 1723.647 0.08184630773218005 1.0 -1.0 -1.0
17.0 3.0 Car -1.0 -1.0 -1.0 -1.0 -1.0 -1.0 -1.0 2.115 1.726 4.703 1005.97 5.613 1723.328 3.115718555398349 1.0 -1.0 -1.0
17.0 2.0 Car -1.0 -1.0 -1.0 -1.0 -1.0 -1.0 -1.0 1.826 1.489 4.561 929.019 -0.656 1724.746 0.09264621724418977 1.0 -1.0 -1.0
17.0 0.0 Car -1.0 -1.0 -1.0 -1.0 -1.0 -1.0 -1.0 2.115 1.726 4.703 983.847 3.746 1721.828 -3.114563596268868 1.0 -1.0 -1.0
18.0 99.0 Car -1.0 -1.0 -1.0 -1.0 -1.0 -1.0 -1.0 1.73 1.562 4.084 951.257 0.0 1726.193 0.024842663263814388 1.0 -1.0 -1.0
18.0 1.0 Car -1.0 -1.0 -1.0 -1.0 -1.0 -1.0 -1.0 2.055 1.56 4.561 916.851 -2.429 1723.936 0.08505390435402616 1.0 -1.0 -1.0
18.0 3.0 Car -1.0 -1.0 -1.0 -1.0 -1.0 -1.0 -1.0 2.115 1.726 4.703 1001.994 5.12 1722.911 3.115718555398349 1.0 -1.0 -1.0
18.0 2.0 Car -1.0 -1.0 -1.0 -1.0 -1.0 -1.0 -1.0 1.826 1.489 4.561 930.893 -0.785 1724.984 0.13226672508791992 0.0 -1.0 -1.0
18.0 0.0 Car -1.0 -1.0 -1.0 -1.0 -1.0 -1.0 -1.0 2.115 1.726 4.703 980.963 3.142 1721.618 -3.114563596268868 1.0 -1.0 -1.0
19.0 99.0 Car -1.0 -1.0 -1.0 -1.0 -1.0 -1.0 -1.0 1.73 1.562 4.084 954.753 0.0 1726.215 0.007644958465392876 1.0 -1.0 -1.0
19.0 1.0 Car -1.0 -1.0 -1.0 -1.0 -1.0 -1.0 -1.0 2.055 1.56 4.561 919.248 -2.365 1724.257 0.08861614431324072 1.0 -1.0 -1.0
19.0 3.0 Car -1.0 -1.0 -1.0 -1.0 -1.0 -1.0 -1.0 2.115 1.726 4.703 997.577 4.571 1722.447 3.115718555398349 1.0 -1.0 -1.0
19.0 2.0 Car -1.0 -1.0 -1.0 -1.0 -1.0 -1.0 -1.0 1.826 1.489 4.561 932.597 -0.973 1725.576 0.2814414464453432 0.0 -1.0 -1.0
19.0 0.0 Car -1.0 -1.0 -1.0 -1.0 -1.0 -1.0 -1.0 2.115 1.726 4.703 977.844 2.56 1721.578 -3.1383269144256887 1.0 -1.0 -1.0
20.0 99.0 Car -1.0 -1.0 -1.0 -1.0 -1.0 -1.0 -1.0 1.73 1.562 4.084 958.315 0.0 1726.153 -0.013748025867216821 1.0 -1.0 -1.0
20.0 1.0 Car -1.0 -1.0 -1.0 -1.0 -1.0 -1.0 -1.0 2.055 1.56 4.561 921.645 -2.302 1724.578 0.09217857668805918 1.0 -1.0 -1.0
20.0 3.0 Car -1.0 -1.0 -1.0 -1.0 -1.0 -1.0 -1.0 2.115 1.726 4.703 993.318 3.737 1722.068 3.115718555398349 1.0 -1.0 -1.0
20.0 2.0 Car -1.0 -1.0 -1.0 -1.0 -1.0 -1.0 -1.0 1.826 1.489 4.561 934.195 -1.161 1726.415 0.4306242255261132 0.0 -1.0 -1.0
20.0 0.0 Car -1.0 -1.0 -1.0 -1.0 -1.0 -1.0 -1.0 2.115 1.726 4.703 974.725 1.978 1721.538 3.121093791013359 1.0 -1.0 -1.0
21.0 99.0 Car -1.0 -1.0 -1.0 -1.0 -1.0 -1.0 -1.0 1.73 1.562 4.084 961.952 0.0 1726.05 -0.02610848397786457 1.0 -1.0 -1.0
21.0 1.0 Car -1.0 -1.0 -1.0 -1.0 -1.0 -1.0 -1.0 2.055 1.56 4.561 923.644 -2.299 1724.811 0.07474459280020819 1.0 -1.0 -1.0
21.0 3.0 Car -1.0 -1.0 -1.0 -1.0 -1.0 -1.0 -1.0 2.115 1.726 4.703 989.504 3.086 1721.901 3.1388974114224264 1.0 -1.0 -1.0
21.0 2.0 Car -1.0 -1.0 -1.0 -1.0 -1.0 -1.0 -1.0 1.826 1.489 4.561 935.674 -1.246 1726.969 0.6036184585329465 0.0 -1.0 -1.0
21.0 0.0 Car -1.0 -1.0 -1.0 -1.0 -1.0 -1.0 -1.0 2.115 1.726 4.703 971.707 1.397 1721.496 3.097356524852005 1.0 -1.0 -1.0
22.0 99.0 Car -1.0 -1.0 -1.0 -1.0 -1.0 -1.0 -1.0 1.73 1.562 4.084 965.547 0.0 1725.928 -0.03467769201491674 1.0 -1.0 -1.0
22.0 1.0 Car -1.0 -1.0 -1.0 -1.0 -1.0 -1.0 -1.0 2.055 1.56 4.561 925.647 -2.295 1725.045 0.05727199164817276 1.0 -1.0 -1.0
22.0 3.0 Car -1.0 -1.0 -1.0 -1.0 -1.0 -1.0 -1.0 2.115 1.726 4.703 985.682 2.435 1721.734 -3.1210576972509325 1.0 -1.0 -1.0
22.0 2.0 Car -1.0 -1.0 -1.0 -1.0 -1.0 -1.0 -1.0 1.826 1.489 4.561 936.892 -1.362 1728.373 0.8268894325088567 0.0 -1.0 -1.0
22.0 0.0 Car -1.0 -1.0 -1.0 -1.0 -1.0 -1.0 -1.0 2.115 1.726 4.703 968.769 0.973 1721.722 3.080696298932869 1.0 -1.0 -1.0
23.0 99.0 Car -1.0 -1.0 -1.0 -1.0 -1.0 -1.0 -1.0 1.73 1.562 4.084 969.158 0.0 1725.778 -0.03508993960287836 1.0 -1.0 -1.0
23.0 1.0 Car -1.0 -1.0 -1.0 -1.0 -1.0 -1.0 -1.0 2.055 1.56 4.561 927.527 -2.339 1725.246 0.0729799474336903 1.0 -1.0 -1.0
23.0 3.0 Car -1.0 -1.0 -1.0 -1.0 -1.0 -1.0 -1.0 2.115 1.726 4.703 981.863 1.783 1721.567 -3.097852520080943 1.0 -1.0 -1.0
23.0 2.0 Car -1.0 -1.0 -1.0 -1.0 -1.0 -1.0 -1.0 1.826 1.489 4.561 937.769 -1.478 1730.011 1.0499199204591942 0.0 -1.0 -1.0
23.0 0.0 Car -1.0 -1.0 -1.0 -1.0 -1.0 -1.0 -1.0 2.115 1.726 4.703 966.158 0.549 1721.927 3.064054017807205 0.0 -1.0 -1.0
24.0 99.0 Car -1.0 -1.0 -1.0 -1.0 -1.0 -1.0 -1.0 1.73 1.562 4.084 972.74 0.0 1725.643 -0.029498296499982847 1.0 -1.0 -1.0
24.0 1.0 Car -1.0 -1.0 -1.0 -1.0 -1.0 -1.0 -1.0 2.055 1.56 4.561 929.409 -2.382 1725.448 0.0887054690349669 1.0 -1.0 -1.0
24.0 3.0 Car -1.0 -1.0 -1.0 -1.0 -1.0 -1.0 -1.0 2.115 1.726 4.703 978.268 1.148 1721.544 3.138487292820005 0.0 -1.0 -1.0
24.0 2.0 Car -1.0 -1.0 -1.0 -1.0 -1.0 -1.0 -1.0 1.826 1.489 4.561 938.261 -1.594 1731.804 1.2731998178497825 0.0 -1.0 -1.0
24.0 0.0 Car -1.0 -1.0 -1.0 -1.0 -1.0 -1.0 -1.0 2.115 1.726 4.703 963.605 0.1 1722.136 2.994748966050259 0.0 -1.0 -1.0
25.0 99.0 Car -1.0 -1.0 -1.0 -1.0 -1.0 -1.0 -1.0 1.73 1.562 4.084 976.387 0.0 1725.524 -0.016393313996108404 1.0 -1.0 -1.0
25.0 1.0 Car -1.0 -1.0 -1.0 -1.0 -1.0 -1.0 -1.0 2.055 1.56 4.561 932.163 -2.526 1725.89 0.026828453641733144 1.0 -1.0 -1.0
25.0 3.0 Car -1.0 -1.0 -1.0 -1.0 -1.0 -1.0 -1.0 2.115 1.726 4.703 974.675 0.513 1721.689 3.0916413304945607 0.0 -1.0 -1.0
25.0 2.0 Car -1.0 -1.0 -1.0 -1.0 -1.0 -1.0 -1.0 1.826 1.489 4.561 938.718 -1.859 1733.934 1.3367229929525204 0.0 -1.0 -1.0
25.0 0.0 Car -1.0 -1.0 -1.0 -1.0 -1.0 -1.0 -1.0 2.115 1.726 4.703 961.072 -0.349 1722.521 2.9254432218466078 0.0 -1.0 -1.0
26.0 99.0 Car -1.0 -1.0 -1.0 -1.0 -1.0 -1.0 -1.0 1.73 1.562 4.084 980.096 0.0 1725.461 -0.00641961539772294 1.0 -1.0 -1.0
26.0 1.0 Car -1.0 -1.0 -1.0 -1.0 -1.0 -1.0 -1.0 2.055 1.56 4.561 934.933 -2.67 1726.16 -0.034907606478954405 1.0 -1.0 -1.0
26.0 3.0 Car -1.0 -1.0 -1.0 -1.0 -1.0 -1.0 -1.0 2.115 1.726 4.703 971.186 -0.071 1721.894 3.061153727489227 0.0 -1.0 -1.0
26.0 2.0 Car -1.0 -1.0 -1.0 -1.0 -1.0 -1.0 -1.0 1.826 1.489 4.561 939.09 -1.944 1736.219 1.4175443623112893 0.0 -1.0 -1.0
26.0 0.0 Car -1.0 -1.0 -1.0 -1.0 -1.0 -1.0 -1.0 2.115 1.726 4.703 958.922 -0.806 1722.9 2.9566146095697183 0.0 -1.0 -1.0
27.0 99.0 Car -1.0 -1.0 -1.0 -1.0 -1.0 -1.0 -1.0 1.73 1.562 4.084 983.838 0.0 1725.438 0.004212998441966554 1.0 -1.0 -1.0
27.0 1.0 Car -1.0 -1.0 -1.0 -1.0 -1.0 -1.0 -1.0 2.055 1.56 4.561 937.362 -2.788 1726.248 -0.01745431395901109 0.0 -1.0 -1.0
27.0 3.0 Car -1.0 -1.0 -1.0 -1.0 -1.0 -1.0 -1.0 2.115 1.726 4.703 968.106 -0.755 1722.363 3.0306297934455255 0.0 -1.0 -1.0
27.0 2.0 Car -1.0 -1.0 -1.0 -1.0 -1.0 -1.0 -1.0 1.826 1.489 4.561 939.275 -2.029 1738.529 1.4984620437438751 0.0 -1.0 -1.0
27.0 0.0 Car -1.0 -1.0 -1.0 -1.0 -1.0 -1.0 -1.0 2.115 1.726 4.703 956.758 -1.264 1723.212 2.987823143174161 0.0 -1.0 -1.0
28.0 99.0 Car -1.0 -1.0 -1.0 -1.0 -1.0 -1.0 -1.0 1.73 1.562 4.084 987.583 0.0 1725.459 0.013605858638004207 1.0 -1.0 -1.0
28.0 1.0 Car -1.0 -1.0 -1.0 -1.0 -1.0 -1.0 -1.0 2.055 1.56 4.561 940.432 -2.863 1726.658 -0.01745431395901109 0.0 -1.0 -1.0
28.0 3.0 Car -1.0 -1.0 -1.0 -1.0 -1.0 -1.0 -1.0 2.115 1.726 4.703 965.452 -1.39 1722.619 3.0047211468637816 0.0 -1.0 -1.0
28.0 2.0 Car -1.0 -1.0 -1.0 -1.0 -1.0 -1.0 -1.0 1.826 1.489 4.561 939.605 -2.143 1741.402 1.5444687894851357 0.0 -1.0 -1.0
28.0 0.0 Car -1.0 -1.0 -1.0 -1.0 -1.0 -1.0 -1.0 2.115 1.726 4.703 954.434 -1.946 1723.381 3.0110938119205217 0.0 -1.0 -1.0
29.0 99.0 Car -1.0 -1.0 -1.0 -1.0 -1.0 -1.0 -1.0 1.73 1.562 4.084 991.361 0.0 1725.51 0.017015125649734356 1.0 -1.0 -1.0
29.0 1.0 Car -1.0 -1.0 -1.0 -1.0 -1.0 -1.0 -1.0 2.055 1.56 4.561 943.505 -2.938 1727.069 -0.01745431395901131 0.0 -1.0 -1.0
29.0 3.0 Car -1.0 -1.0 -1.0 -1.0 -1.0 -1.0 -1.0 2.115 1.726 4.703 962.803 -2.025 1722.944 2.9787839932449405 0.0 -1.0 -1.0
29.0 2.0 Car -1.0 -1.0 -1.0 -1.0 -1.0 -1.0 -1.0 1.826 1.489 4.561 939.802 -2.256 1744.29 1.5905261560105988 0.0 -1.0 -1.0
29.0 0.0 Car -1.0 -1.0 -1.0 -1.0 -1.0 -1.0 -1.0 2.115 1.726 4.703 952.108 -2.629 1723.551 3.0343900851620904 0.0 -1.0 -1.0
30.0 99.0 Car -1.0 -1.0 -1.0 -1.0 -1.0 -1.0 -1.0 1.73 1.562 4.084 995.211 0.0 1725.575 0.03536777292125774 1.0 -1.0 -1.0
30.0 1.0 Car -1.0 -1.0 -1.0 -1.0 -1.0 -1.0 -1.0 2.055 1.56 4.561 947.374 -2.975 1727.455 -0.00873704236704298 0.0 -1.0 -1.0
30.0 3.0 Car -1.0 -1.0 -1.0 -1.0 -1.0 -1.0 -1.0 2.115 1.726 4.703 960.169 -2.659 1723.337 2.9529025579258805 0.0 -1.0 -1.0
30.0 0.0 Car -1.0 -1.0 -1.0 -1.0 -1.0 -1.0 -1.0 2.115 1.726 4.703 949.786 -3.311 1723.72 3.0576363132539344 0.0 -1.0 -1.0
31.0 99.0 Car -1.0 -1.0 -1.0 -1.0 -1.0 -1.0 -1.0 1.73 1.562 4.084 999.073 0.0 1725.756 0.06816474949048354 1.0 -1.0 -1.0
31.0 1.0 Car -1.0 -1.0 -1.0 -1.0 -1.0 -1.0 -1.0 2.055 1.56 4.561 951.249 -2.812 1727.527 -1.0214390677720786e-06 0.0 -1.0 -1.0
31.0 3.0 Car -1.0 -1.0 -1.0 -1.0 -1.0 -1.0 -1.0 2.115 1.726 4.703 957.562 -2.955 1723.483 2.9906895394189066 0.0 -1.0 -1.0
31.0 0.0 Car -1.0 -1.0 -1.0 -1.0 -1.0 -1.0 -1.0 2.115 1.726 4.703 947.273 -3.7 1723.671 3.0918837062806928 0.0 -1.0 -1.0
32.0 99.0 Car -1.0 -1.0 -1.0 -1.0 -1.0 -1.0 -1.0 1.73 1.562 4.084 1003.247 0.0 1726.068 0.08919400506677737 1.0 -1.0 -1.0
32.0 1.0 Car -1.0 -1.0 -1.0 -1.0 -1.0 -1.0 -1.0 2.055 1.56 4.561 955.166 -2.818 1727.573 -0.036559329667244844 0.0 -1.0 -1.0
32.0 3.0 Car -1.0 -1.0 -1.0 -1.0 -1.0 -1.0 -1.0 2.115 1.726 4.703 954.692 -3.28 1723.531 3.0322359864128914 0.0 -1.0 -1.0
32.0 0.0 Car -1.0 -1.0 -1.0 -1.0 -1.0 -1.0 -1.0 2.115 1.726 4.703 944.519 -4.128 1723.721 3.1295384075256436 0.0 -1.0 -1.0
33.0 99.0 Car -1.0 -1.0 -1.0 -1.0 -1.0 -1.0 -1.0 1.73 1.562 4.084 1007.127 0.0 1726.382 0.08852983733949708 1.0 -1.0 -1.0
33.0 1.0 Car -1.0 -1.0 -1.0 -1.0 -1.0 -1.0 -1.0 2.055 1.56 4.561 958.729 -2.823 1727.49 -0.06981419151884105 0.0 -1.0 -1.0
33.0 3.0 Car -1.0 -1.0 -1.0 -1.0 -1.0 -1.0 -1.0 2.115 1.726 4.703 952.004 -3.576 1723.627 3.0322359864128914 0.0 -1.0 -1.0
33.0 0.0 Car -1.0 -1.0 -1.0 -1.0 -1.0 -1.0 -1.0 2.115 1.726 4.703 942.012 -4.517 1723.684 -3.119394715987555 0.0 -1.0 -1.0
34.0 99.0 Car -1.0 -1.0 -1.0 -1.0 -1.0 -1.0 -1.0 1.73 1.562 4.084 1010.997 0.0 1726.704 0.08599497223460828 1.0 -1.0 -1.0
34.0 1.0 Car -1.0 -1.0 -1.0 -1.0 -1.0 -1.0 -1.0 2.055 1.56 4.561 962.739 -2.91 1727.133 -0.06981419151884105 0.0 -1.0 -1.0
34.0 3.0 Car -1.0 -1.0 -1.0 -1.0 -1.0 -1.0 -1.0 2.115 1.726 4.703 949.321 -3.872 1723.723 3.0322359864128914 0.0 -1.0 -1.0
34.0 0.0 Car -1.0 -1.0 -1.0 -1.0 -1.0 -1.0 -1.0 2.115 1.726 4.703 939.507 -4.905 1723.71 -3.0852241100702993 0.0 -1.0 -1.0
35.0 99.0 Car -1.0 -1.0 -1.0 -1.0 -1.0 -1.0 -1.0 1.73 1.562 4.084 1015.01 0.0 1727.016 0.08434508145492581 1.0 -1.0 -1.0
35.0 1.0 Car -1.0 -1.0 -1.0 -1.0 -1.0 -1.0 -1.0 2.055 1.56 4.561 966.752 -2.997 1726.776 -0.06981419151884105 0.0 -1.0 -1.0
35.0 3.0 Car -1.0 -1.0 -1.0 -1.0 -1.0 -1.0 -1.0 2.115 1.726 4.703 946.636 -4.167 1723.819 3.0322359864128914 0.0 -1.0 -1.0
36.0 99.0 Car -1.0 -1.0 -1.0 -1.0 -1.0 -1.0 -1.0 1.73 1.562 4.084 1018.86 0.0 1727.307 0.08399849172856114 1.0 -1.0 -1.0
36.0 1.0 Car -1.0 -1.0 -1.0 -1.0 -1.0 -1.0 -1.0 2.055 1.56 4.561 971.936 -2.809 1726.395 -0.07854605475861609 0.0 -1.0 -1.0
37.0 99.0 Car -1.0 -1.0 -1.0 -1.0 -1.0 -1.0 -1.0 1.73 1.562 4.084 1022.552 0.0 1727.594 0.08783040944298366 1.0 -1.0 -1.0
37.0 1.0 Car -1.0 -1.0 -1.0 -1.0 -1.0 -1.0 -1.0 2.055 1.56 4.561 977.113 -2.621 1726.015 -0.08726748403878437 0.0 -1.0 -1.0
38.0 99.0 Car -1.0 -1.0 -1.0 -1.0 -1.0 -1.0 -1.0 1.73 1.562 4.084 1026.091 0.0 1727.894 0.09196732227870548 1.0 -1.0 -1.0
38.0 1.0 Car -1.0 -1.0 -1.0 -1.0 -1.0 -1.0 -1.0 2.055 1.56 4.561 982.657 -2.299 1725.897 -0.03964837836071267 0.0 -1.0 -1.0
