0.0 99.0 Car -1.0 -1.0 -1.0 -1.0 -1.0 -1.0 -1.0 1.73 1.562 4.084 1957.661 0.0 787.548 -3.1087531999484095 1.0 -1.0 -1.0
0.0 0.0 Car -1.0 -1.0 -1.0 -1.0 -1.0 -1.0 -1.0 1.907 1.694 5.336 1924.295 0.849 811.089 -0.02767944481945994 0.0 -1.0 -1.0
1.0 99.0 Car -1.0 -1.0 -1.0 -1.0 -1.0 -1.0 -1.0 1.73 1.562 4.084 1957.682 0.0 787.553 -3.1092067576165032 1.0 -1.0 -1.0
1.0 0.0 Car -1.0 -1.0 -1.0 -1.0 -1.0 -1.0 -1.0 1.907 1.694 5.336 1924.353 0.849 811.088 -0.030589143299440295 0.0 -1.0 -1.0
2.0 99.0 Car -1.0 -1.0 -1.0 -1.0 -1.0 -1.0 -1.0 1.73 1.562 4.084 1957.515 0.0 787.554 -3.109102490343706 1.0 -1.0 -1.0
2.0 0.0 Car -1.0 -1.0 -1.0 -1.0 -1.0 -1.0 -1.0 1.907 1.694 5.336 1924.425 0.849 811.086 -0.03422590665339653 0.0 -1.0 -1.0
3.0 99.0 Car -1.0 -1.0 -1.0 -1.0 -1.0 -1.0 -1.0 1.73 1.562 4.084 1956.678 0.0 787.528 -3.107572965527148 1.0 -1.0 -1.0
3.0 0.0 Car -1.0 -1.0 -1.0 -1.0 -1.0 -1.0 -1.0 1.907 1.694 5.336 1924.338 0.849 811.089 -0.03422590665339653 1.0 -1.0 -1.0
4.0 99.0 Car -1.0 -1.0 -1.0 -1.0 -1.0 -1.0 -1.0 1.73 1.562 4.084 1954.947 0.0 787.481 -3.1212795144136267 1.0 -1.0 -1.0
4.0 0.0 Car -1.0 -1.0 -1.0 -1.0 -1.0 -1.0 -1.0 1.907 1.694 5.336 1924.251 0.849 811.092 -0.03422590665339653 1.0 -1.0 -1.0
5.0 99.0 Car -1.0 -1.0 -1.0 -1.0 -1.0 -1.0 -1.0 1.73 1.562 4.084 1953.204 0.0 787.481 3.1309881177743684 1.0 -1.0 -1.0
5.0 0.0 Car -1.0 -1.0 -1.0 -1.0 -1.0 -1.0 -1.0 1.907 1.694 5.336 1924.179 0.849 811.094 -0.03422590665339653 1.0 -1.0 -1.0
6.0 99.0 Car -1.0 -1.0 -1.0 -1.0 -1.0 -1.0 -1.0 1.73 1.562 4.084 1951.236 0.0 787.584 3.047639766994171 1.0 -1.0 -1.0
6.0 0.0 Car -1.0 -1.0 -1.0 -1.0 -1.0 -1.0 -1.0 1.907 1.694 5.336 1924.407 0.849 811.086 -0.03422590665339653 1.0 -1.0 -1.0
7.0 99.0 Car -1.0 -1.0 -1.0 -1.0 -1.0 -1.0 -1.0 1.73 1.562 4.084 1949.169 0.0 787.905 2.919309721536082 1.0 -1.0 -1.0
7.0 0.0 Car -1.0 -1.0 -1.0 -1.0 -1.0 -1.0 -1.0 1.907 1.694 5.336 1924.636 0.849 811.079 -0.03422590665339653 1.0 -1.0 -1.0
8.0 99.0 Car -1.0 -1.0 -1.0 -1.0 -1.0 -1.0 -1.0 1.73 1.562 4.084 1947.048 0.0 788.551 2.7639061416119355 1.0 -1.0 -1.0
8.0 0.0 Car -1.0 -1.0 -1.0 -1.0 -1.0 -1.0 -1.0 1.907 1.694 5.336 1924.864 0.849 811.071 -0.03422590665339653 1.0 -1.0 -1.0
9.0 99.0 Car -1.0 -1.0 -1.0 -1.0 -1.0 -1.0 -1.0 1.73 1.562 4.084 1945.109 0.0 789.503 2.6017406976888036 1.0 -1.0 -1.0
9.0 0.0 Car -1.0 -1.0 -1.0 -1.0 -1.0 -1.0 -1.0 1.907 1.694 5.336 1925.659 0.849 811.043 -0.02840535598081062 1.0 -1.0 -1.0
10.0 99.0 Car -1.0 -1.0 -1.0 -1.0 -1.0 -1.0 -1.0 1.73 1.562 4.084 1943.23 0.0 790.807 2.442640179997749 1.0 -1.0 -1.0
10.0 0.0 Car -1.0 -1.0 -1.0 -1.0 -1.0 -1.0 -1.0 1.907 1.694 5.336 1926.453 0.849 811.014 -0.022586842790282446 1.0 -1.0 -1.0
11.0 99.0 Car -1.0 -1.0 -1.0 -1.0 -1.0 -1.0 -1.0 1.73 1.562 4.084 1941.681 0.0 792.362 2.284695965350747 1.0 -1.0 -1.0
11.0 0.0 Car -1.0 -1.0 -1.0 -1.0 -1.0 -1.0 -1.0 1.907 1.694 5.336 1927.247 0.849 810.986 -0.01677261413345321 1.0 -1.0 -1.0
12.0 99.0 Car -1.0 -1.0 -1.0 -1.0 -1.0 -1.0 -1.0 1.73 1.562 4.084 1940.412 0.0 794.094 2.143046787362412 1.0 -1.0 -1.0
12.0 0.0 Car -1.0 -1.0 -1.0 -1.0 -1.0 -1.0 -1.0 1.907 1.694 5.336 1927.702 0.849 810.998 -0.01677261413345321 1.0 -1.0 -1.0
13.0 99.0 Car -1.0 -1.0 -1.0 -1.0 -1.0 -1.0 -1.0 1.73 1.562 4.084 1939.676 0.0 795.41 2.0485029678778024 1.0 -1.0 -1.0
13.0 0.0 Car -1.0 -1.0 -1.0 -1.0 -1.0 -1.0 -1.0 1.907 1.694 5.336 1928.116 0.849 811.008 -0.01677261413345321 1.0 -1.0 -1.0
14.0 99.0 Car -1.0 -1.0 -1.0 -1.0 -1.0 -1.0 -1.0 1.73 1.562 4.084 1939.324 0.0 796.231 1.9916542462054267 1.0 -1.0 -1.0
14.0 0.0 Car -1.0 -1.0 -1.0 -1.0 -1.0 -1.0 -1.0 1.907 1.694 5.336 1928.532 0.849 811.029 0.009391796183828129 1.0 -1.0 -1.0
15.0 99.0 Car -1.0 -1.0 -1.0 -1.0 -1.0 -1.0 -1.0 1.73 1.562 4.084 1939.192 0.0 796.633 1.9637263687893114 1.0 -1.0 -1.0
15.0 0.0 Car -1.0 -1.0 -1.0 -1.0 -1.0 -1.0 -1.0 1.907 1.694 5.336 1928.948 0.849 811.061 0.035587263426376754 1.0 -1.0 -1.0
16.0 99.0 Car -1.0 -1.0 -1.0 -1.0 -1.0 -1.0 -1.0 1.73 1.562 4.084 1939.14 0.0 796.838 1.9418103826826891 1.0 -1.0 -1.0
16.0 0.0 Car -1.0 -1.0 -1.0 -1.0 -1.0 -1.0 -1.0 1.907 1.694 5.336 1929.988 0.847 811.158 0.14609249275907366 1.0 -1.0 -1.0
17.0 99.0 Car -1.0 -1.0 -1.0 -1.0 -1.0 -1.0 -1.0 1.73 1.562 4.084 1939.072 0.0 797.081 1.9120995877790974 1.0 -1.0 -1.0
17.0 0.0 Car -1.0 -1.0 -1.0 -1.0 -1.0 -1.0 -1.0 1.907 1.694 5.336 1931.011 0.845 811.371 0.2567205499422063 1.0 -1.0 -1.0
18.0 99.0 Car -1.0 -1.0 -1.0 -1.0 -1.0 -1.0 -1.0 1.73 1.562 4.084 1938.936 0.0 797.552 1.868810180755674 1.0 -1.0 -1.0
18.0 0.0 Car -1.0 -1.0 -1.0 -1.0 -1.0 -1.0 -1.0 1.907 1.694 5.336 1932.004 0.843 811.695 0.36735148417408797 1.0 -1.0 -1.0
19.0 99.0 Car -1.0 -1.0 -1.0 -1.0 -1.0 -1.0 -1.0 1.73 1.562 4.084 1938.747 0.0 798.29 1.816794103563858 1.0 -1.0 -1.0
19.0 0.0 Car -1.0 -1.0 -1.0 -1.0 -1.0 -1.0 -1.0 1.907 1.694 5.336 1933.249 0.841 812.619 0.5614996321926331 1.0 -1.0 -1.0
20.0 99.0 Car -1.0 -1.0 -1.0 -1.0 -1.0 -1.0 -1.0 1.73 1.562 4.084 1938.494 0.0 799.496 1.7597313273129462 1.0 -1.0 -1.0
20.0 0.0 Car -1.0 -1.0 -1.0 -1.0 -1.0 -1.0 -1.0 1.907 1.694 5.336 1934.394 0.839 813.907 0.7773541835293906 1.0 -1.0 -1.0
21.0 99.0 Car -1.0 -1.0 -1.0 -1.0 -1.0 -1.0 -1.0 1.73 1.562 4.084 1938.271 0.0 800.973 1.70786722510109 1.0 -1.0 -1.0
21.0 0.0 Car -1.0 -1.0 -1.0 -1.0 -1.0 -1.0 -1.0 1.907 1.694 5.336 1935.4 0.829 815.495 0.925705181943486 1.0 -1.0 -1.0
22.0 99.0 Car -1.0 -1.0 -1.0 -1.0 -1.0 -1.0 -1.0 1.73 1.562 4.084 1938.092 0.0 802.684 1.6763255279247848 1.0 -1.0 -1.0
22.0 0.0 Car -1.0 -1.0 -1.0 -1.0 -1.0 -1.0 -1.0 1.907 1.694 5.336 1936.245 0.809 817.39 1.1524073869885063 1.0 -1.0 -1.0
23.0 99.0 Car -1.0 -1.0 -1.0 -1.0 -1.0 -1.0 -1.0 1.73 1.562 4.084 1937.943 0.0 804.515 1.6587206789687732 1.0 -1.0 -1.0
23.0 0.0 Car -1.0 -1.0 -1.0 -1.0 -1.0 -1.0 -1.0 1.907 1.694 5.336 1936.748 0.789 819.407 1.2747710323423522 1.0 -1.0 -1.0
24.0 99.0 Car -1.0 -1.0 -1.0 -1.0 -1.0 -1.0 -1.0 1.73 1.562 4.084 1937.796 0.0 806.644 1.639042146295288 1.0 -1.0 -1.0
24.0 0.0 Car -1.0 -1.0 -1.0 -1.0 -1.0 -1.0 -1.0 1.907 1.694 5.336 1937.182 0.741 822.248 1.489273818194989 0.0 -1.0 -1.0
25.0 99.0 Car -1.0 -1.0 -1.0 -1.0 -1.0 -1.0 -1.0 1.73 1.562 4.084 1937.698 0.0 808.618 1.6156933704611556 1.0 -1.0 -1.0
25.0 0.0 Car -1.0 -1.0 -1.0 -1.0 -1.0 -1.0 -1.0 1.907 1.694 5.336 1937.304 0.697 824.854 1.484210542581672 0.0 -1.0 -1.0
26.0 99.0 Car -1.0 -1.0 -1.0 -1.0 -1.0 -1.0 -1.0 1.73 1.562 4.084 1937.656 0.0 810.575 1.5993536022233343 1.0 -1.0 -1.0
26.0 0.0 Car -1.0 -1.0 -1.0 -1.0 -1.0 -1.0 -1.0 1.907 1.694 5.336 1937.441 0.644 827.818 1.5191352735657042 0.0 -1.0 -1.0
27.0 99.0 Car -1.0 -1.0 -1.0 -1.0 -1.0 -1.0 -1.0 1.73 1.562 4.084 1937.634 0.0 812.531 1.592212260473217 1.0 -1.0 -1.0
27.0 0.0 Car -1.0 -1.0 -1.0 -1.0 -1.0 -1.0 -1.0 1.907 1.694 5.336 1937.475 0.59 830.782 1.5540237126614451 0.0 -1.0 -1.0
28.0 99.0 Car -1.0 -1.0 -1.0 -1.0 -1.0 -1.0 -1.0 1.73 1.562 4.084 1937.623 0.0 814.455 1.5923931067129025 1.0 -1.0 -1.0
28.0 0.0 Car -1.0 -1.0 -1.0 -1.0 -1.0 -1.0 -1.0 1.907 1.694 5.336 1937.384 0.637 833.926 1.5889196429034615 0.0 -1.0 -1.0
29.0 99.0 Car -1.0 -1.0 -1.0 -1.0 -1.0 -1.0 -1.0 1.73 1.562 4.084 1937.603 0.0 816.394 1.5918277222492814 1.0 -1.0 -1.0
29.0 0.0 Car -1.0 -1.0 -1.0 -1.0 -1.0 -1.0 -1.0 1.907 1.694 5.336 1937.293 0.683 837.073 1.5889302977013318 0.0 -1.0 -1.0
30.0 99.0 Car -1.0 -1.0 -1.0 -1.0 -1.0 -1.0 -1.0 1.73 1.562 4.084 1937.582 0.0 818.573 1.5915685067606784 1.0 -1.0 -1.0
30.0 0.0 Car -1.0 -1.0 -1.0 -1.0 -1.0 -1.0 -1.0 1.907 1.694 5.336 1937.268 0.67 840.037 1.5802081057725907 0.0 -1.0 -1.0
31.0 99.0 Car -1.0 -1.0 -1.0 -1.0 -1.0 -1.0 -1.0 1.73 1.562 4.084 1937.566 0.0 820.922 1.591860823765627 1.0 -1.0 -1.0
31.0 0.0 Car -1.0 -1.0 -1.0 -1.0 -1.0 -1.0 -1.0 1.907 1.694 5.336 1937.243 0.656 843.004 1.5714770051813884 0.0 -1.0 -1.0
32.0 99.0 Car -1.0 -1.0 -1.0 -1.0 -1.0 -1.0 -1.0 1.73 1.562 4.084 1937.546 0.0 823.344 1.5898398016107074 1.0 -1.0 -1.0
32.0 0.0 Car -1.0 -1.0 -1.0 -1.0 -1.0 -1.0 -1.0 1.907 1.694 5.336 1937.121 0.643 845.748 1.5802036776271382 0.0 -1.0 -1.0
33.0 99.0 Car -1.0 -1.0 -1.0 -1.0 -1.0 -1.0 -1.0 1.73 1.562 4.084 1937.523 0.0 825.791 1.588133090157556 1.0 -1.0 -1.0
33.0 0.0 Car -1.0 -1.0 -1.0 -1.0 -1.0 -1.0 -1.0 1.907 1.694 5.336 1937.0 0.63 848.492 1.5889302977013318 0.0 -1.0 -1.0
34.0 99.0 Car -1.0 -1.0 -1.0 -1.0 -1.0 -1.0 -1.0 1.73 1.562 4.084 1937.51 0.0 828.32 1.58741855156149 1.0 -1.0 -1.0
34.0 0.0 Car -1.0 -1.0 -1.0 -1.0 -1.0 -1.0 -1.0 1.907 1.694 5.336 1937.002 0.616 850.5 1.5802087170195713 0.0 -1.0 -1.0
35.0 99.0 Car -1.0 -1.0 -1.0 -1.0 -1.0 -1.0 -1.0 1.73 1.562 4.084 1937.499 0.0 830.944 1.5870513931618344 1.0 -1.0 -1.0
35.0 0.0 Car -1.0 -1.0 -1.0 -1.0 -1.0 -1.0 -1.0 1.907 1.694 5.336 1937.004 0.603 852.511 1.5714770051813884 0.0 -1.0 -1.0
