0.0 99.0 Car -1.0 -1.0 -1.0 -1.0 -1.0 -1.0 -1.0 1.73 1.562 4.084 943.132 0.0 389.96 -2.2909453303431717 1.0 -1.0 -1.0
0.0 1.0 Car -1.0 -1.0 -1.0 -1.0 -1.0 -1.0 -1.0 2.055 1.877 4.757 950.828 0.91 399.131 -2.27828299238281 0.0 -1.0 -1.0
1.0 99.0 Car -1.0 -1.0 -1.0 -1.0 -1.0 -1.0 -1.0 1.73 1.562 4.084 942.1 0.0 388.803 -2.2970567921413134 1.0 -1.0 -1.0
1.0 1.0 Car -1.0 -1.0 -1.0 -1.0 -1.0 -1.0 -1.0 2.055 1.877 4.757 949.933 0.914 398.098 -2.2832700922448916 1.0 -1.0 -1.0
2.0 99.0 Car -1.0 -1.0 -1.0 -1.0 -1.0 -1.0 -1.0 1.73 1.562 4.084 940.757 0.0 387.317 -2.2992234825144227 1.0 -1.0 -1.0
2.0 1.0 Car -1.0 -1.0 -1.0 -1.0 -1.0 -1.0 -1.0 2.055 1.877 4.757 948.804 0.992 396.708 -2.28950311383795 1.0 -1.0 -1.0
3.0 99.0 Car -1.0 -1.0 -1.0 -1.0 -1.0 -1.0 -1.0 1.73 1.562 4.084 939.439 0.0 385.842 -2.284882448838027 1.0 -1.0 -1.0
3.0 1.0 Car -1.0 -1.0 -1.0 -1.0 -1.0 -1.0 -1.0 2.055 1.877 4.757 947.595 0.999 395.388 -2.295736284902753 1.0 -1.0 -1.0
4.0 99.0 Car -1.0 -1.0 -1.0 -1.0 -1.0 -1.0 -1.0 1.73 1.562 4.084 938.017 0.0 384.18 -2.260117168037605 1.0 -1.0 -1.0
4.0 1.0 Car -1.0 -1.0 -1.0 -1.0 -1.0 -1.0 -1.0 2.055 1.877 4.757 946.224 0.929 393.915 -2.2899228314018916 1.0 -1.0 -1.0
5.0 99.0 Car -1.0 -1.0 -1.0 -1.0 -1.0 -1.0 -1.0 1.73 1.562 4.084 936.455 0.0 382.249 -2.2326014393305766 1.0 -1.0 -1.0
5.0 1.0 Car -1.0 -1.0 -1.0 -1.0 -1.0 -1.0 -1.0 2.055 1.877 4.757 944.922 0.926 392.379 -2.2841032375186874 1.0 -1.0 -1.0
6.0 99.0 Car -1.0 -1.0 -1.0 -1.0 -1.0 -1.0 -1.0 1.73 1.562 4.084 934.725 0.0 380.027 -2.214814649602553 1.0 -1.0 -1.0
6.0 1.0 Car -1.0 -1.0 -1.0 -1.0 -1.0 -1.0 -1.0 2.055 1.877 4.757 943.472 0.963 390.791 -2.27828299238281 1.0 -1.0 -1.0
7.0 99.0 Car -1.0 -1.0 -1.0 -1.0 -1.0 -1.0 -1.0 1.73 1.562 4.084 932.856 0.0 377.515 -2.1991111025281116 1.0 -1.0 -1.0
7.0 1.0 Car -1.0 -1.0 -1.0 -1.0 -1.0 -1.0 -1.0 2.055 1.877 4.757 942.143 0.952 389.281 -2.2874669570574246 1.0 -1.0 -1.0
8.0 99.0 Car -1.0 -1.0 -1.0 -1.0 -1.0 -1.0 -1.0 1.73 1.562 4.084 930.938 0.0 374.888 -2.1904435587114657 1.0 -1.0 -1.0
8.0 1.0 Car -1.0 -1.0 -1.0 -1.0 -1.0 -1.0 -1.0 2.055 1.877 4.757 940.693 0.989 387.608 -2.2792003882420673 1.0 -1.0 -1.0
9.0 99.0 Car -1.0 -1.0 -1.0 -1.0 -1.0 -1.0 -1.0 1.73 1.562 4.084 929.047 0.0 372.303 -2.202956073346145 1.0 -1.0 -1.0
9.0 2.0 Car -1.0 -1.0 -1.0 -1.0 -1.0 -1.0 -1.0 1.986 1.866 5.169 855.912 1.273 288.524 0.799674956671323 0.0 -1.0 -1.0
9.0 1.0 Car -1.0 -1.0 -1.0 -1.0 -1.0 -1.0 -1.0 2.055 1.877 4.757 939.189 1.023 385.734 -2.3058453707205473 1.0 -1.0 -1.0
10.0 99.0 Car -1.0 -1.0 -1.0 -1.0 -1.0 -1.0 -1.0 1.73 1.562 4.084 927.505 0.0 370.285 -2.2295431419212095 1.0 -1.0 -1.0
10.0 2.0 Car -1.0 -1.0 -1.0 -1.0 -1.0 -1.0 -1.0 1.986 1.866 5.169 858.945 1.227 291.699 0.799674956671323 0.0 -1.0 -1.0
10.0 1.0 Car -1.0 -1.0 -1.0 -1.0 -1.0 -1.0 -1.0 2.055 1.877 4.757 937.924 1.176 384.188 -2.295736284902753 1.0 -1.0 -1.0
11.0 99.0 Car -1.0 -1.0 -1.0 -1.0 -1.0 -1.0 -1.0 1.73 1.562 4.084 925.462 0.0 367.773 -2.2682954804643294 1.0 -1.0 -1.0
11.0 2.0 Car -1.0 -1.0 -1.0 -1.0 -1.0 -1.0 -1.0 1.986 1.866 5.169 861.954 1.002 294.979 0.8171282491912664 0.0 -1.0 -1.0
11.0 1.0 Car -1.0 -1.0 -1.0 -1.0 -1.0 -1.0 -1.0 2.055 1.877 4.757 936.044 1.177 382.133 -2.3131895774226963 1.0 -1.0 -1.0
12.0 99.0 Car -1.0 -1.0 -1.0 -1.0 -1.0 -1.0 -1.0 1.73 1.562 4.084 923.314 0.0 365.338 -2.308578250598957 1.0 -1.0 -1.0
12.0 2.0 Car -1.0 -1.0 -1.0 -1.0 -1.0 -1.0 -1.0 1.986 1.866 5.169 864.741 0.907 297.986 0.8149447949001125 1.0 -1.0 -1.0
12.0 1.0 Car -1.0 -1.0 -1.0 -1.0 -1.0 -1.0 -1.0 2.055 1.877 4.757 934.17 1.168 380.071 -2.3131895774226963 1.0 -1.0 -1.0
13.0 99.0 Car -1.0 -1.0 -1.0 -1.0 -1.0 -1.0 -1.0 1.73 1.562 4.084 921.072 0.0 362.96 -2.3406482334028325 1.0 -1.0 -1.0
13.0 2.0 Car -1.0 -1.0 -1.0 -1.0 -1.0 -1.0 -1.0 1.986 1.866 5.169 867.525 0.812 300.99 0.8127637272745138 1.0 -1.0 -1.0
13.0 1.0 Car -1.0 -1.0 -1.0 -1.0 -1.0 -1.0 -1.0 2.055 1.877 4.757 932.294 1.171 377.929 -2.295736284902753 1.0 -1.0 -1.0
14.0 99.0 Car -1.0 -1.0 -1.0 -1.0 -1.0 -1.0 -1.0 1.73 1.562 4.084 918.775 0.0 360.658 -2.3613719543626313 1.0 -1.0 -1.0
14.0 2.0 Car -1.0 -1.0 -1.0 -1.0 -1.0 -1.0 -1.0 1.986 1.866 5.169 870.31 0.716 303.995 0.8105825025740342 1.0 -1.0 -1.0
14.0 1.0 Car -1.0 -1.0 -1.0 -1.0 -1.0 -1.0 -1.0 2.055 1.877 4.757 930.296 1.188 375.704 -2.297190745096389 1.0 -1.0 -1.0
15.0 99.0 Car -1.0 -1.0 -1.0 -1.0 -1.0 -1.0 -1.0 1.73 1.562 4.084 916.455 0.0 358.404 -2.370453522483138 1.0 -1.0 -1.0
15.0 2.0 Car -1.0 -1.0 -1.0 -1.0 -1.0 -1.0 -1.0 1.986 1.866 5.169 873.094 0.621 306.999 0.8084014873067294 1.0 -1.0 -1.0
15.0 1.0 Car -1.0 -1.0 -1.0 -1.0 -1.0 -1.0 -1.0 2.055 1.877 4.757 928.171 1.108 373.423 -2.2986450656381057 1.0 -1.0 -1.0
16.0 99.0 Car -1.0 -1.0 -1.0 -1.0 -1.0 -1.0 -1.0 1.73 1.562 4.084 914.15 0.0 356.189 -2.3745377206613347 1.0 -1.0 -1.0
16.0 2.0 Car -1.0 -1.0 -1.0 -1.0 -1.0 -1.0 -1.0 1.986 1.866 5.169 874.395 0.549 308.367 0.8062204109547486 1.0 -1.0 -1.0
16.0 1.0 Car -1.0 -1.0 -1.0 -1.0 -1.0 -1.0 -1.0 2.055 1.877 4.757 926.04 1.106 370.99 -2.3000994269116317 1.0 -1.0 -1.0
17.0 99.0 Car -1.0 -1.0 -1.0 -1.0 -1.0 -1.0 -1.0 1.73 1.562 4.084 911.922 0.0 354.045 -2.3705470734696457 1.0 -1.0 -1.0
17.0 2.0 Car -1.0 -1.0 -1.0 -1.0 -1.0 -1.0 -1.0 1.986 1.866 5.169 875.695 0.477 309.736 0.8040394262297818 1.0 -1.0 -1.0
17.0 1.0 Car -1.0 -1.0 -1.0 -1.0 -1.0 -1.0 -1.0 2.055 1.877 4.757 923.844 1.059 368.494 -2.27828299238281 1.0 -1.0 -1.0
18.0 99.0 Car -1.0 -1.0 -1.0 -1.0 -1.0 -1.0 -1.0 1.73 1.562 4.084 909.918 0.0 352.08 -2.355321963913542 1.0 -1.0 -1.0
18.0 2.0 Car -1.0 -1.0 -1.0 -1.0 -1.0 -1.0 -1.0 1.986 1.866 5.169 876.998 0.405 311.106 0.8018560112073483 1.0 -1.0 -1.0
18.0 1.0 Car -1.0 -1.0 -1.0 -1.0 -1.0 -1.0 -1.0 2.055 1.877 4.757 921.669 0.993 366.162 -2.27828299238281 1.0 -1.0 -1.0
19.0 99.0 Car -1.0 -1.0 -1.0 -1.0 -1.0 -1.0 -1.0 1.73 1.562 4.084 908.028 0.0 350.173 -2.3364434817638315 1.0 -1.0 -1.0
19.0 2.0 Car -1.0 -1.0 -1.0 -1.0 -1.0 -1.0 -1.0 1.986 1.866 5.169 878.298 0.333 312.475 0.799674956671323 1.0 -1.0 -1.0
19.0 1.0 Car -1.0 -1.0 -1.0 -1.0 -1.0 -1.0 -1.0 2.055 1.877 4.757 919.486 1.017 363.768 -2.27828299238281 1.0 -1.0 -1.0
20.0 99.0 Car -1.0 -1.0 -1.0 -1.0 -1.0 -1.0 -1.0 1.73 1.562 4.084 906.306 0.0 348.36 -2.3170385916069094 1.0 -1.0 -1.0
20.0 2.0 Car -1.0 -1.0 -1.0 -1.0 -1.0 -1.0 -1.0 1.986 1.866 5.169 878.631 0.472 312.844 0.799674956671323 1.0 -1.0 -1.0
20.0 1.0 Car -1.0 -1.0 -1.0 -1.0 -1.0 -1.0 -1.0 2.055 1.877 4.757 917.406 0.982 361.473 -2.295736284902753 1.0 -1.0 -1.0
21.0 99.0 Car -1.0 -1.0 -1.0 -1.0 -1.0 -1.0 -1.0 1.73 1.562 4.084 904.716 0.0 346.641 -2.302865064982295 1.0 -1.0 -1.0
21.0 2.0 Car -1.0 -1.0 -1.0 -1.0 -1.0 -1.0 -1.0 1.986 1.866 5.169 878.964 0.611 313.212 0.799674956671323 1.0 -1.0 -1.0
21.0 1.0 Car -1.0 -1.0 -1.0 -1.0 -1.0 -1.0 -1.0 2.055 1.877 4.757 915.147 0.849 359.086 -2.295736284902753 1.0 -1.0 -1.0
22.0 99.0 Car -1.0 -1.0 -1.0 -1.0 -1.0 -1.0 -1.0 1.73 1.562 4.084 903.325 0.0 345.088 -2.292221931606514 1.0 -1.0 -1.0
22.0 2.0 Car -1.0 -1.0 -1.0 -1.0 -1.0 -1.0 -1.0 1.986 1.866 5.169 879.323 0.618 313.659 0.799674956671323 1.0 -1.0 -1.0
22.0 1.0 Car -1.0 -1.0 -1.0 -1.0 -1.0 -1.0 -1.0 2.055 1.877 4.757 913.402 0.834 357.083 -2.27828299238281 1.0 -1.0 -1.0
23.0 99.0 Car -1.0 -1.0 -1.0 -1.0 -1.0 -1.0 -1.0 1.73 1.562 4.084 902.027 0.0 343.626 -2.291886608763254 1.0 -1.0 -1.0
23.0 2.0 Car -1.0 -1.0 -1.0 -1.0 -1.0 -1.0 -1.0 1.986 1.866 5.169 880.129 0.625 314.464 0.799674956671323 1.0 -1.0 -1.0
23.0 1.0 Car -1.0 -1.0 -1.0 -1.0 -1.0 -1.0 -1.0 2.055 1.877 4.757 911.605 0.921 355.063 -2.273892277937202 1.0 -1.0 -1.0
24.0 99.0 Car -1.0 -1.0 -1.0 -1.0 -1.0 -1.0 -1.0 1.73 1.562 4.084 900.826 0.0 342.296 -2.2975916579593227 1.0 -1.0 -1.0
24.0 2.0 Car -1.0 -1.0 -1.0 -1.0 -1.0 -1.0 -1.0 1.986 1.866 5.169 880.935 0.631 315.268 0.799674956671323 1.0 -1.0 -1.0
24.0 1.0 Car -1.0 -1.0 -1.0 -1.0 -1.0 -1.0 -1.0 2.055 1.877 4.757 910.163 1.009 353.305 -2.286997967284455 1.0 -1.0 -1.0
25.0 99.0 Car -1.0 -1.0 -1.0 -1.0 -1.0 -1.0 -1.0 1.73 1.562 4.084 899.665 0.0 341.013 -2.3011256019248667 1.0 -1.0 -1.0
25.0 2.0 Car -1.0 -1.0 -1.0 -1.0 -1.0 -1.0 -1.0 1.986 1.866 5.169 881.74 0.638 316.072 0.799674956671323 1.0 -1.0 -1.0
25.0 1.0 Car -1.0 -1.0 -1.0 -1.0 -1.0 -1.0 -1.0 2.055 1.877 4.757 908.555 0.921 351.625 -2.282640584436553 1.0 -1.0 -1.0
26.0 99.0 Car -1.0 -1.0 -1.0 -1.0 -1.0 -1.0 -1.0 1.73 1.562 4.084 898.577 0.0 339.809 -2.3025218679209467 1.0 -1.0 -1.0
26.0 0.0 Car -1.0 -1.0 -1.0 -1.0 -1.0 -1.0 -1.0 2.136 1.792 5.052 873.93 0.688 326.846 -0.7269994466284881 0.0 -1.0 -1.0
26.0 2.0 Car -1.0 -1.0 -1.0 -1.0 -1.0 -1.0 -1.0 1.986 1.866 5.169 882.942 0.645 317.285 0.799674956671323 1.0 -1.0 -1.0
26.0 1.0 Car -1.0 -1.0 -1.0 -1.0 -1.0 -1.0 -1.0 2.055 1.877 4.757 907.088 0.911 350.048 -2.27828299238281 1.0 -1.0 -1.0
27.0 99.0 Car -1.0 -1.0 -1.0 -1.0 -1.0 -1.0 -1.0 1.73 1.562 4.084 897.639 0.0 338.778 -2.3039188755542015 1.0 -1.0 -1.0
27.0 0.0 Car -1.0 -1.0 -1.0 -1.0 -1.0 -1.0 -1.0 2.136 1.792 5.052 874.504 0.658 326.387 -0.7432841668128951 1.0 -1.0 -1.0
27.0 2.0 Car -1.0 -1.0 -1.0 -1.0 -1.0 -1.0 -1.0 1.986 1.866 5.169 884.75 0.596 319.062 0.799674956671323 1.0 -1.0 -1.0
27.0 1.0 Car -1.0 -1.0 -1.0 -1.0 -1.0 -1.0 -1.0 2.055 1.877 4.757 905.912 0.94 348.513 -2.27828299238281 1.0 -1.0 -1.0
28.0 99.0 Car -1.0 -1.0 -1.0 -1.0 -1.0 -1.0 -1.0 1.73 1.562 4.084 896.83 0.0 337.895 -2.3031687776443115 1.0 -1.0 -1.0
28.0 0.0 Car -1.0 -1.0 -1.0 -1.0 -1.0 -1.0 -1.0 2.136 1.792 5.052 874.892 0.529 325.904 -0.7595533465878002 0.0 -1.0 -1.0
28.0 2.0 Car -1.0 -1.0 -1.0 -1.0 -1.0 -1.0 -1.0 1.986 1.866 5.169 886.557 0.547 320.838 0.799674956671323 0.0 -1.0 -1.0
28.0 1.0 Car -1.0 -1.0 -1.0 -1.0 -1.0 -1.0 -1.0 2.055 1.877 4.757 904.776 0.988 347.207 -2.27828299238281 0.0 -1.0 -1.0
29.0 99.0 Car -1.0 -1.0 -1.0 -1.0 -1.0 -1.0 -1.0 1.73 1.562 4.084 896.067 0.0 337.056 -2.301243359091934 1.0 -1.0 -1.0
29.0 0.0 Car -1.0 -1.0 -1.0 -1.0 -1.0 -1.0 -1.0 2.136 1.792 5.052 875.03 0.597 325.718 -0.7758385880438046 0.0 -1.0 -1.0
29.0 2.0 Car -1.0 -1.0 -1.0 -1.0 -1.0 -1.0 -1.0 1.986 1.866 5.169 888.588 0.56 323.019 0.799674956671323 0.0 -1.0 -1.0
29.0 1.0 Car -1.0 -1.0 -1.0 -1.0 -1.0 -1.0 -1.0 2.055 1.877 4.757 903.648 1.027 345.955 -2.27828299238281 0.0 -1.0 -1.0
30.0 99.0 Car -1.0 -1.0 -1.0 -1.0 -1.0 -1.0 -1.0 1.73 1.562 4.084 895.391 0.0 336.321 -2.30803128851286 1.0 -1.0 -1.0
30.0 0.0 Car -1.0 -1.0 -1.0 -1.0 -1.0 -1.0 -1.0 2.136 1.792 5.052 875.357 0.673 325.304 -0.8386705640182915 0.0 -1.0 -1.0
30.0 2.0 Car -1.0 -1.0 -1.0 -1.0 -1.0 -1.0 -1.0 1.986 1.866 5.169 890.722 0.671 325.191 0.799674956671323 0.0 -1.0 -1.0
30.0 1.0 Car -1.0 -1.0 -1.0 -1.0 -1.0 -1.0 -1.0 2.055 1.877 4.757 902.516 1.046 344.73 -2.27828299238281 0.0 -1.0 -1.0
31.0 99.0 Car -1.0 -1.0 -1.0 -1.0 -1.0 -1.0 -1.0 1.73 1.562 4.084 894.821 0.0 335.715 -2.318911063802362 1.0 -1.0 -1.0
31.0 0.0 Car -1.0 -1.0 -1.0 -1.0 -1.0 -1.0 -1.0 2.136 1.792 5.052 875.735 0.669 324.706 -0.8666257867880328 0.0 -1.0 -1.0
31.0 2.0 Car -1.0 -1.0 -1.0 -1.0 -1.0 -1.0 -1.0 1.986 1.866 5.169 893.112 0.699 327.651 0.8346002424505857 0.0 -1.0 -1.0
31.0 1.0 Car -1.0 -1.0 -1.0 -1.0 -1.0 -1.0 -1.0 2.055 1.877 4.757 901.423 1.056 343.484 -2.27828299238281 0.0 -1.0 -1.0
32.0 99.0 Car -1.0 -1.0 -1.0 -1.0 -1.0 -1.0 -1.0 1.73 1.562 4.084 894.399 0.0 335.275 -2.3301399064981227 1.0 -1.0 -1.0
32.0 0.0 Car -1.0 -1.0 -1.0 -1.0 -1.0 -1.0 -1.0 2.136 1.792 5.052 876.204 0.728 323.741 -0.9748064090922512 0.0 -1.0 -1.0
32.0 2.0 Car -1.0 -1.0 -1.0 -1.0 -1.0 -1.0 -1.0 1.986 1.866 5.169 895.596 0.768 330.503 0.834601660019702 0.0 -1.0 -1.0
32.0 1.0 Car -1.0 -1.0 -1.0 -1.0 -1.0 -1.0 -1.0 2.055 1.877 4.757 900.493 1.026 342.37 -2.295736284902753 0.0 -1.0 -1.0
33.0 99.0 Car -1.0 -1.0 -1.0 -1.0 -1.0 -1.0 -1.0 1.73 1.562 4.084 894.155 0.0 335.028 -2.335034067543951 1.0 -1.0 -1.0
33.0 0.0 Car -1.0 -1.0 -1.0 -1.0 -1.0 -1.0 -1.0 2.136 1.792 5.052 876.53 0.599 322.571 -1.1525581958761562 0.0 -1.0 -1.0
33.0 2.0 Car -1.0 -1.0 -1.0 -1.0 -1.0 -1.0 -1.0 1.986 1.866 5.169 898.197 0.886 333.452 0.8520347574170629 0.0 -1.0 -1.0
33.0 1.0 Car -1.0 -1.0 -1.0 -1.0 -1.0 -1.0 -1.0 2.055 1.877 4.757 899.505 0.938 341.444 -2.295736284902753 0.0 -1.0 -1.0
34.0 99.0 Car -1.0 -1.0 -1.0 -1.0 -1.0 -1.0 -1.0 1.73 1.562 4.084 894.066 0.0 334.946 -2.3380354758329758 1.0 -1.0 -1.0
34.0 0.0 Car -1.0 -1.0 -1.0 -1.0 -1.0 -1.0 -1.0 2.136 1.792 5.052 876.815 0.624 320.93 -1.3654458566897343 0.0 -1.0 -1.0
34.0 2.0 Car -1.0 -1.0 -1.0 -1.0 -1.0 -1.0 -1.0 1.986 1.866 5.169 900.927 1.025 336.52 0.8694882803792765 0.0 -1.0 -1.0
34.0 1.0 Car -1.0 -1.0 -1.0 -1.0 -1.0 -1.0 -1.0 2.055 1.877 4.757 898.765 0.906 340.621 -2.295736284902753 0.0 -1.0 -1.0
35.0 99.0 Car -1.0 -1.0 -1.0 -1.0 -1.0 -1.0 -1.0 1.73 1.562 4.084 894.03 0.0 334.915 -2.338857275605348 1.0 -1.0 -1.0
35.0 0.0 Car -1.0 -1.0 -1.0 -1.0 -1.0 -1.0 -1.0 2.136 1.792 5.052 876.564 0.49 319.275 -1.613234649750215 0.0 -1.0 -1.0
35.0 2.0 Car -1.0 -1.0 -1.0 -1.0 -1.0 -1.0 -1.0 1.986 1.866 5.169 903.585 1.121 339.895 0.8869414192710395 0.0 -1.0 -1.0
35.0 1.0 Car -1.0 -1.0 -1.0 -1.0 -1.0 -1.0 -1.0 2.055 1.877 4.757 898.255 1.033 340.007 -2.27828299238281 0.0 -1.0 -1.0
36.0 99.0 Car -1.0 -1.0 -1.0 -1.0 -1.0 -1.0 -1.0 1.73 1.562 4.084 894.034 0.0 334.925 -2.3392090093131976 1.0 -1.0 -1.0
36.0 0.0 Car -1.0 -1.0 -1.0 -1.0 -1.0 -1.0 -1.0 2.136 1.792 5.052 875.944 0.43 317.314 -1.8265568753849035 0.0 -1.0 -1.0
36.0 2.0 Car -1.0 -1.0 -1.0 -1.0 -1.0 -1.0 -1.0 1.986 1.866 5.169 906.688 1.091 343.382 0.876455282015039 0.0 -1.0 -1.0
36.0 1.0 Car -1.0 -1.0 -1.0 -1.0 -1.0 -1.0 -1.0 2.055 1.877 4.757 897.969 1.081 339.654 -2.3131895774226963 0.0 -1.0 -1.0
37.0 99.0 Car -1.0 -1.0 -1.0 -1.0 -1.0 -1.0 -1.0 1.73 1.562 4.084 894.033 0.0 334.929 -2.3394578675065323 1.0 -1.0 -1.0
37.0 0.0 Car -1.0 -1.0 -1.0 -1.0 -1.0 -1.0 -1.0 2.136 1.792 5.052 875.074 0.483 315.378 -1.9836744971649074 0.0 -1.0 -1.0
37.0 2.0 Car -1.0 -1.0 -1.0 -1.0 -1.0 -1.0 -1.0 1.986 1.866 5.169 909.816 1.061 347.101 0.8659811590083377 0.0 -1.0 -1.0
37.0 1.0 Car -1.0 -1.0 -1.0 -1.0 -1.0 -1.0 -1.0 2.055 1.877 4.757 897.843 1.098 339.539 -2.27828299238281 0.0 -1.0 -1.0
38.0 99.0 Car -1.0 -1.0 -1.0 -1.0 -1.0 -1.0 -1.0 1.73 1.562 4.084 894.032 0.0 334.93 -2.3395650874330447 1.0 -1.0 -1.0
38.0 0.0 Car -1.0 -1.0 -1.0 -1.0 -1.0 -1.0 -1.0 2.136 1.792 5.052 873.945 0.674 313.216 -1.9661824216518522 0.0 -1.0 -1.0
38.0 2.0 Car -1.0 -1.0 -1.0 -1.0 -1.0 -1.0 -1.0 1.986 1.866 5.169 913.171 1.031 351.014 0.8555185479129858 0.0 -1.0 -1.0
38.0 1.0 Car -1.0 -1.0 -1.0 -1.0 -1.0 -1.0 -1.0 2.055 1.877 4.757 897.778 1.089 339.47 -2.27828299238281 0.0 -1.0 -1.0
39.0 99.0 Car -1.0 -1.0 -1.0 -1.0 -1.0 -1.0 -1.0 1.73 1.562 4.084 894.03 0.0 334.932 -2.3407059815994593 1.0 -1.0 -1.0
39.0 0.0 Car -1.0 -1.0 -1.0 -1.0 -1.0 -1.0 -1.0 2.136 1.792 5.052 872.407 0.592 311.0 -2.0796626245354766 0.0 -1.0 -1.0
39.0 2.0 Car -1.0 -1.0 -1.0 -1.0 -1.0 -1.0 -1.0 1.986 1.866 5.169 916.876 1.001 355.141 0.862497612772488 0.0 -1.0 -1.0
39.0 1.0 Car -1.0 -1.0 -1.0 -1.0 -1.0 -1.0 -1.0 2.055 1.877 4.757 897.758 1.041 339.544 -2.27828299238281 0.0 -1.0 -1.0
