0.0 99.0 Car -1.0 -1.0 -1.0 -1.0 -1.0 -1.0 -1.0 1.73 1.562 4.084 619.53 0.0 2148.021 1.2426152068151417 1.0 -1.0 -1.0
0.0 0.0 Bus -1.0 -1.0 -1.0 -1.0 -1.0 -1.0 -1.0 3.07 3.527 12.386 660.704 1.229 2199.485 -2.5506241688812907 0.0 -1.0 -1.0
1.0 99.0 Car -1.0 -1.0 -1.0 -1.0 -1.0 -1.0 -1.0 1.73 1.562 4.084 620.433 0.0 2150.661 1.2464454392148454 1.0 -1.0 -1.0
1.0 0.0 Bus -1.0 -1.0 -1.0 -1.0 -1.0 -1.0 -1.0 3.07 3.527 12.386 657.51 1.189 2197.112 -2.5506241688812907 1.0 -1.0 -1.0
2.0 99.0 Car -1.0 -1.0 -1.0 -1.0 -1.0 -1.0 -1.0 1.73 1.562 4.084 621.393 0.0 2153.467 1.2465038828945103 1.0 -1.0 -1.0
2.0 0.0 Bus -1.0 -1.0 -1.0 -1.0 -1.0 -1.0 -1.0 3.07 3.527 12.386 654.174 1.148 2194.644 -2.5506241688812907 1.0 -1.0 -1.0
3.0 99.0 Car -1.0 -1.0 -1.0 -1.0 -1.0 -1.0 -1.0 1.73 1.562 4.084 622.413 0.0 2156.426 1.2454181677857306 1.0 -1.0 -1.0
3.0 0.0 Bus -1.0 -1.0 -1.0 -1.0 -1.0 -1.0 -1.0 3.07 3.527 12.386 651.047 1.108 2192.317 -2.4982642913214614 1.0 -1.0 -1.0
4.0 99.0 Car -1.0 -1.0 -1.0 -1.0 -1.0 -1.0 -1.0 1.73 1.562 4.084 623.511 0.0 2159.544 1.2311017499587869 1.0 -1.0 -1.0
4.0 0.0 Bus -1.0 -1.0 -1.0 -1.0 -1.0 -1.0 -1.0 3.07 3.527 12.386 647.903 1.067 2190.285 -2.3586379511619167 1.0 -1.0 -1.0
5.0 99.0 Car -1.0 -1.0 -1.0 -1.0 -1.0 -1.0 -1.0 1.73 1.562 4.084 624.589 0.0 2162.426 1.2047938902133104 1.0 -1.0 -1.0
5.0 0.0 Bus -1.0 -1.0 -1.0 -1.0 -1.0 -1.0 -1.0 3.07 3.527 12.386 645.181 1.115 2187.812 -2.2888247810821443 1.0 -1.0 -1.0
6.0 99.0 Car -1.0 -1.0 -1.0 -1.0 -1.0 -1.0 -1.0 1.73 1.562 4.084 625.889 0.0 2165.568 1.1661918310827213 1.0 -1.0 -1.0
6.0 0.0 Bus -1.0 -1.0 -1.0 -1.0 -1.0 -1.0 -1.0 3.07 3.527 12.386 642.828 1.168 2184.95 -2.2888247810821443 0.0 -1.0 -1.0
7.0 99.0 Car -1.0 -1.0 -1.0 -1.0 -1.0 -1.0 -1.0 1.73 1.562 4.084 627.3 0.0 2168.643 1.1220821180233924 1.0 -1.0 -1.0
7.0 0.0 Bus -1.0 -1.0 -1.0 -1.0 -1.0 -1.0 -1.0 3.07 3.527 12.386 640.37 1.221 2181.839 -2.2888247810821443 0.0 -1.0 -1.0
8.0 99.0 Car -1.0 -1.0 -1.0 -1.0 -1.0 -1.0 -1.0 1.73 1.562 4.084 628.932 0.0 2171.788 1.0689946810514304 1.0 -1.0 -1.0
8.0 0.0 Bus -1.0 -1.0 -1.0 -1.0 -1.0 -1.0 -1.0 3.07 3.527 12.386 637.988 1.408 2178.888 -2.2364649035223145 0.0 -1.0 -1.0
9.0 99.0 Car -1.0 -1.0 -1.0 -1.0 -1.0 -1.0 -1.0 1.73 1.562 4.084 630.742 0.0 2174.872 1.0209367505867595 1.0 -1.0 -1.0
9.0 0.0 Bus -1.0 -1.0 -1.0 -1.0 -1.0 -1.0 -1.0 3.07 3.527 12.386 635.624 1.594 2175.684 -2.1841050259624857 0.0 -1.0 -1.0
10.0 99.0 Car -1.0 -1.0 -1.0 -1.0 -1.0 -1.0 -1.0 1.73 1.562 4.084 632.682 0.0 2177.871 0.9735490672851415 1.0 -1.0 -1.0
10.0 0.0 Bus -1.0 -1.0 -1.0 -1.0 -1.0 -1.0 -1.0 3.07 3.527 12.386 633.645 1.594 2172.28 -2.1142918558827133 0.0 -1.0 -1.0
11.0 99.0 Car -1.0 -1.0 -1.0 -1.0 -1.0 -1.0 -1.0 1.73 1.562 4.084 634.793 0.0 2180.8 0.923271327358976 1.0 -1.0 -1.0
11.0 0.0 Bus -1.0 -1.0 -1.0 -1.0 -1.0 -1.0 -1.0 3.07 3.527 12.386 631.6 1.594 2168.93 -2.0793852708428266 0.0 -1.0 -1.0
12.0 99.0 Car -1.0 -1.0 -1.0 -1.0 -1.0 -1.0 -1.0 1.73 1.562 4.084 637.03 0.0 2183.576 0.8715457597636421 1.0 -1.0 -1.0
12.0 0.0 Bus -1.0 -1.0 -1.0 -1.0 -1.0 -1.0 -1.0 3.07 3.527 12.386 629.67 1.728 2165.613 -2.0793852708428266 0.0 -1.0 -1.0
13.0 99.0 Car -1.0 -1.0 -1.0 -1.0 -1.0 -1.0 -1.0 1.73 1.562 4.084 639.664 0.0 2186.503 0.8166594562371985 1.0 -1.0 -1.0
13.0 0.0 Bus -1.0 -1.0 -1.0 -1.0 -1.0 -1.0 -1.0 3.07 3.527 12.386 628.083 1.875 2161.881 -2.027025393282998 0.0 -1.0 -1.0
14.0 99.0 Car -1.0 -1.0 -1.0 -1.0 -1.0 -1.0 -1.0 1.73 1.562 4.084 641.863 0.0 2188.73 0.7715942738711206 1.0 -1.0 -1.0
14.0 0.0 Bus -1.0 -1.0 -1.0 -1.0 -1.0 -1.0 -1.0 3.07 3.527 12.386 626.631 1.996 2158.903 -2.027025393282998 0.0 -1.0 -1.0
15.0 99.0 Car -1.0 -1.0 -1.0 -1.0 -1.0 -1.0 -1.0 1.73 1.562 4.084 644.348 0.0 2191.034 0.7305870437065733 1.0 -1.0 -1.0
15.0 0.0 Bus -1.0 -1.0 -1.0 -1.0 -1.0 -1.0 -1.0 3.07 3.527 12.386 625.595 2.129 2155.426 -1.9746655157231683 0.0 -1.0 -1.0
16.0 99.0 Car -1.0 -1.0 -1.0 -1.0 -1.0 -1.0 -1.0 1.73 1.562 4.084 647.165 0.0 2193.443 0.6916019341978792 1.0 -1.0 -1.0
16.0 0.0 Bus -1.0 -1.0 -1.0 -1.0 -1.0 -1.0 -1.0 3.07 3.527 12.386 624.222 2.043 2151.709 -1.939758930683282 0.0 -1.0 -1.0
17.0 99.0 Car -1.0 -1.0 -1.0 -1.0 -1.0 -1.0 -1.0 1.73 1.562 4.084 649.919 0.0 2195.607 0.6483201483659788 1.0 -1.0 -1.0
17.0 0.0 Bus -1.0 -1.0 -1.0 -1.0 -1.0 -1.0 -1.0 3.07 3.527 12.386 622.955 1.965 2148.514 -1.939758930683282 0.0 -1.0 -1.0
