0.0 99.0 Car -1.0 -1.0 -1.0 -1.0 -1.0 -1.0 -1.0 1.73 1.562 4.084 790.594 0.0 2568.771 -1.3482536742571773 1.0 -1.0 -1.0
0.0 1.0 Car -1.0 -1.0 -1.0 -1.0 -1.0 -1.0 -1.0 1.768 1.637 3.891 778.539 0.741 2514.088 1.0732639575311216 0.0 -1.0 -1.0
1.0 99.0 Car -1.0 -1.0 -1.0 -1.0 -1.0 -1.0 -1.0 1.73 1.562 4.084 791.326 0.0 2564.963 -1.4008898109228003 1.0 -1.0 -1.0
1.0 1.0 Car -1.0 -1.0 -1.0 -1.0 -1.0 -1.0 -1.0 1.768 1.637 3.891 779.641 0.771 2516.203 1.0732639575311216 1.0 -1.0 -1.0
2.0 99.0 Car -1.0 -1.0 -1.0 -1.0 -1.0 -1.0 -1.0 1.73 1.562 4.084 791.856 0.0 2561.264 -1.4501621443270376 1.0 -1.0 -1.0
2.0 1.0 Car -1.0 -1.0 -1.0 -1.0 -1.0 -1.0 -1.0 1.768 1.637 3.891 780.92 0.851 2518.644 1.0732639575311216 0.0 -1.0 -1.0
3.0 99.0 Car -1.0 -1.0 -1.0 -1.0 -1.0 -1.0 -1.0 1.73 1.562 4.084 792.155 0.0 2558.085 -1.490915166990032 1.0 -1.0 -1.0
3.0 1.0 Car -1.0 -1.0 -1.0 -1.0 -1.0 -1.0 -1.0 1.768 1.637 3.891 782.07 0.812 2520.833 1.1240839890297518 1.0 -1.0 -1.0
4.0 99.0 Car -1.0 -1.0 -1.0 -1.0 -1.0 -1.0 -1.0 1.73 1.562 4.084 792.351 0.0 2554.478 -1.5311854414812032 1.0 -1.0 -1.0
4.0 1.0 Car -1.0 -1.0 -1.0 -1.0 -1.0 -1.0 -1.0 1.768 1.637 3.891 783.217 0.768 2523.331 1.1805848627590876 1.0 -1.0 -1.0
5.0 99.0 Car -1.0 -1.0 -1.0 -1.0 -1.0 -1.0 -1.0 1.73 1.562 4.084 792.388 0.0 2550.889 -1.5808849739744744 1.0 -1.0 -1.0
5.0 1.0 Car -1.0 -1.0 -1.0 -1.0 -1.0 -1.0 -1.0 1.768 1.637 3.891 784.496 0.646 2526.749 1.2252706603875545 1.0 -1.0 -1.0
6.0 99.0 Car -1.0 -1.0 -1.0 -1.0 -1.0 -1.0 -1.0 1.73 1.562 4.084 792.241 0.0 2546.969 -1.6273083676657925 1.0 -1.0 -1.0
6.0 1.0 Car -1.0 -1.0 -1.0 -1.0 -1.0 -1.0 -1.0 1.768 1.637 3.891 785.814 0.62 2530.535 1.2935120361602381 0.0 -1.0 -1.0
7.0 99.0 Car -1.0 -1.0 -1.0 -1.0 -1.0 -1.0 -1.0 1.73 1.562 4.084 791.947 0.0 2543.492 -1.6683019891071529 1.0 -1.0 -1.0
7.0 1.0 Car -1.0 -1.0 -1.0 -1.0 -1.0 -1.0 -1.0 1.768 1.637 3.891 786.65 0.647 2534.082 1.3555777454145157 0.0 -1.0 -1.0
7.0 2.0 Car -1.0 -1.0 -1.0 -1.0 -1.0 -1.0 -1.0 1.739 1.644 4.534 780.459 0.744 2518.053 1.0319548199319026 0.0 -1.0 -1.0
8.0 99.0 Car -1.0 -1.0 -1.0 -1.0 -1.0 -1.0 -1.0 1.73 1.562 4.084 791.551 0.0 2540.206 -1.7028878018720124 1.0 -1.0 -1.0
8.0 1.0 Car -1.0 -1.0 -1.0 -1.0 -1.0 -1.0 -1.0 1.768 1.637 3.891 787.556 0.639 2538.118 1.4120188933003814 0.0 -1.0 -1.0
8.0 2.0 Car -1.0 -1.0 -1.0 -1.0 -1.0 -1.0 -1.0 1.739 1.644 4.534 781.779 0.727 2520.446 1.0884390992935737 0.0 -1.0 -1.0
9.0 99.0 Car -1.0 -1.0 -1.0 -1.0 -1.0 -1.0 -1.0 1.73 1.562 4.084 791.12 0.0 2537.434 -1.7341340942995 1.0 -1.0 -1.0
9.0 1.0 Car -1.0 -1.0 -1.0 -1.0 -1.0 -1.0 -1.0 1.768 1.637 3.891 788.107 0.639 2541.586 1.426897612000763 0.0 -1.0 -1.0
9.0 2.0 Car -1.0 -1.0 -1.0 -1.0 -1.0 -1.0 -1.0 1.739 1.644 4.534 782.849 0.712 2522.658 1.139232545731661 0.0 -1.0 -1.0
10.0 99.0 Car -1.0 -1.0 -1.0 -1.0 -1.0 -1.0 -1.0 1.73 1.562 4.084 790.684 0.0 2535.096 -1.7643603209941814 1.0 -1.0 -1.0
10.0 1.0 Car -1.0 -1.0 -1.0 -1.0 -1.0 -1.0 -1.0 1.768 1.637 3.891 788.524 0.761 2544.909 1.4867199055676092 0.0 -1.0 -1.0
10.0 2.0 Car -1.0 -1.0 -1.0 -1.0 -1.0 -1.0 -1.0 1.739 1.644 4.534 783.707 0.698 2524.672 1.1844675830278122 1.0 -1.0 -1.0
10.0 3.0 Car -1.0 -1.0 -1.0 -1.0 -1.0 -1.0 -1.0 1.982 1.848 4.741 765.828 0.872 2505.217 0.5022909181516408 0.0 -1.0 -1.0
11.0 99.0 Car -1.0 -1.0 -1.0 -1.0 -1.0 -1.0 -1.0 1.73 1.562 4.084 790.098 0.0 2532.413 -1.7991951588209334 1.0 -1.0 -1.0
11.0 1.0 Car -1.0 -1.0 -1.0 -1.0 -1.0 -1.0 -1.0 1.768 1.637 3.891 788.845 0.689 2549.082 1.5265054542575216 0.0 -1.0 -1.0
11.0 2.0 Car -1.0 -1.0 -1.0 -1.0 -1.0 -1.0 -1.0 1.739 1.644 4.534 784.619 0.781 2527.151 1.2409465518794685 0.0 -1.0 -1.0
11.0 3.0 Car -1.0 -1.0 -1.0 -1.0 -1.0 -1.0 -1.0 1.982 1.848 4.741 768.583 0.857 2506.75 0.5197442106715842 1.0 -1.0 -1.0
12.0 99.0 Car -1.0 -1.0 -1.0 -1.0 -1.0 -1.0 -1.0 1.73 1.562 4.084 789.487 0.0 2530.037 -1.8287919674310038 1.0 -1.0 -1.0
12.0 1.0 Car -1.0 -1.0 -1.0 -1.0 -1.0 -1.0 -1.0 1.768 1.637 3.891 788.734 0.743 2553.561 1.63254342044161 0.0 -1.0 -1.0
12.0 2.0 Car -1.0 -1.0 -1.0 -1.0 -1.0 -1.0 -1.0 1.739 1.644 4.534 785.367 0.799 2529.671 1.264461585949989 0.0 -1.0 -1.0
12.0 3.0 Car -1.0 -1.0 -1.0 -1.0 -1.0 -1.0 -1.0 1.982 1.848 4.741 771.32 0.942 2508.386 0.5371975031915275 1.0 -1.0 -1.0
13.0 99.0 Car -1.0 -1.0 -1.0 -1.0 -1.0 -1.0 -1.0 1.73 1.562 4.084 788.87 0.0 2527.866 -1.8538687711126656 1.0 -1.0 -1.0
13.0 1.0 Car -1.0 -1.0 -1.0 -1.0 -1.0 -1.0 -1.0 1.768 1.637 3.891 788.51 0.796 2558.041 1.6513545633077913 0.0 -1.0 -1.0
13.0 2.0 Car -1.0 -1.0 -1.0 -1.0 -1.0 -1.0 -1.0 1.739 1.644 4.534 786.117 0.816 2532.193 1.2880023515404222 0.0 -1.0 -1.0
13.0 3.0 Car -1.0 -1.0 -1.0 -1.0 -1.0 -1.0 -1.0 1.982 1.848 4.741 773.812 0.9 2510.215 0.6399106709097511 1.0 -1.0 -1.0
13.0 0.0 Car -1.0 -1.0 -1.0 -1.0 -1.0 -1.0 -1.0 1.847 1.788 4.779 752.815 -0.367 2495.116 0.5464620050315766 0.0 -1.0 -1.0
14.0 99.0 Car -1.0 -1.0 -1.0 -1.0 -1.0 -1.0 -1.0 1.73 1.562 4.084 788.391 0.0 2526.304 -1.8739132280165223 1.0 -1.0 -1.0
14.0 1.0 Car -1.0 -1.0 -1.0 -1.0 -1.0 -1.0 -1.0 1.768 1.637 3.891 788.108 0.939 2561.685 1.673323251261123 0.0 -1.0 -1.0
14.0 2.0 Car -1.0 -1.0 -1.0 -1.0 -1.0 -1.0 -1.0 1.739 1.644 4.534 786.657 0.83 2534.365 1.3250551956222636 0.0 -1.0 -1.0
14.0 3.0 Car -1.0 -1.0 -1.0 -1.0 -1.0 -1.0 -1.0 1.982 1.848 4.741 775.658 0.867 2511.852 0.7218658565422391 1.0 -1.0 -1.0
14.0 0.0 Car -1.0 -1.0 -1.0 -1.0 -1.0 -1.0 -1.0 1.847 1.788 4.779 753.923 0.555 2495.814 0.5057141428828644 1.0 -1.0 -1.0
15.0 99.0 Car -1.0 -1.0 -1.0 -1.0 -1.0 -1.0 -1.0 1.73 1.562 4.084 787.828 0.0 2524.623 -1.8970740626597797 1.0 -1.0 -1.0
15.0 1.0 Car -1.0 -1.0 -1.0 -1.0 -1.0 -1.0 -1.0 1.768 1.637 3.891 787.552 0.989 2566.336 1.7178026261218715 0.0 -1.0 -1.0
15.0 2.0 Car -1.0 -1.0 -1.0 -1.0 -1.0 -1.0 -1.0 1.739 1.644 4.534 787.22 0.847 2537.113 1.3714890551132162 0.0 -1.0 -1.0
15.0 3.0 Car -1.0 -1.0 -1.0 -1.0 -1.0 -1.0 -1.0 1.982 1.848 4.741 777.771 0.825 2514.108 0.8245704037507717 1.0 -1.0 -1.0
15.0 0.0 Car -1.0 -1.0 -1.0 -1.0 -1.0 -1.0 -1.0 1.847 1.788 4.779 755.351 0.547 2496.623 0.4546497630098691 1.0 -1.0 -1.0
16.0 99.0 Car -1.0 -1.0 -1.0 -1.0 -1.0 -1.0 -1.0 1.73 1.562 4.084 787.309 0.0 2523.171 -1.916894259569379 1.0 -1.0 -1.0
16.0 1.0 Car -1.0 -1.0 -1.0 -1.0 -1.0 -1.0 -1.0 1.768 1.637 3.891 786.625 1.139 2571.007 1.7447471628122324 0.0 -1.0 -1.0
16.0 2.0 Car -1.0 -1.0 -1.0 -1.0 -1.0 -1.0 -1.0 1.739 1.644 4.534 787.714 0.864 2539.951 1.3924967700195303 0.0 -1.0 -1.0
16.0 3.0 Car -1.0 -1.0 -1.0 -1.0 -1.0 -1.0 -1.0 1.982 1.848 4.741 779.64 0.784 2516.566 0.9271694523407046 0.0 -1.0 -1.0
16.0 0.0 Car -1.0 -1.0 -1.0 -1.0 -1.0 -1.0 -1.0 1.847 1.788 4.779 757.623 0.543 2497.443 0.310875859236973 1.0 -1.0 -1.0
17.0 99.0 Car -1.0 -1.0 -1.0 -1.0 -1.0 -1.0 -1.0 1.73 1.562 4.084 786.836 0.0 2521.928 -1.9343701915170093 1.0 -1.0 -1.0
17.0 1.0 Car -1.0 -1.0 -1.0 -1.0 -1.0 -1.0 -1.0 1.768 1.637 3.891 785.153 1.014 2575.535 1.8763268946384264 0.0 -1.0 -1.0
17.0 2.0 Car -1.0 -1.0 -1.0 -1.0 -1.0 -1.0 -1.0 1.739 1.644 4.534 788.24 0.881 2542.965 1.4134820850121765 0.0 -1.0 -1.0
17.0 3.0 Car -1.0 -1.0 -1.0 -1.0 -1.0 -1.0 -1.0 1.982 1.848 4.741 781.387 0.768 2519.404 1.0342460525918957 0.0 -1.0 -1.0
17.0 0.0 Car -1.0 -1.0 -1.0 -1.0 -1.0 -1.0 -1.0 1.847 1.788 4.779 759.986 0.54 2497.93 0.16725525738418612 1.0 -1.0 -1.0
18.0 99.0 Car -1.0 -1.0 -1.0 -1.0 -1.0 -1.0 -1.0 1.73 1.562 4.084 786.357 0.0 2520.733 -1.9557264439043691 1.0 -1.0 -1.0
18.0 2.0 Car -1.0 -1.0 -1.0 -1.0 -1.0 -1.0 -1.0 1.739 1.644 4.534 788.651 0.923 2546.128 1.463451101610862 0.0 -1.0 -1.0
18.0 3.0 Car -1.0 -1.0 -1.0 -1.0 -1.0 -1.0 -1.0 1.982 1.848 4.741 782.959 0.774 2522.556 1.1141959927313787 0.0 -1.0 -1.0
18.0 0.0 Car -1.0 -1.0 -1.0 -1.0 -1.0 -1.0 -1.0 1.847 1.788 4.779 762.398 0.536 2498.072 0.023487968891144465 1.0 -1.0 -1.0
19.0 99.0 Car -1.0 -1.0 -1.0 -1.0 -1.0 -1.0 -1.0 1.73 1.562 4.084 785.847 0.0 2519.556 -1.9819904949391007 1.0 -1.0 -1.0
19.0 2.0 Car -1.0 -1.0 -1.0 -1.0 -1.0 -1.0 -1.0 1.739 1.644 4.534 788.885 0.961 2548.995 1.5085076895296246 0.0 -1.0 -1.0
19.0 3.0 Car -1.0 -1.0 -1.0 -1.0 -1.0 -1.0 -1.0 1.982 1.848 4.741 784.157 0.779 2525.499 1.1862860948025329 0.0 -1.0 -1.0
19.0 0.0 Car -1.0 -1.0 -1.0 -1.0 -1.0 -1.0 -1.0 1.847 1.788 4.779 764.875 0.59 2497.937 -0.09341053264797307 1.0 -1.0 -1.0
20.0 99.0 Car -1.0 -1.0 -1.0 -1.0 -1.0 -1.0 -1.0 1.73 1.562 4.084 785.21 0.0 2518.19 -2.0146964571782506 1.0 -1.0 -1.0
20.0 2.0 Car -1.0 -1.0 -1.0 -1.0 -1.0 -1.0 -1.0 1.739 1.644 4.534 788.994 1.004 2552.183 1.5584753065759798 0.0 -1.0 -1.0
20.0 3.0 Car -1.0 -1.0 -1.0 -1.0 -1.0 -1.0 -1.0 1.982 1.848 4.741 785.545 0.893 2529.408 1.2662337956719112 0.0 -1.0 -1.0
20.0 0.0 Car -1.0 -1.0 -1.0 -1.0 -1.0 -1.0 -1.0 1.847 1.788 4.779 767.583 0.651 2497.449 -0.22305061033718854 1.0 -1.0 -1.0
21.0 99.0 Car -1.0 -1.0 -1.0 -1.0 -1.0 -1.0 -1.0 1.73 1.562 4.084 784.456 0.0 2516.7 -2.0467479933216657 1.0 -1.0 -1.0
21.0 2.0 Car -1.0 -1.0 -1.0 -1.0 -1.0 -1.0 -1.0 1.739 1.644 4.534 788.912 1.029 2555.597 1.59069917646259 0.0 -1.0 -1.0
21.0 3.0 Car -1.0 -1.0 -1.0 -1.0 -1.0 -1.0 -1.0 1.982 1.848 4.741 786.76 0.951 2533.726 1.3229146987899902 0.0 -1.0 -1.0
21.0 0.0 Car -1.0 -1.0 -1.0 -1.0 -1.0 -1.0 -1.0 1.847 1.788 4.779 770.205 0.711 2496.616 -0.35269613469617456 1.0 -1.0 -1.0
22.0 99.0 Car -1.0 -1.0 -1.0 -1.0 -1.0 -1.0 -1.0 1.73 1.562 4.084 783.564 0.0 2515.042 -2.074944911193728 1.0 -1.0 -1.0
22.0 2.0 Car -1.0 -1.0 -1.0 -1.0 -1.0 -1.0 -1.0 1.739 1.644 4.534 788.72 1.055 2559.008 1.6229241422742102 0.0 -1.0 -1.0
22.0 3.0 Car -1.0 -1.0 -1.0 -1.0 -1.0 -1.0 -1.0 1.982 1.848 4.741 787.728 1.01 2538.105 1.379597529610098 0.0 -1.0 -1.0
22.0 0.0 Car -1.0 -1.0 -1.0 -1.0 -1.0 -1.0 -1.0 1.847 1.788 4.779 772.8 0.857 2495.445 -0.4373007307606769 0.0 -1.0 -1.0
23.0 99.0 Car -1.0 -1.0 -1.0 -1.0 -1.0 -1.0 -1.0 1.73 1.562 4.084 782.663 0.0 2513.474 -2.1011567884222577 1.0 -1.0 -1.0
23.0 3.0 Car -1.0 -1.0 -1.0 -1.0 -1.0 -1.0 -1.0 1.982 1.848 4.741 788.446 1.068 2542.533 1.4362830818918937 0.0 -1.0 -1.0
23.0 0.0 Car -1.0 -1.0 -1.0 -1.0 -1.0 -1.0 -1.0 1.847 1.788 4.779 775.139 0.954 2494.21 -0.4870019658603293 0.0 -1.0 -1.0
24.0 99.0 Car -1.0 -1.0 -1.0 -1.0 -1.0 -1.0 -1.0 1.73 1.562 4.084 781.737 0.0 2511.947 -2.11919767367554 1.0 -1.0 -1.0
24.0 3.0 Car -1.0 -1.0 -1.0 -1.0 -1.0 -1.0 -1.0 1.982 1.848 4.741 788.978 1.075 2547.045 1.4797141678448003 0.0 -1.0 -1.0
24.0 0.0 Car -1.0 -1.0 -1.0 -1.0 -1.0 -1.0 -1.0 1.847 1.788 4.779 777.287 0.973 2493.11 -0.4628735478975492 0.0 -1.0 -1.0
25.0 99.0 Car -1.0 -1.0 -1.0 -1.0 -1.0 -1.0 -1.0 1.73 1.562 4.084 780.841 0.0 2510.506 -2.123170310553612 1.0 -1.0 -1.0
25.0 3.0 Car -1.0 -1.0 -1.0 -1.0 -1.0 -1.0 -1.0 1.982 1.848 4.741 789.313 1.082 2551.582 1.5231956485726863 0.0 -1.0 -1.0
25.0 0.0 Car -1.0 -1.0 -1.0 -1.0 -1.0 -1.0 -1.0 1.847 1.788 4.779 779.11 0.917 2492.172 -0.43871713279476715 0.0 -1.0 -1.0
26.0 99.0 Car -1.0 -1.0 -1.0 -1.0 -1.0 -1.0 -1.0 1.73 1.562 4.084 780.013 0.0 2509.187 -2.1215420496901545 1.0 -1.0 -1.0
26.0 3.0 Car -1.0 -1.0 -1.0 -1.0 -1.0 -1.0 -1.0 1.982 1.848 4.741 789.444 1.073 2556.63 1.554881246169718 0.0 -1.0 -1.0
26.0 0.0 Car -1.0 -1.0 -1.0 -1.0 -1.0 -1.0 -1.0 1.847 1.788 4.779 780.935 0.862 2491.233 -0.41453450657643215 0.0 -1.0 -1.0
27.0 99.0 Car -1.0 -1.0 -1.0 -1.0 -1.0 -1.0 -1.0 1.73 1.562 4.084 779.241 0.0 2507.947 -2.115543309306597 1.0 -1.0 -1.0
27.0 3.0 Car -1.0 -1.0 -1.0 -1.0 -1.0 -1.0 -1.0 1.982 1.848 4.741 789.41 0.918 2560.461 1.586497840624932 0.0 -1.0 -1.0
27.0 0.0 Car -1.0 -1.0 -1.0 -1.0 -1.0 -1.0 -1.0 1.847 1.788 4.779 782.43 0.859 2490.698 -0.3339179632362661 0.0 -1.0 -1.0
28.0 99.0 Car -1.0 -1.0 -1.0 -1.0 -1.0 -1.0 -1.0 1.73 1.562 4.084 778.488 0.0 2506.7 -2.0940770803119007 1.0 -1.0 -1.0
28.0 0.0 Car -1.0 -1.0 -1.0 -1.0 -1.0 -1.0 -1.0 1.847 1.788 4.779 784.118 0.857 2490.251 -0.24527905089905563 0.0 -1.0 -1.0
29.0 99.0 Car -1.0 -1.0 -1.0 -1.0 -1.0 -1.0 -1.0 1.73 1.562 4.084 777.938 0.0 2505.726 -2.061070561916913 1.0 -1.0 -1.0
29.0 0.0 Car -1.0 -1.0 -1.0 -1.0 -1.0 -1.0 -1.0 1.847 1.788 4.779 785.682 0.855 2489.976 -0.1646637977177392 0.0 -1.0 -1.0
30.0 99.0 Car -1.0 -1.0 -1.0 -1.0 -1.0 -1.0 -1.0 1.73 1.562 4.084 777.512 0.0 2504.908 -2.0278929587681693 1.0 -1.0 -1.0
30.0 0.0 Car -1.0 -1.0 -1.0 -1.0 -1.0 -1.0 -1.0 1.847 1.788 4.779 786.953 0.852 2489.879 -0.08395178262269831 0.0 -1.0 -1.0
31.0 99.0 Car -1.0 -1.0 -1.0 -1.0 -1.0 -1.0 -1.0 1.73 1.562 4.084 777.204 0.0 2504.275 -2.000263975270174 1.0 -1.0 -1.0
31.0 0.0 Car -1.0 -1.0 -1.0 -1.0 -1.0 -1.0 -1.0 1.847 1.788 4.779 787.666 0.781 2489.851 -0.04008941162890168 0.0 -1.0 -1.0
32.0 99.0 Car -1.0 -1.0 -1.0 -1.0 -1.0 -1.0 -1.0 1.73 1.562 4.084 776.952 0.0 2503.731 -1.9772621592060973 1.0 -1.0 -1.0
32.0 0.0 Car -1.0 -1.0 -1.0 -1.0 -1.0 -1.0 -1.0 1.847 1.788 4.779 788.458 0.702 2489.857 0.008629047291090597 0.0 -1.0 -1.0
33.0 99.0 Car -1.0 -1.0 -1.0 -1.0 -1.0 -1.0 -1.0 1.73 1.562 4.084 776.814 0.0 2503.425 -1.965115607506292 1.0 -1.0 -1.0
33.0 0.0 Car -1.0 -1.0 -1.0 -1.0 -1.0 -1.0 -1.0 1.847 1.788 4.779 789.204 0.623 2489.815 0.02609234868486232 0.0 -1.0 -1.0
