0.0 99.0 Car -1.0 -1.0 -1.0 -1.0 -1.0 -1.0 -1.0 1.73 1.562 4.084 2078.083 0.0 873.368 0.021977702570375495 1.0 -1.0 -1.0
0.0 1.0 Truck -1.0 -1.0 -1.0 -1.0 -1.0 -1.0 -1.0 2.835 3.937 7.531 2043.471 1.869 873.083 0.011466813137435805 0.0 -1.0 -1.0
1.0 99.0 Car -1.0 -1.0 -1.0 -1.0 -1.0 -1.0 -1.0 1.73 1.562 4.084 2082.135 0.0 873.448 0.024943112696535062 1.0 -1.0 -1.0
1.0 1.0 Truck -1.0 -1.0 -1.0 -1.0 -1.0 -1.0 -1.0 2.835 3.937 7.531 2048.865 1.819 873.246 0.03473786983069349 1.0 -1.0 -1.0
2.0 99.0 Car -1.0 -1.0 -1.0 -1.0 -1.0 -1.0 -1.0 1.73 1.562 4.084 2086.069 0.0 873.52 0.02373236166317296 1.0 -1.0 -1.0
2.0 1.0 Truck -1.0 -1.0 -1.0 -1.0 -1.0 -1.0 -1.0 2.835 3.937 7.531 2054.157 1.744 873.432 0.014375695224092986 1.0 -1.0 -1.0
3.0 99.0 Car -1.0 -1.0 -1.0 -1.0 -1.0 -1.0 -1.0 1.73 1.562 4.084 2089.936 0.0 873.588 0.02097433711538351 1.0 -1.0 -1.0
3.0 1.0 Truck -1.0 -1.0 -1.0 -1.0 -1.0 -1.0 -1.0 2.835 3.937 7.531 2059.35 1.669 873.513 0.02892010565737913 1.0 -1.0 -1.0
4.0 99.0 Car -1.0 -1.0 -1.0 -1.0 -1.0 -1.0 -1.0 1.73 1.562 4.084 2093.777 0.0 873.636 0.020762976780671193 1.0 -1.0 -1.0
4.0 1.0 Truck -1.0 -1.0 -1.0 -1.0 -1.0 -1.0 -1.0 2.835 3.937 7.531 2064.436 1.794 873.554 0.02892010565737913 1.0 -1.0 -1.0
5.0 99.0 Car -1.0 -1.0 -1.0 -1.0 -1.0 -1.0 -1.0 1.73 1.562 4.084 2097.59 0.0 873.675 0.020344032055513207 1.0 -1.0 -1.0
5.0 1.0 Truck -1.0 -1.0 -1.0 -1.0 -1.0 -1.0 -1.0 2.835 3.937 7.531 2069.519 1.669 873.699 0.046373398177322445 1.0 -1.0 -1.0
6.0 99.0 Car -1.0 -1.0 -1.0 -1.0 -1.0 -1.0 -1.0 1.73 1.562 4.084 2101.284 0.0 873.716 0.018431766593861827 1.0 -1.0 -1.0
6.0 1.0 Truck -1.0 -1.0 -1.0 -1.0 -1.0 -1.0 -1.0 2.835 3.937 7.531 2074.344 1.719 873.845 0.046373398177322445 1.0 -1.0 -1.0
7.0 99.0 Car -1.0 -1.0 -1.0 -1.0 -1.0 -1.0 -1.0 1.73 1.562 4.084 2104.898 0.0 873.745 0.017140773421326003 1.0 -1.0 -1.0
7.0 0.0 Truck -1.0 -1.0 -1.0 -1.0 -1.0 -1.0 -1.0 2.725 3.22 6.046 2140.233 1.026 921.246 -2.160263828350772 0.0 -1.0 -1.0
7.0 1.0 Truck -1.0 -1.0 -1.0 -1.0 -1.0 -1.0 -1.0 2.835 3.937 7.531 2079.067 1.769 873.94 0.02892010565737913 1.0 -1.0 -1.0
8.0 99.0 Car -1.0 -1.0 -1.0 -1.0 -1.0 -1.0 -1.0 1.73 1.562 4.084 2108.904 0.0 873.802 0.03285108026030125 1.0 -1.0 -1.0
8.0 0.0 Truck -1.0 -1.0 -1.0 -1.0 -1.0 -1.0 -1.0 2.725 3.22 6.046 2138.419 1.101 918.465 -2.142810535830829 1.0 -1.0 -1.0
8.0 1.0 Truck -1.0 -1.0 -1.0 -1.0 -1.0 -1.0 -1.0 2.835 3.937 7.531 2084.302 1.919 874.023 0.011466813137435805 1.0 -1.0 -1.0
9.0 99.0 Car -1.0 -1.0 -1.0 -1.0 -1.0 -1.0 -1.0 1.73 1.562 4.084 2111.977 0.0 873.967 0.08900308531739072 1.0 -1.0 -1.0
9.0 0.0 Truck -1.0 -1.0 -1.0 -1.0 -1.0 -1.0 -1.0 2.725 3.22 6.046 2136.606 1.176 915.683 -2.125357243310886 1.0 -1.0 -1.0
9.0 1.0 Truck -1.0 -1.0 -1.0 -1.0 -1.0 -1.0 -1.0 2.835 3.937 7.531 2088.451 1.919 874.028 0.02892010565737913 1.0 -1.0 -1.0
10.0 99.0 Car -1.0 -1.0 -1.0 -1.0 -1.0 -1.0 -1.0 1.73 1.562 4.084 2114.912 0.0 874.345 0.20091605252172728 1.0 -1.0 -1.0
10.0 0.0 Truck -1.0 -1.0 -1.0 -1.0 -1.0 -1.0 -1.0 2.725 3.22 6.046 2134.71 1.209 912.941 -2.1718993566974008 1.0 -1.0 -1.0
10.0 1.0 Truck -1.0 -1.0 -1.0 -1.0 -1.0 -1.0 -1.0 2.835 3.937 7.531 2092.546 1.869 874.241 0.046373398177322445 1.0 -1.0 -1.0
10.0 2.0 Car -1.0 -1.0 -1.0 -1.0 -1.0 -1.0 -1.0 2.044 1.612 4.883 2121.028 0.622 885.966 -1.8198897175909592 0.0 -1.0 -1.0
11.0 99.0 Car -1.0 -1.0 -1.0 -1.0 -1.0 -1.0 -1.0 1.73 1.562 4.084 2117.614 0.0 875.143 0.39822486095380144 1.0 -1.0 -1.0
11.0 0.0 Truck -1.0 -1.0 -1.0 -1.0 -1.0 -1.0 -1.0 2.725 3.22 6.046 2132.741 1.192 910.275 -2.183534885044029 1.0 -1.0 -1.0
11.0 1.0 Truck -1.0 -1.0 -1.0 -1.0 -1.0 -1.0 -1.0 2.835 3.937 7.531 2096.691 1.819 874.403 0.011466813137435805 1.0 -1.0 -1.0
11.0 2.0 Car -1.0 -1.0 -1.0 -1.0 -1.0 -1.0 -1.0 2.044 1.612 4.883 2121.02 0.594 885.984 -1.8257074817642736 0.0 -1.0 -1.0
12.0 99.0 Car -1.0 -1.0 -1.0 -1.0 -1.0 -1.0 -1.0 1.73 1.562 4.084 2120.285 0.0 876.635 0.6422364758215582 1.0 -1.0 -1.0
12.0 0.0 Truck -1.0 -1.0 -1.0 -1.0 -1.0 -1.0 -1.0 2.725 3.22 6.046 2130.736 1.176 907.63 -2.2300769984305444 1.0 -1.0 -1.0
12.0 1.0 Truck -1.0 -1.0 -1.0 -1.0 -1.0 -1.0 -1.0 2.835 3.937 7.531 2101.252 1.919 874.518 0.011466813137435805 1.0 -1.0 -1.0
12.0 2.0 Car -1.0 -1.0 -1.0 -1.0 -1.0 -1.0 -1.0 2.044 1.612 4.883 2121.027 0.592 886.064 -1.831525245937588 0.0 -1.0 -1.0
13.0 99.0 Car -1.0 -1.0 -1.0 -1.0 -1.0 -1.0 -1.0 1.73 1.562 4.084 2122.133 0.0 878.27 0.8311534698759148 1.0 -1.0 -1.0
13.0 0.0 Truck -1.0 -1.0 -1.0 -1.0 -1.0 -1.0 -1.0 2.725 3.22 6.046 2129.07 1.176 905.526 -2.212623705910601 1.0 -1.0 -1.0
13.0 1.0 Truck -1.0 -1.0 -1.0 -1.0 -1.0 -1.0 -1.0 2.835 3.937 7.531 2105.244 1.919 874.575 -0.0059864793825075155 1.0 -1.0 -1.0
13.0 2.0 Car -1.0 -1.0 -1.0 -1.0 -1.0 -1.0 -1.0 2.044 1.612 4.883 2121.002 0.69 886.02 -1.8373430101109023 1.0 -1.0 -1.0
14.0 99.0 Car -1.0 -1.0 -1.0 -1.0 -1.0 -1.0 -1.0 1.73 1.562 4.084 2123.894 0.0 880.497 0.9734692233350465 1.0 -1.0 -1.0
14.0 0.0 Truck -1.0 -1.0 -1.0 -1.0 -1.0 -1.0 -1.0 2.725 3.22 6.046 2127.305 1.276 903.288 -2.195170413390658 1.0 -1.0 -1.0
14.0 1.0 Truck -1.0 -1.0 -1.0 -1.0 -1.0 -1.0 -1.0 2.835 3.937 7.531 2109.806 1.919 874.577 0.011466813137435805 1.0 -1.0 -1.0
14.0 2.0 Car -1.0 -1.0 -1.0 -1.0 -1.0 -1.0 -1.0 2.044 1.612 4.883 2121.008 0.706 886.122 -1.8373430101109023 1.0 -1.0 -1.0
15.0 99.0 Car -1.0 -1.0 -1.0 -1.0 -1.0 -1.0 -1.0 1.73 1.562 4.084 2125.471 0.0 882.898 1.0204208044727703 1.0 -1.0 -1.0
15.0 0.0 Truck -1.0 -1.0 -1.0 -1.0 -1.0 -1.0 -1.0 2.725 3.22 6.046 2125.747 1.376 901.157 -2.195170413390658 1.0 -1.0 -1.0
15.0 1.0 Truck -1.0 -1.0 -1.0 -1.0 -1.0 -1.0 -1.0 2.835 3.937 7.531 2114.503 1.919 874.716 0.017284577310750393 1.0 -1.0 -1.0
15.0 2.0 Car -1.0 -1.0 -1.0 -1.0 -1.0 -1.0 -1.0 2.044 1.612 4.883 2121.014 0.723 886.224 -1.8373430101109023 1.0 -1.0 -1.0
16.0 99.0 Car -1.0 -1.0 -1.0 -1.0 -1.0 -1.0 -1.0 1.73 1.562 4.084 2127.054 0.0 885.467 1.034748706108233 1.0 -1.0 -1.0
16.0 0.0 Truck -1.0 -1.0 -1.0 -1.0 -1.0 -1.0 -1.0 2.725 3.22 6.046 2124.043 1.426 898.824 -2.195170413390658 1.0 -1.0 -1.0
16.0 1.0 Truck -1.0 -1.0 -1.0 -1.0 -1.0 -1.0 -1.0 2.835 3.937 7.531 2119.304 2.055 874.857 0.02310234148406476 0.0 -1.0 -1.0
16.0 2.0 Car -1.0 -1.0 -1.0 -1.0 -1.0 -1.0 -1.0 2.044 1.612 4.883 2121.019 0.74 886.325 -1.8373430101109023 1.0 -1.0 -1.0
17.0 99.0 Car -1.0 -1.0 -1.0 -1.0 -1.0 -1.0 -1.0 1.73 1.562 4.084 2128.716 0.0 888.225 1.0311092685577115 1.0 -1.0 -1.0
17.0 0.0 Truck -1.0 -1.0 -1.0 -1.0 -1.0 -1.0 -1.0 2.725 3.22 6.046 2122.407 1.526 896.594 -2.212623705910601 1.0 -1.0 -1.0
17.0 1.0 Truck -1.0 -1.0 -1.0 -1.0 -1.0 -1.0 -1.0 2.835 3.937 7.531 2124.417 1.919 875.005 0.011466813137435805 0.0 -1.0 -1.0
17.0 2.0 Car -1.0 -1.0 -1.0 -1.0 -1.0 -1.0 -1.0 2.044 1.612 4.883 2121.09 0.79 886.584 -1.8373430101109023 1.0 -1.0 -1.0
18.0 99.0 Car -1.0 -1.0 -1.0 -1.0 -1.0 -1.0 -1.0 1.73 1.562 4.084 2130.07 0.0 890.427 1.0222643048714541 1.0 -1.0 -1.0
18.0 0.0 Truck -1.0 -1.0 -1.0 -1.0 -1.0 -1.0 -1.0 2.725 3.22 6.046 2121.359 1.426 895.017 -2.160263828350772 0.0 -1.0 -1.0
18.0 1.0 Truck -1.0 -1.0 -1.0 -1.0 -1.0 -1.0 -1.0 2.835 3.937 7.531 2128.803 1.969 875.135 0.011466813137435805 0.0 -1.0 -1.0
18.0 2.0 Car -1.0 -1.0 -1.0 -1.0 -1.0 -1.0 -1.0 2.044 1.612 4.883 2121.091 0.74 886.503 -1.8198897175909592 1.0 -1.0 -1.0
19.0 99.0 Car -1.0 -1.0 -1.0 -1.0 -1.0 -1.0 -1.0 1.73 1.562 4.084 2131.75 0.0 893.12 1.0146261479818919 1.0 -1.0 -1.0
19.0 0.0 Truck -1.0 -1.0 -1.0 -1.0 -1.0 -1.0 -1.0 2.725 3.22 6.046 2119.827 1.476 892.712 -2.1777171208707147 0.0 -1.0 -1.0
19.0 1.0 Truck -1.0 -1.0 -1.0 -1.0 -1.0 -1.0 -1.0 2.835 3.937 7.531 2134.071 2.002 875.289 0.02892010565737913 0.0 -1.0 -1.0
19.0 2.0 Car -1.0 -1.0 -1.0 -1.0 -1.0 -1.0 -1.0 2.044 1.612 4.883 2121.091 0.79 886.423 -1.802436425071016 0.0 -1.0 -1.0
20.0 99.0 Car -1.0 -1.0 -1.0 -1.0 -1.0 -1.0 -1.0 1.73 1.562 4.084 2133.1 0.0 895.25 1.0090846991692224 1.0 -1.0 -1.0
20.0 0.0 Truck -1.0 -1.0 -1.0 -1.0 -1.0 -1.0 -1.0 2.725 3.22 6.046 2118.749 1.526 891.233 -2.160263828350772 0.0 -1.0 -1.0
20.0 1.0 Truck -1.0 -1.0 -1.0 -1.0 -1.0 -1.0 -1.0 2.835 3.937 7.531 2138.665 2.069 875.303 0.011466813137435805 0.0 -1.0 -1.0
20.0 2.0 Car -1.0 -1.0 -1.0 -1.0 -1.0 -1.0 -1.0 2.044 1.612 4.883 2121.07 0.79 886.243 -1.7849831325510732 0.0 -1.0 -1.0
21.0 99.0 Car -1.0 -1.0 -1.0 -1.0 -1.0 -1.0 -1.0 1.73 1.562 4.084 2134.714 0.0 897.74 1.0001610477913996 1.0 -1.0 -1.0
21.0 0.0 Truck -1.0 -1.0 -1.0 -1.0 -1.0 -1.0 -1.0 2.725 3.22 6.046 2117.535 1.476 889.355 -2.152749216293575 0.0 -1.0 -1.0
21.0 1.0 Truck -1.0 -1.0 -1.0 -1.0 -1.0 -1.0 -1.0 2.835 3.937 7.531 2144.296 2.119 875.329 -0.0059864793825075155 0.0 -1.0 -1.0
21.0 2.0 Car -1.0 -1.0 -1.0 -1.0 -1.0 -1.0 -1.0 2.044 1.612 4.883 2121.004 0.84 885.6 -1.6889900236913855 0.0 -1.0 -1.0
22.0 99.0 Car -1.0 -1.0 -1.0 -1.0 -1.0 -1.0 -1.0 1.73 1.562 4.084 2136.309 0.0 900.16 0.994961981717264 1.0 -1.0 -1.0
22.0 0.0 Truck -1.0 -1.0 -1.0 -1.0 -1.0 -1.0 -1.0 2.725 3.22 6.046 2116.414 1.576 887.615 -2.1801411892762643 0.0 -1.0 -1.0
22.0 1.0 Truck -1.0 -1.0 -1.0 -1.0 -1.0 -1.0 -1.0 2.835 3.937 7.531 2150.03 2.219 875.346 0.011466813137435805 0.0 -1.0 -1.0
22.0 2.0 Car -1.0 -1.0 -1.0 -1.0 -1.0 -1.0 -1.0 2.044 1.612 4.883 2121.0 0.89 884.954 -1.5929969148316971 0.0 -1.0 -1.0
23.0 99.0 Car -1.0 -1.0 -1.0 -1.0 -1.0 -1.0 -1.0 1.73 1.562 4.084 2137.868 0.0 902.515 1.0055018944573677 1.0 -1.0 -1.0
23.0 0.0 Truck -1.0 -1.0 -1.0 -1.0 -1.0 -1.0 -1.0 2.725 3.22 6.046 2115.422 1.626 886.167 -2.19007986973901 0.0 -1.0 -1.0
23.0 1.0 Truck -1.0 -1.0 -1.0 -1.0 -1.0 -1.0 -1.0 2.835 3.937 7.531 2155.764 2.469 875.449 0.011466813137435805 0.0 -1.0 -1.0
23.0 2.0 Car -1.0 -1.0 -1.0 -1.0 -1.0 -1.0 -1.0 2.044 1.612 4.883 2120.962 0.915 884.242 -1.5755436223117543 0.0 -1.0 -1.0
24.0 99.0 Car -1.0 -1.0 -1.0 -1.0 -1.0 -1.0 -1.0 1.73 1.562 4.084 2139.316 0.0 904.853 1.0544172994017067 1.0 -1.0 -1.0
24.0 0.0 Truck -1.0 -1.0 -1.0 -1.0 -1.0 -1.0 -1.0 2.725 3.22 6.046 2114.315 1.626 884.61 -2.2581961919349003 0.0 -1.0 -1.0
24.0 1.0 Truck -1.0 -1.0 -1.0 -1.0 -1.0 -1.0 -1.0 2.835 3.937 7.531 2161.497 2.719 875.552 0.011466813137435805 0.0 -1.0 -1.0
24.0 2.0 Car -1.0 -1.0 -1.0 -1.0 -1.0 -1.0 -1.0 2.044 1.612 4.883 2120.922 0.94 883.363 -1.5580903297918107 0.0 -1.0 -1.0
25.0 99.0 Car -1.0 -1.0 -1.0 -1.0 -1.0 -1.0 -1.0 1.73 1.562 4.084 2140.543 0.0 907.268 1.176926252930825 1.0 -1.0 -1.0
25.0 0.0 Truck -1.0 -1.0 -1.0 -1.0 -1.0 -1.0 -1.0 2.725 3.22 6.046 2112.91 1.676 883.352 -2.317585867870817 0.0 -1.0 -1.0
25.0 1.0 Truck -1.0 -1.0 -1.0 -1.0 -1.0 -1.0 -1.0 2.835 3.937 7.531 2167.231 2.969 875.655 0.011466813137435805 0.0 -1.0 -1.0
25.0 2.0 Car -1.0 -1.0 -1.0 -1.0 -1.0 -1.0 -1.0 2.044 1.612 4.883 2120.889 1.015 882.181 -1.5406370372718674 0.0 -1.0 -1.0
26.0 99.0 Car -1.0 -1.0 -1.0 -1.0 -1.0 -1.0 -1.0 1.73 1.562 4.084 2141.385 0.0 909.806 1.3447233757242327 1.0 -1.0 -1.0
26.0 0.0 Truck -1.0 -1.0 -1.0 -1.0 -1.0 -1.0 -1.0 2.725 3.22 6.046 2111.736 1.526 881.87 -2.394428836326679 0.0 -1.0 -1.0
26.0 1.0 Truck -1.0 -1.0 -1.0 -1.0 -1.0 -1.0 -1.0 2.835 3.937 7.531 2173.69 2.619 875.714 0.011466813137435805 0.0 -1.0 -1.0
26.0 2.0 Car -1.0 -1.0 -1.0 -1.0 -1.0 -1.0 -1.0 2.044 1.612 4.883 2121.354 0.99 881.113 -1.3311975270325485 0.0 -1.0 -1.0
27.0 99.0 Car -1.0 -1.0 -1.0 -1.0 -1.0 -1.0 -1.0 1.73 1.562 4.084 2141.753 0.0 912.459 1.5488024903389883 1.0 -1.0 -1.0
27.0 0.0 Truck -1.0 -1.0 -1.0 -1.0 -1.0 -1.0 -1.0 2.725 3.22 6.046 2110.294 1.826 880.591 -2.439274101829309 0.0 -1.0 -1.0
27.0 1.0 Truck -1.0 -1.0 -1.0 -1.0 -1.0 -1.0 -1.0 2.835 3.937 7.531 2179.839 2.269 875.744 0.011466813137435805 0.0 -1.0 -1.0
27.0 2.0 Car -1.0 -1.0 -1.0 -1.0 -1.0 -1.0 -1.0 2.044 1.612 4.883 2121.776 0.965 879.893 -1.252657710692805 0.0 -1.0 -1.0
28.0 99.0 Car -1.0 -1.0 -1.0 -1.0 -1.0 -1.0 -1.0 1.73 1.562 4.084 2141.548 0.0 915.084 1.780376769272368 1.0 -1.0 -1.0
28.0 0.0 Truck -1.0 -1.0 -1.0 -1.0 -1.0 -1.0 -1.0 2.725 3.22 6.046 2108.287 1.626 879.601 -2.6411990000114307 0.0 -1.0 -1.0
28.0 2.0 Car -1.0 -1.0 -1.0 -1.0 -1.0 -1.0 -1.0 2.044 1.612 4.883 2122.292 0.94 878.71 -1.1741178943530606 0.0 -1.0 -1.0
29.0 99.0 Car -1.0 -1.0 -1.0 -1.0 -1.0 -1.0 -1.0 1.73 1.562 4.084 2140.71 0.0 917.629 2.017777772408863 1.0 -1.0 -1.0
29.0 0.0 Truck -1.0 -1.0 -1.0 -1.0 -1.0 -1.0 -1.0 2.725 3.22 6.046 2106.581 1.676 878.623 -2.7013158964690134 0.0 -1.0 -1.0
29.0 2.0 Car -1.0 -1.0 -1.0 -1.0 -1.0 -1.0 -1.0 2.044 1.612 4.883 2123.035 1.165 877.115 -1.1392113093131746 0.0 -1.0 -1.0
30.0 99.0 Car -1.0 -1.0 -1.0 -1.0 -1.0 -1.0 -1.0 1.73 1.562 4.084 2139.274 0.0 920.021 2.2189285479200533 1.0 -1.0 -1.0
30.0 2.0 Car -1.0 -1.0 -1.0 -1.0 -1.0 -1.0 -1.0 2.044 1.612 4.883 2123.678 1.165 875.697 -1.1392113093131746 0.0 -1.0 -1.0
