0.0 99.0 Car -1.0 -1.0 -1.0 -1.0 -1.0 -1.0 -1.0 1.73 1.562 4.084 1871.025 0.0 2484.322 2.297694168035311 1.0 0 5efeee66-ed1f-4ff8-8211-cb5c850e
0.0 3.0 Car -1.0 -1.0 -1.0 -1.0 -1.0 -1.0 -1.0 1.834 1.578 4.455 1904.106 2.215 2453.654 2.2992618500006277 0.0 1 7e5148f4-5dfa-4b2c-a355-736b8d4b
0.0 6.0 Bus -1.0 -1.0 -1.0 -1.0 -1.0 -1.0 -1.0 2.846 4.581 12.9 1873.399 1.517 2506.519 -0.7672816457790077 0.0 2 1e528ed0-9376-4333-8550-7670b816
0.0 1.0 Car -1.0 -1.0 -1.0 -1.0 -1.0 -1.0 -1.0 2.06 1.754 4.398 1897.484 2.158 2456.102 2.351621727560458 0.0 3 9f094dd7-f69c-400d-a981-b31d26e1
0.0 5.0 Car -1.0 -1.0 -1.0 -1.0 -1.0 -1.0 -1.0 1.883 1.627 4.398 1930.888 3.229 2425.67 2.334168435040514 0.0 4 317ebe62-43b7-41a4-8574-e7bda906
1.0 99.0 Car -1.0 -1.0 -1.0 -1.0 -1.0 -1.0 -1.0 1.73 1.562 4.084 1866.008 0.0 2490.11 2.2834740930247963 1.0 5 b5a264a8-7e5d-4889-8231-df7e3b34
1.0 3.0 Car -1.0 -1.0 -1.0 -1.0 -1.0 -1.0 -1.0 1.834 1.578 4.455 1897.838 2.156 2460.219 2.304246509812588 1.0 1 7e5148f4-5dfa-4b2c-a355-736b8d4b
1.0 4.0 Car -1.0 -1.0 -1.0 -1.0 -1.0 -1.0 -1.0 2.097 2.124 5.259 1807.911 -0.854 2559.964 2.2512652958984924 0.0 6 018c8603-69f4-404a-9dfc-6b10fb49
1.0 2.0 Car -1.0 -1.0 -1.0 -1.0 -1.0 -1.0 -1.0 1.983 1.626 4.579 1835.457 -0.6 2530.979 2.2505788012642607 0.0 7 92ab71de-3420-4ed5-83da-9f61b57e
1.0 6.0 Bus -1.0 -1.0 -1.0 -1.0 -1.0 -1.0 -1.0 2.846 4.581 12.9 1876.68 1.833 2503.692 -0.7214774508688634 1.0 2 1e528ed0-9376-4333-8550-7670b816
1.0 1.0 Car -1.0 -1.0 -1.0 -1.0 -1.0 -1.0 -1.0 2.06 1.754 4.398 1892.278 2.146 2461.477 2.3266984285006544 1.0 3 9f094dd7-f69c-400d-a981-b31d26e1
1.0 5.0 Car -1.0 -1.0 -1.0 -1.0 -1.0 -1.0 -1.0 1.883 1.627 4.398 1923.884 3.24 2433.112 2.3472553478719838 1.0 4 317ebe62-43b7-41a4-8574-e7bda906
2.0 99.0 Car -1.0 -1.0 -1.0 -1.0 -1.0 -1.0 -1.0 1.73 1.562 4.084 1861.845 0.0 2495.029 2.2751429300342836 1.0 8 ff9fd32c-32ca-4a8a-941b-2bded00d
2.0 3.0 Car -1.0 -1.0 -1.0 -1.0 -1.0 -1.0 -1.0 1.834 1.578 4.455 1892.616 2.107 2465.688 2.3083995607683168 1.0 9 42940978-367b-4073-975e-996020fe
2.0 4.0 Car -1.0 -1.0 -1.0 -1.0 -1.0 -1.0 -1.0 2.097 2.124 5.259 1804.558 -0.725 2563.859 2.2512652958984924 1.0 6 018c8603-69f4-404a-9dfc-6b10fb49
2.0 2.0 Car -1.0 -1.0 -1.0 -1.0 -1.0 -1.0 -1.0 1.983 1.626 4.579 1831.738 -0.475 2535.381 2.2505788012642607 1.0 7 92ab71de-3420-4ed5-83da-9f61b57e
2.0 6.0 Bus -1.0 -1.0 -1.0 -1.0 -1.0 -1.0 -1.0 2.846 4.581 12.9 1879.51 2.095 2501.454 -0.6833149357476724 1.0 10 594e70c3-d424-4e42-985d-65d0245b
2.0 1.0 Car -1.0 -1.0 -1.0 -1.0 -1.0 -1.0 -1.0 2.06 1.754 4.398 1887.968 2.137 2465.98 2.305933173722013 1.0 3 9f094dd7-f69c-400d-a981-b31d26e1
2.0 5.0 Car -1.0 -1.0 -1.0 -1.0 -1.0 -1.0 -1.0 1.883 1.627 4.398 1918.049 3.25 2439.312 2.3581589236208957 1.0 11 7c6a3d69-4a01-4840-9ece-f5d5420b
3.0 99.0 Car -1.0 -1.0 -1.0 -1.0 -1.0 -1.0 -1.0 1.73 1.562 4.084 1857.672 0.0 2500.001 2.275002701601092 1.0 8 ff9fd32c-32ca-4a8a-941b-2bded00d
3.0 3.0 Car -1.0 -1.0 -1.0 -1.0 -1.0 -1.0 -1.0 1.834 1.578 4.455 1887.387 2.057 2471.164 2.3125573807237103 1.0 12 f8ebfd3a-a455-41d3-902d-fbf35981
3.0 4.0 Car -1.0 -1.0 -1.0 -1.0 -1.0 -1.0 -1.0 2.097 2.124 5.259 1801.201 -0.596 2567.758 2.2512652958984924 1.0 6 018c8603-69f4-404a-9dfc-6b10fb49
3.0 2.0 Car -1.0 -1.0 -1.0 -1.0 -1.0 -1.0 -1.0 1.983 1.626 4.579 1828.016 -0.35 2539.789 2.2505788012642607 1.0 7 92ab71de-3420-4ed5-83da-9f61b57e
3.0 6.0 Bus -1.0 -1.0 -1.0 -1.0 -1.0 -1.0 -1.0 2.846 4.581 12.9 1882.122 2.408 2499.562 -0.6451085981394061 0.0 13 4dc443e6-32e3-41e9-8a65-551acfa1
3.0 1.0 Car -1.0 -1.0 -1.0 -1.0 -1.0 -1.0 -1.0 2.06 1.754 4.398 1883.667 2.128 2470.502 2.2851440739450455 1.0 14 2b5e8c8f-670d-4d0b-9dd9-9175676c
3.0 5.0 Car -1.0 -1.0 -1.0 -1.0 -1.0 -1.0 -1.0 1.883 1.627 4.398 1912.208 3.259 2445.52 2.3690750200804005 1.0 1 7e5148f4-5dfa-4b2c-a355-736b8d4b
4.0 99.0 Car -1.0 -1.0 -1.0 -1.0 -1.0 -1.0 -1.0 1.73 1.562 4.084 1853.527 0.0 2504.939 2.273837016646572 1.0 15 a1c4f0a3-4c94-42d9-8cbf-4c6ff3c8
4.0 3.0 Car -1.0 -1.0 -1.0 -1.0 -1.0 -1.0 -1.0 1.834 1.578 4.455 1882.247 2.008 2476.72 2.3167151425205708 1.0 16 d5d4e1df-cc41-4974-875b-27ec8e45
4.0 4.0 Car -1.0 -1.0 -1.0 -1.0 -1.0 -1.0 -1.0 2.097 2.124 5.259 1797.7 -0.433 2572.03 2.2512652958984924 1.0 6 018c8603-69f4-404a-9dfc-6b10fb49
4.0 2.0 Car -1.0 -1.0 -1.0 -1.0 -1.0 -1.0 -1.0 1.983 1.626 4.579 1823.826 -0.226 2544.548 2.2505788012642607 1.0 7 92ab71de-3420-4ed5-83da-9f61b57e
4.0 6.0 Bus -1.0 -1.0 -1.0 -1.0 -1.0 -1.0 -1.0 2.846 4.581 12.9 1884.444 2.721 2497.788 -0.6218482195770774 0.0 13 4dc443e6-32e3-41e9-8a65-551acfa1
4.0 1.0 Car -1.0 -1.0 -1.0 -1.0 -1.0 -1.0 -1.0 2.06 1.754 4.398 1879.366 2.118 2475.023 2.264355264960741 1.0 0 5efeee66-ed1f-4ff8-8211-cb5c850e
4.0 5.0 Car -1.0 -1.0 -1.0 -1.0 -1.0 -1.0 -1.0 1.883 1.627 4.398 1906.027 3.159 2451.926 2.355096878103457 1.0 1 7e5148f4-5dfa-4b2c-a355-736b8d4b
5.0 99.0 Car -1.0 -1.0 -1.0 -1.0 -1.0 -1.0 -1.0 1.73 1.562 4.084 1849.483 0.0 2509.789 2.274982932726404 1.0 17 e5a6e48f-7876-4de3-9fa2-6c98505c
5.0 3.0 Car -1.0 -1.0 -1.0 -1.0 -1.0 -1.0 -1.0 1.834 1.578 4.455 1877.169 1.996 2482.472 2.3254527886850207 1.0 16 d5d4e1df-cc41-4974-875b-27ec8e45
5.0 4.0 Car -1.0 -1.0 -1.0 -1.0 -1.0 -1.0 -1.0 2.097 2.124 5.259 1794.206 -0.271 2576.292 2.2512652958984924 1.0 18 c04a24a9-9c74-4c56-8896-f49f30c6
5.0 2.0 Car -1.0 -1.0 -1.0 -1.0 -1.0 -1.0 -1.0 1.983 1.626 4.579 1819.745 -0.101 2549.324 2.2505788012642607 1.0 19 77509039-ded7-4d17-869a-d3967950
5.0 6.0 Bus -1.0 -1.0 -1.0 -1.0 -1.0 -1.0 -1.0 2.846 4.581 12.9 1886.611 2.934 2496.061 -0.6450952969108728 0.0 13 4dc443e6-32e3-41e9-8a65-551acfa1
5.0 1.0 Car -1.0 -1.0 -1.0 -1.0 -1.0 -1.0 -1.0 2.06 1.754 4.398 1875.225 2.168 2479.658 2.264355264960741 1.0 0 5efeee66-ed1f-4ff8-8211-cb5c850e
5.0 5.0 Car -1.0 -1.0 -1.0 -1.0 -1.0 -1.0 -1.0 1.883 1.627 4.398 1899.86 3.059 2458.317 2.3411499364010533 1.0 1 7e5148f4-5dfa-4b2c-a355-736b8d4b
6.0 99.0 Car -1.0 -1.0 -1.0 -1.0 -1.0 -1.0 -1.0 1.73 1.562 4.084 1845.474 0.0 2514.577 2.2742618268840507 1.0 17 e5a6e48f-7876-4de3-9fa2-6c98505c
6.0 3.0 Car -1.0 -1.0 -1.0 -1.0 -1.0 -1.0 -1.0 1.834 1.578 4.455 1872.017 1.983 2488.17 2.3167271579315027 1.0 20 dcd3bdfe-958f-467e-a128-ae9e3c04
6.0 4.0 Car -1.0 -1.0 -1.0 -1.0 -1.0 -1.0 -1.0 2.097 2.124 5.259 1790.708 -0.108 2580.56 2.2512652958984924 1.0 18 c04a24a9-9c74-4c56-8896-f49f30c6
6.0 2.0 Car -1.0 -1.0 -1.0 -1.0 -1.0 -1.0 -1.0 1.983 1.626 4.579 1815.626 -0.006 2554.294 2.2505788012642607 1.0 18 c04a24a9-9c74-4c56-8896-f49f30c6
6.0 6.0 Bus -1.0 -1.0 -1.0 -1.0 -1.0 -1.0 -1.0 2.846 4.581 12.9 1888.78 3.146 2494.331 -0.6683690054391368 0.0 13 4dc443e6-32e3-41e9-8a65-551acfa1
6.0 1.0 Car -1.0 -1.0 -1.0 -1.0 -1.0 -1.0 -1.0 2.06 1.754 4.398 1871.08 2.218 2484.299 2.264355264960741 1.0 0 5efeee66-ed1f-4ff8-8211-cb5c850e
6.0 5.0 Car -1.0 -1.0 -1.0 -1.0 -1.0 -1.0 -1.0 1.883 1.627 4.398 1893.686 2.959 2464.716 2.327187017476594 1.0 1 7e5148f4-5dfa-4b2c-a355-736b8d4b
7.0 99.0 Car -1.0 -1.0 -1.0 -1.0 -1.0 -1.0 -1.0 1.73 1.562 4.084 1841.544 0.0 2519.25 2.2778423979356015 1.0 21 8533f394-1b0b-4dbf-a7d1-88b0ee53
7.0 3.0 Car -1.0 -1.0 -1.0 -1.0 -1.0 -1.0 -1.0 1.834 1.578 4.455 1866.733 1.896 2493.822 2.2294486799208544 1.0 22 cb4bd12a-2932-4bbb-9731-c774ef85
7.0 4.0 Car -1.0 -1.0 -1.0 -1.0 -1.0 -1.0 -1.0 2.097 2.124 5.259 1787.728 0.054 2584.211 2.2512652958984924 1.0 18 c04a24a9-9c74-4c56-8896-f49f30c6
7.0 2.0 Car -1.0 -1.0 -1.0 -1.0 -1.0 -1.0 -1.0 1.983 1.626 4.579 1811.506 0.089 2559.263 2.2505788012642607 1.0 23 bca76c5f-db46-4900-955e-ff3741c8
7.0 6.0 Bus -1.0 -1.0 -1.0 -1.0 -1.0 -1.0 -1.0 2.846 4.581 12.9 1890.627 3.409 2492.625 -0.6916414103424966 0.0 13 4dc443e6-32e3-41e9-8a65-551acfa1
7.0 1.0 Car -1.0 -1.0 -1.0 -1.0 -1.0 -1.0 -1.0 2.06 1.754 4.398 1866.935 2.269 2488.939 2.264355264960741 1.0 5 b5a264a8-7e5d-4889-8231-df7e3b34
7.0 5.0 Car -1.0 -1.0 -1.0 -1.0 -1.0 -1.0 -1.0 1.883 1.627 4.398 1887.512 2.86 2471.114 2.313224880653913 1.0 12 f8ebfd3a-a455-41d3-902d-fbf35981
8.0 99.0 Car -1.0 -1.0 -1.0 -1.0 -1.0 -1.0 -1.0 1.73 1.562 4.084 1837.58 0.0 2523.928 2.2804218808363497 1.0 24 c8641c01-4ef8-44b7-85e2-794f96e1
8.0 3.0 Car -1.0 -1.0 -1.0 -1.0 -1.0 -1.0 -1.0 1.834 1.578 4.455 1861.795 1.842 2499.573 2.2556236985648055 1.0 22 cb4bd12a-2932-4bbb-9731-c774ef85
8.0 4.0 Car -1.0 -1.0 -1.0 -1.0 -1.0 -1.0 -1.0 2.097 2.124 5.259 1784.368 0.217 2588.193 2.2512652958984924 1.0 18 c04a24a9-9c74-4c56-8896-f49f30c6
8.0 2.0 Car -1.0 -1.0 -1.0 -1.0 -1.0 -1.0 -1.0 1.983 1.626 4.579 1807.387 0.185 2564.233 2.2505788012642607 1.0 25 e180ee75-5367-44d9-b999-557180ea
8.0 6.0 Bus -1.0 -1.0 -1.0 -1.0 -1.0 -1.0 -1.0 2.846 4.581 12.9 1892.287 3.672 2491.335 -0.7032750264775207 0.0 13 4dc443e6-32e3-41e9-8a65-551acfa1
8.0 1.0 Car -1.0 -1.0 -1.0 -1.0 -1.0 -1.0 -1.0 2.06 1.754 4.398 1862.952 2.219 2493.715 2.264355264960741 1.0 8 ff9fd32c-32ca-4a8a-941b-2bded00d
8.0 5.0 Car -1.0 -1.0 -1.0 -1.0 -1.0 -1.0 -1.0 1.883 1.627 4.398 1881.338 2.76 2477.513 2.2992618500006277 1.0 16 d5d4e1df-cc41-4974-875b-27ec8e45
9.0 99.0 Car -1.0 -1.0 -1.0 -1.0 -1.0 -1.0 -1.0 1.73 1.562 4.084 1833.693 0.0 2528.519 2.277940883906565 1.0 26 37209e7f-8118-4871-beb9-e95218b3
9.0 3.0 Car -1.0 -1.0 -1.0 -1.0 -1.0 -1.0 -1.0 1.834 1.578 4.455 1856.802 1.788 2505.292 2.2469019724407975 1.0 22 cb4bd12a-2932-4bbb-9731-c774ef85
9.0 4.0 Car -1.0 -1.0 -1.0 -1.0 -1.0 -1.0 -1.0 2.097 2.124 5.259 1781.005 0.38 2592.18 2.2512652958984924 1.0 27 8649a094-f395-4759-907b-5202cfb7
9.0 2.0 Car -1.0 -1.0 -1.0 -1.0 -1.0 -1.0 -1.0 1.983 1.626 4.579 1803.354 0.218 2568.875 2.2564011259991776 1.0 25 e180ee75-5367-44d9-b999-557180ea
9.0 6.0 Bus -1.0 -1.0 -1.0 -1.0 -1.0 -1.0 -1.0 2.846 4.581 12.9 1893.698 3.935 2490.022 -0.7149217682191785 0.0 13 4dc443e6-32e3-41e9-8a65-551acfa1
9.0 1.0 Car -1.0 -1.0 -1.0 -1.0 -1.0 -1.0 -1.0 2.06 1.754 4.398 1858.965 2.169 2498.497 2.264355264960741 1.0 8 ff9fd32c-32ca-4a8a-941b-2bded00d
9.0 5.0 Car -1.0 -1.0 -1.0 -1.0 -1.0 -1.0 -1.0 1.883 1.627 4.398 1875.535 2.69 2484.129 2.305084174735544 1.0 16 d5d4e1df-cc41-4974-875b-27ec8e45
10.0 99.0 Car -1.0 -1.0 -1.0 -1.0 -1.0 -1.0 -1.0 1.73 1.562 4.084 1829.8 0.0 2533.093 2.281658741977111 1.0 26 37209e7f-8118-4871-beb9-e95218b3
10.0 3.0 Car -1.0 -1.0 -1.0 -1.0 -1.0 -1.0 -1.0 1.834 1.578 4.455 1851.881 1.734 2511.116 2.2294486799208544 1.0 28 726ed067-ce01-47aa-9ae1-dce4a524
10.0 4.0 Car -1.0 -1.0 -1.0 -1.0 -1.0 -1.0 -1.0 2.097 2.124 5.259 1777.663 0.409 2596.175 2.2512652958984924 1.0 27 8649a094-f395-4759-907b-5202cfb7
10.0 2.0 Car -1.0 -1.0 -1.0 -1.0 -1.0 -1.0 -1.0 1.983 1.626 4.579 1799.325 0.252 2573.512 2.2622164586485765 1.0 25 e180ee75-5367-44d9-b999-557180ea
10.0 6.0 Bus -1.0 -1.0 -1.0 -1.0 -1.0 -1.0 -1.0 2.846 4.581 12.9 1894.756 4.197 2489.253 -0.7149217682191785 0.0 13 4dc443e6-32e3-41e9-8a65-551acfa1
10.0 1.0 Car -1.0 -1.0 -1.0 -1.0 -1.0 -1.0 -1.0 2.06 1.754 4.398 1854.983 2.119 2503.272 2.264355264960741 1.0 8 ff9fd32c-32ca-4a8a-941b-2bded00d
10.0 5.0 Car -1.0 -1.0 -1.0 -1.0 -1.0 -1.0 -1.0 1.883 1.627 4.398 1869.738 2.62 2490.738 2.310899507384943 1.0 29 908efdb8-080b-4dd2-873d-dc18765b
11.0 99.0 Car -1.0 -1.0 -1.0 -1.0 -1.0 -1.0 -1.0 1.73 1.562 4.084 1825.95 0.0 2537.594 2.283696777817472 1.0 26 37209e7f-8118-4871-beb9-e95218b3
11.0 3.0 Car -1.0 -1.0 -1.0 -1.0 -1.0 -1.0 -1.0 1.834 1.578 4.455 1847.008 1.546 2516.775 2.261437532570829 1.0 28 726ed067-ce01-47aa-9ae1-dce4a524
11.0 4.0 Car -1.0 -1.0 -1.0 -1.0 -1.0 -1.0 -1.0 2.097 2.124 5.259 1774.321 0.438 2600.171 2.2512652958984924 1.0 27 8649a094-f395-4759-907b-5202cfb7
11.0 2.0 Car -1.0 -1.0 -1.0 -1.0 -1.0 -1.0 -1.0 1.983 1.626 4.579 1795.297 0.285 2578.15 2.2680320937842042 1.0 18 c04a24a9-9c74-4c56-8896-f49f30c6
11.0 6.0 Bus -1.0 -1.0 -1.0 -1.0 -1.0 -1.0 -1.0 2.846 4.581 12.9 1895.4 4.46 2488.863 -0.7149217682191785 0.0 13 4dc443e6-32e3-41e9-8a65-551acfa1
11.0 1.0 Car -1.0 -1.0 -1.0 -1.0 -1.0 -1.0 -1.0 2.06 1.754 4.398 1851.001 2.069 2508.048 2.264355264960741 1.0 17 e5a6e48f-7876-4de3-9fa2-6c98505c
11.0 5.0 Car -1.0 -1.0 -1.0 -1.0 -1.0 -1.0 -1.0 1.883 1.627 4.398 1863.941 2.55 2497.347 2.3167151425205708 1.0 22 cb4bd12a-2932-4bbb-9731-c774ef85
12.0 99.0 Car -1.0 -1.0 -1.0 -1.0 -1.0 -1.0 -1.0 1.73 1.562 4.084 1822.144 0.0 2542.126 2.275103909397359 1.0 26 37209e7f-8118-4871-beb9-e95218b3
12.0 3.0 Car -1.0 -1.0 -1.0 -1.0 -1.0 -1.0 -1.0 1.834 1.578 4.455 1842.099 1.359 2522.572 2.258535356995005 1.0 28 726ed067-ce01-47aa-9ae1-dce4a524
12.0 4.0 Car -1.0 -1.0 -1.0 -1.0 -1.0 -1.0 -1.0 2.097 2.124 5.259 1770.975 0.467 2604.171 2.2512652958984924 1.0 30 ea2c9bd3-dac3-4332-9c46-4f2bc6da
12.0 7.0 Car -1.0 -1.0 -1.0 -1.0 -1.0 -1.0 -1.0 1.983 1.56 4.579 1779.824 0.357 2603.51 2.2292566938108127 0.0 31 595f8a12-363a-40c8-9b3d-9f81ae96
12.0 2.0 Car -1.0 -1.0 -1.0 -1.0 -1.0 -1.0 -1.0 1.983 1.626 4.579 1790.428 0.311 2584.067 2.2655368593624132 1.0 18 c04a24a9-9c74-4c56-8896-f49f30c6
12.0 6.0 Bus -1.0 -1.0 -1.0 -1.0 -1.0 -1.0 -1.0 2.846 4.581 12.9 1896.044 4.723 2488.472 -0.7149217682191785 0.0 13 4dc443e6-32e3-41e9-8a65-551acfa1
12.0 1.0 Car -1.0 -1.0 -1.0 -1.0 -1.0 -1.0 -1.0 2.06 1.754 4.398 1846.795 1.969 2513.129 2.264355264960741 1.0 17 e5a6e48f-7876-4de3-9fa2-6c98505c
12.0 5.0 Car -1.0 -1.0 -1.0 -1.0 -1.0 -1.0 -1.0 1.883 1.627 4.398 1858.238 2.37 2504.055 2.3097324496647644 1.0 22 cb4bd12a-2932-4bbb-9731-c774ef85
13.0 99.0 Car -1.0 -1.0 -1.0 -1.0 -1.0 -1.0 -1.0 1.73 1.562 4.084 1818.369 0.0 2546.673 2.267434400925749 1.0 26 37209e7f-8118-4871-beb9-e95218b3
13.0 3.0 Car -1.0 -1.0 -1.0 -1.0 -1.0 -1.0 -1.0 1.834 1.578 4.455 1837.268 1.171 2528.298 2.2469019724407975 1.0 32 0fd49f8c-a170-4402-bff4-e58770ab
13.0 4.0 Car -1.0 -1.0 -1.0 -1.0 -1.0 -1.0 -1.0 2.097 2.124 5.259 1767.42 0.555 2608.321 2.2396257514268143 1.0 30 ea2c9bd3-dac3-4332-9c46-4f2bc6da
13.0 7.0 Car -1.0 -1.0 -1.0 -1.0 -1.0 -1.0 -1.0 1.983 1.56 4.579 1779.617 0.307 2603.65 2.2292566938108127 1.0 31 595f8a12-363a-40c8-9b3d-9f81ae96
13.0 2.0 Car -1.0 -1.0 -1.0 -1.0 -1.0 -1.0 -1.0 1.983 1.626 4.579 1785.56 0.337 2589.985 2.263041580063561 1.0 18 c04a24a9-9c74-4c56-8896-f49f30c6
13.0 6.0 Bus -1.0 -1.0 -1.0 -1.0 -1.0 -1.0 -1.0 2.846 4.581 12.9 1896.172 4.986 2488.706 -0.7149217682191785 0.0 13 4dc443e6-32e3-41e9-8a65-551acfa1
13.0 1.0 Car -1.0 -1.0 -1.0 -1.0 -1.0 -1.0 -1.0 2.06 1.754 4.398 1842.588 1.869 2518.21 2.264355264960741 1.0 21 8533f394-1b0b-4dbf-a7d1-88b0ee53
13.0 5.0 Car -1.0 -1.0 -1.0 -1.0 -1.0 -1.0 -1.0 1.883 1.627 4.398 1852.536 2.19 2510.764 2.3027496312244704 1.0 28 726ed067-ce01-47aa-9ae1-dce4a524
14.0 99.0 Car -1.0 -1.0 -1.0 -1.0 -1.0 -1.0 -1.0 1.73 1.562 4.084 1814.556 0.0 2551.294 2.2718127104919508 1.0 6 018c8603-69f4-404a-9dfc-6b10fb49
14.0 3.0 Car -1.0 -1.0 -1.0 -1.0 -1.0 -1.0 -1.0 1.834 1.578 4.455 1832.448 1.352 2534.157 2.2527154490978365 1.0 7 92ab71de-3420-4ed5-83da-9f61b57e
14.0 4.0 Car -1.0 -1.0 -1.0 -1.0 -1.0 -1.0 -1.0 2.097 2.124 5.259 1763.868 0.643 2612.466 2.2279988833343936 1.0 30 ea2c9bd3-dac3-4332-9c46-4f2bc6da
14.0 7.0 Car -1.0 -1.0 -1.0 -1.0 -1.0 -1.0 -1.0 1.983 1.56 4.579 1779.419 0.441 2603.795 2.2311983157652313 1.0 31 595f8a12-363a-40c8-9b3d-9f81ae96
14.0 2.0 Car -1.0 -1.0 -1.0 -1.0 -1.0 -1.0 -1.0 1.983 1.626 4.579 1780.696 0.363 2595.896 2.260549018320093 1.0 33 70695589-4c24-4f3f-9238-c32b3aa2
14.0 6.0 Bus -1.0 -1.0 -1.0 -1.0 -1.0 -1.0 -1.0 2.846 4.581 12.9 1896.105 5.249 2488.58 -0.7149217682191785 0.0 13 4dc443e6-32e3-41e9-8a65-551acfa1
14.0 1.0 Car -1.0 -1.0 -1.0 -1.0 -1.0 -1.0 -1.0 2.06 1.754 4.398 1838.387 1.769 2523.285 2.264355264960741 1.0 21 8533f394-1b0b-4dbf-a7d1-88b0ee53
14.0 5.0 Car -1.0 -1.0 -1.0 -1.0 -1.0 -1.0 -1.0 1.883 1.627 4.398 1846.84 2.01 2517.466 2.2957744176225834 1.0 28 726ed067-ce01-47aa-9ae1-dce4a524
15.0 99.0 Car -1.0 -1.0 -1.0 -1.0 -1.0 -1.0 -1.0 1.73 1.562 4.084 1810.716 0.0 2555.862 2.278585420545689 1.0 6 018c8603-69f4-404a-9dfc-6b10fb49
15.0 3.0 Car -1.0 -1.0 -1.0 -1.0 -1.0 -1.0 -1.0 1.834 1.578 4.455 1827.682 1.232 2539.758 2.2585355779953176 1.0 7 92ab71de-3420-4ed5-83da-9f61b57e
15.0 4.0 Car -1.0 -1.0 -1.0 -1.0 -1.0 -1.0 -1.0 2.097 2.124 5.259 1760.793 0.955 2616.048 2.2163587108586054 1.0 30 ea2c9bd3-dac3-4332-9c46-4f2bc6da
15.0 7.0 Car -1.0 -1.0 -1.0 -1.0 -1.0 -1.0 -1.0 1.983 1.56 4.579 1779.221 0.574 2603.94 2.233142159477275 1.0 31 595f8a12-363a-40c8-9b3d-9f81ae96
15.0 2.0 Car -1.0 -1.0 -1.0 -1.0 -1.0 -1.0 -1.0 1.983 1.626 4.579 1775.723 0.548 2601.99 2.2580536043900565 1.0 33 70695589-4c24-4f3f-9238-c32b3aa2
15.0 1.0 Car -1.0 -1.0 -1.0 -1.0 -1.0 -1.0 -1.0 2.06 1.754 4.398 1834.115 1.669 2528.444 2.264355264960741 1.0 26 37209e7f-8118-4871-beb9-e95218b3
15.0 0.0 Car -1.0 -1.0 -1.0 -1.0 -1.0 -1.0 -1.0 1.859 1.53 4.402 1771.084 0.805 2618.521 -0.9612051787880086 0.0 34 cad31730-f1df-42ee-86e1-7229fece
15.0 5.0 Car -1.0 -1.0 -1.0 -1.0 -1.0 -1.0 -1.0 1.883 1.627 4.398 1841.137 1.83 2524.175 2.288791222428827 1.0 28 726ed067-ce01-47aa-9ae1-dce4a524
16.0 99.0 Car -1.0 -1.0 -1.0 -1.0 -1.0 -1.0 -1.0 1.73 1.562 4.084 1806.829 0.0 2560.439 2.2781419359795807 1.0 6 018c8603-69f4-404a-9dfc-6b10fb49
16.0 3.0 Car -1.0 -1.0 -1.0 -1.0 -1.0 -1.0 -1.0 1.834 1.578 4.455 1822.944 1.262 2545.421 2.264355264960741 1.0 7 92ab71de-3420-4ed5-83da-9f61b57e
16.0 4.0 Car -1.0 -1.0 -1.0 -1.0 -1.0 -1.0 -1.0 2.097 2.124 5.259 1757.555 1.118 2620.023 2.2163587108586054 1.0 34 cad31730-f1df-42ee-86e1-7229fece
16.0 7.0 Car -1.0 -1.0 -1.0 -1.0 -1.0 -1.0 -1.0 1.983 1.56 4.579 1779.023 0.707 2604.085 2.2350858555900355 1.0 35 013161d3-d4e7-4854-8b94-d180717f
16.0 2.0 Car -1.0 -1.0 -1.0 -1.0 -1.0 -1.0 -1.0 1.983 1.626 4.579 1770.75 0.733 2608.084 2.255558379940946 1.0 36 d644755c-2e8b-4050-b116-5a78a29e
16.0 1.0 Car -1.0 -1.0 -1.0 -1.0 -1.0 -1.0 -1.0 2.06 1.754 4.398 1829.845 1.669 2533.603 2.264355264960741 1.0 26 37209e7f-8118-4871-beb9-e95218b3
16.0 0.0 Car -1.0 -1.0 -1.0 -1.0 -1.0 -1.0 -1.0 1.859 1.53 4.402 1775.386 0.83 2613.49 -0.9961117638278947 1.0 37 d7cca682-24cc-44f6-97ad-c2566412
16.0 5.0 Car -1.0 -1.0 -1.0 -1.0 -1.0 -1.0 -1.0 1.883 1.627 4.398 1835.434 1.65 2530.884 2.2818085574806846 1.0 7 92ab71de-3420-4ed5-83da-9f61b57e
17.0 99.0 Car -1.0 -1.0 -1.0 -1.0 -1.0 -1.0 -1.0 1.73 1.562 4.084 1803.001 0.0 2564.964 2.2771020012283376 1.0 6 018c8603-69f4-404a-9dfc-6b10fb49
17.0 3.0 Car -1.0 -1.0 -1.0 -1.0 -1.0 -1.0 -1.0 1.834 1.578 4.455 1818.448 1.293 2550.972 2.2469019724407975 1.0 7 92ab71de-3420-4ed5-83da-9f61b57e
17.0 4.0 Car -1.0 -1.0 -1.0 -1.0 -1.0 -1.0 -1.0 2.097 2.124 5.259 1754.324 1.28 2623.99 2.2163587108586054 1.0 38 d5549fea-ac14-46b4-811b-132cc5d2
17.0 7.0 Car -1.0 -1.0 -1.0 -1.0 -1.0 -1.0 -1.0 1.983 1.56 4.579 1778.836 0.757 2604.236 2.2428325611368876 1.0 35 013161d3-d4e7-4854-8b94-d180717f
17.0 2.0 Car -1.0 -1.0 -1.0 -1.0 -1.0 -1.0 -1.0 1.983 1.626 4.579 1765.787 0.918 2614.164 2.2530685158075014 1.0 36 d644755c-2e8b-4050-b116-5a78a29e
17.0 1.0 Car -1.0 -1.0 -1.0 -1.0 -1.0 -1.0 -1.0 2.06 1.754 4.398 1825.583 1.669 2538.75 2.264355264960741 1.0 39 3a3d36c3-8961-43d2-a71c-01e824c0
17.0 0.0 Car -1.0 -1.0 -1.0 -1.0 -1.0 -1.0 -1.0 1.859 1.53 4.402 1779.183 0.805 2609.002 -0.9262985937481223 1.0 37 d7cca682-24cc-44f6-97ad-c2566412
17.0 5.0 Car -1.0 -1.0 -1.0 -1.0 -1.0 -1.0 -1.0 1.883 1.627 4.398 1830.428 1.57 2536.942 2.2887838956712585 1.0 7 92ab71de-3420-4ed5-83da-9f61b57e
18.0 99.0 Car -1.0 -1.0 -1.0 -1.0 -1.0 -1.0 -1.0 1.73 1.562 4.084 1799.153 0.0 2569.564 2.271148430711627 1.0 6 018c8603-69f4-404a-9dfc-6b10fb49
18.0 3.0 Car -1.0 -1.0 -1.0 -1.0 -1.0 -1.0 -1.0 1.834 1.578 4.455 1813.692 1.225 2556.546 2.2454470626297685 1.0 25 e180ee75-5367-44d9-b999-557180ea
18.0 4.0 Car -1.0 -1.0 -1.0 -1.0 -1.0 -1.0 -1.0 2.097 2.124 5.259 1751.094 1.443 2627.956 2.2163587108586054 1.0 40 01e1977b-4518-43c2-8b6e-8f78b079
18.0 7.0 Car -1.0 -1.0 -1.0 -1.0 -1.0 -1.0 -1.0 1.983 1.56 4.579 1778.65 0.807 2604.387 2.2505788012642607 1.0 35 013161d3-d4e7-4854-8b94-d180717f
18.0 2.0 Car -1.0 -1.0 -1.0 -1.0 -1.0 -1.0 -1.0 1.983 1.626 4.579 1760.826 1.103 2620.244 2.2505788012642607 1.0 36 d644755c-2e8b-4050-b116-5a78a29e
18.0 1.0 Car -1.0 -1.0 -1.0 -1.0 -1.0 -1.0 -1.0 2.06 1.754 4.398 1821.246 1.594 2543.834 2.264355264960741 1.0 19 77509039-ded7-4d17-869a-d3967950
18.0 0.0 Car -1.0 -1.0 -1.0 -1.0 -1.0 -1.0 -1.0 1.859 1.53 4.402 1783.024 0.88 2604.786 -0.8564854236683499 1.0 41 749ffdf2-9ab3-4acd-943d-c3fbef40
18.0 5.0 Car -1.0 -1.0 -1.0 -1.0 -1.0 -1.0 -1.0 1.883 1.627 4.398 1825.423 1.49 2542.999 2.295758814785847 1.0 7 92ab71de-3420-4ed5-83da-9f61b57e
19.0 99.0 Car -1.0 -1.0 -1.0 -1.0 -1.0 -1.0 -1.0 1.73 1.562 4.084 1795.292 0.0 2574.198 2.2683329063021938 1.0 18 c04a24a9-9c74-4c56-8896-f49f30c6
19.0 3.0 Car -1.0 -1.0 -1.0 -1.0 -1.0 -1.0 -1.0 1.834 1.578 4.455 1809.049 1.157 2562.22 2.243990459867108 1.0 25 e180ee75-5367-44d9-b999-557180ea
19.0 4.0 Car -1.0 -1.0 -1.0 -1.0 -1.0 -1.0 -1.0 2.097 2.124 5.259 1747.929 1.564 2631.89 2.225085461863052 1.0 40 01e1977b-4518-43c2-8b6e-8f78b079
19.0 8.0 Car -1.0 -1.0 -1.0 -1.0 -1.0 -1.0 -1.0 1.851 1.614 4.465 1787.141 1.163 2627.663 -2.3908567288851805 0.0 42 c0982d15-695a-4508-82dc-ff42d23c
19.0 7.0 Car -1.0 -1.0 -1.0 -1.0 -1.0 -1.0 -1.0 1.983 1.56 4.579 1778.463 0.857 2604.538 2.2583340550155446 1.0 35 013161d3-d4e7-4854-8b94-d180717f
19.0 2.0 Car -1.0 -1.0 -1.0 -1.0 -1.0 -1.0 -1.0 1.983 1.626 4.579 1757.064 1.286 2624.898 2.244763042038401 1.0 36 d644755c-2e8b-4050-b116-5a78a29e
19.0 1.0 Car -1.0 -1.0 -1.0 -1.0 -1.0 -1.0 -1.0 2.06 1.754 4.398 1816.904 1.519 2548.924 2.264355264960741 1.0 43 40e07383-5edb-444d-8653-8bd668bc
19.0 0.0 Car -1.0 -1.0 -1.0 -1.0 -1.0 -1.0 -1.0 1.859 1.53 4.402 1787.232 0.905 2599.715 -0.8652121746727963 0.0 41 749ffdf2-9ab3-4acd-943d-c3fbef40
19.0 5.0 Car -1.0 -1.0 -1.0 -1.0 -1.0 -1.0 -1.0 1.883 1.627 4.398 1820.411 1.41 2549.063 2.3027418500053676 1.0 7 92ab71de-3420-4ed5-83da-9f61b57e
20.0 99.0 Car -1.0 -1.0 -1.0 -1.0 -1.0 -1.0 -1.0 1.73 1.562 4.084 1791.474 0.0 2578.804 2.2664783031966804 1.0 18 c04a24a9-9c74-4c56-8896-f49f30c6
20.0 3.0 Car -1.0 -1.0 -1.0 -1.0 -1.0 -1.0 -1.0 1.834 1.578 4.455 1804.303 1.089 2567.755 2.242533892070747 1.0 44 8b825f62-ef86-4758-9b9c-4e654cf1
20.0 4.0 Car -1.0 -1.0 -1.0 -1.0 -1.0 -1.0 -1.0 2.097 2.124 5.259 1744.764 1.684 2635.824 2.233812003378549 1.0 40 01e1977b-4518-43c2-8b6e-8f78b079
20.0 8.0 Car -1.0 -1.0 -1.0 -1.0 -1.0 -1.0 -1.0 1.851 1.614 4.465 1787.141 1.163 2627.663 -2.3908567288851805 1.0 42 c0982d15-695a-4508-82dc-ff42d23c
20.0 7.0 Car -1.0 -1.0 -1.0 -1.0 -1.0 -1.0 -1.0 1.983 1.56 4.579 1778.277 0.907 2604.69 2.2660891225990367 1.0 35 013161d3-d4e7-4854-8b94-d180717f
20.0 2.0 Car -1.0 -1.0 -1.0 -1.0 -1.0 -1.0 -1.0 1.983 1.626 4.579 1753.302 1.469 2629.552 2.2389474224220356 1.0 45 29cccbe7-d13c-4d88-9448-69f1146b
20.0 1.0 Car -1.0 -1.0 -1.0 -1.0 -1.0 -1.0 -1.0 2.06 1.754 4.398 1812.563 1.444 2554.014 2.264355264960741 1.0 6 018c8603-69f4-404a-9dfc-6b10fb49
20.0 0.0 Car -1.0 -1.0 -1.0 -1.0 -1.0 -1.0 -1.0 1.859 1.53 4.402 1791.243 0.93 2594.875 -0.8739387161882931 0.0 18 c04a24a9-9c74-4c56-8896-f49f30c6
20.0 5.0 Car -1.0 -1.0 -1.0 -1.0 -1.0 -1.0 -1.0 1.883 1.627 4.398 1815.399 1.33 2555.127 2.3097247175944937 1.0 25 e180ee75-5367-44d9-b999-557180ea
21.0 99.0 Car -1.0 -1.0 -1.0 -1.0 -1.0 -1.0 -1.0 1.73 1.562 4.084 1787.62 0.0 2583.453 2.2678314524460745 1.0 18 c04a24a9-9c74-4c56-8896-f49f30c6
21.0 3.0 Car -1.0 -1.0 -1.0 -1.0 -1.0 -1.0 -1.0 1.834 1.578 4.455 1799.589 1.022 2573.413 2.264355264960741 1.0 44 8b825f62-ef86-4758-9b9c-4e654cf1
21.0 4.0 Car -1.0 -1.0 -1.0 -1.0 -1.0 -1.0 -1.0 2.097 2.124 5.259 1741.339 1.755 2639.836 2.2280009241192698 1.0 40 01e1977b-4518-43c2-8b6e-8f78b079
21.0 8.0 Car -1.0 -1.0 -1.0 -1.0 -1.0 -1.0 -1.0 1.851 1.614 4.465 1787.046 1.268 2627.669 -2.4083100214051236 1.0 42 c0982d15-695a-4508-82dc-ff42d23c
21.0 7.0 Car -1.0 -1.0 -1.0 -1.0 -1.0 -1.0 -1.0 1.983 1.56 4.579 1778.121 0.894 2604.832 2.2654154986765747 1.0 35 013161d3-d4e7-4854-8b94-d180717f
21.0 2.0 Car -1.0 -1.0 -1.0 -1.0 -1.0 -1.0 -1.0 1.983 1.626 4.579 1749.536 1.503 2634.211 2.2331255087443176 1.0 45 29cccbe7-d13c-4d88-9448-69f1146b
21.0 1.0 Car -1.0 -1.0 -1.0 -1.0 -1.0 -1.0 -1.0 2.06 1.754 4.398 1808.216 1.369 2559.11 2.264355264960741 1.0 6 018c8603-69f4-404a-9dfc-6b10fb49
21.0 0.0 Car -1.0 -1.0 -1.0 -1.0 -1.0 -1.0 -1.0 1.859 1.53 4.402 1794.747 0.955 2590.619 -0.9088453012281792 0.0 18 c04a24a9-9c74-4c56-8896-f49f30c6
21.0 5.0 Car -1.0 -1.0 -1.0 -1.0 -1.0 -1.0 -1.0 1.883 1.627 4.398 1810.383 1.25 2561.197 2.3167151425205708 1.0 25 e180ee75-5367-44d9-b999-557180ea
22.0 99.0 Car -1.0 -1.0 -1.0 -1.0 -1.0 -1.0 -1.0 1.73 1.562 4.084 1783.77 0.0 2588.085 2.2696759466266885 1.0 27 8649a094-f395-4759-907b-5202cfb7
22.0 3.0 Car -1.0 -1.0 -1.0 -1.0 -1.0 -1.0 -1.0 1.834 1.578 4.455 1794.9 0.984 2579.135 2.2556235195949963 1.0 18 c04a24a9-9c74-4c56-8896-f49f30c6
22.0 4.0 Car -1.0 -1.0 -1.0 -1.0 -1.0 -1.0 -1.0 2.097 2.124 5.259 1737.915 1.826 2643.848 2.2221894500358848 1.0 40 01e1977b-4518-43c2-8b6e-8f78b079
22.0 8.0 Car -1.0 -1.0 -1.0 -1.0 -1.0 -1.0 -1.0 1.851 1.614 4.465 1786.609 1.223 2627.367 -2.4083100214051236 1.0 42 c0982d15-695a-4508-82dc-ff42d23c
22.0 7.0 Car -1.0 -1.0 -1.0 -1.0 -1.0 -1.0 -1.0 1.983 1.56 4.579 1777.965 0.88 2604.974 2.2647418289858567 0.0 35 013161d3-d4e7-4854-8b94-d180717f
22.0 2.0 Car -1.0 -1.0 -1.0 -1.0 -1.0 -1.0 -1.0 1.983 1.626 4.579 1744.606 1.628 2640.56 2.2331255087443176 1.0 45 29cccbe7-d13c-4d88-9448-69f1146b
22.0 1.0 Car -1.0 -1.0 -1.0 -1.0 -1.0 -1.0 -1.0 2.06 1.754 4.398 1804.044 1.284 2563.957 2.264355264960741 1.0 6 018c8603-69f4-404a-9dfc-6b10fb49
22.0 0.0 Car -1.0 -1.0 -1.0 -1.0 -1.0 -1.0 -1.0 1.859 1.53 4.402 1797.726 0.98 2586.874 -0.9088453012281792 0.0 18 c04a24a9-9c74-4c56-8896-f49f30c6
22.0 5.0 Car -1.0 -1.0 -1.0 -1.0 -1.0 -1.0 -1.0 1.883 1.627 4.398 1805.462 1.084 2566.903 2.305066501866106 1.0 44 8b825f62-ef86-4758-9b9c-4e654cf1
23.0 99.0 Car -1.0 -1.0 -1.0 -1.0 -1.0 -1.0 -1.0 1.73 1.562 4.084 1779.898 0.0 2592.739 2.2739563669762513 1.0 27 8649a094-f395-4759-907b-5202cfb7
23.0 3.0 Car -1.0 -1.0 -1.0 -1.0 -1.0 -1.0 -1.0 1.834 1.578 4.455 1790.195 0.946 2584.876 2.24686282840726 1.0 18 c04a24a9-9c74-4c56-8896-f49f30c6
23.0 4.0 Car -1.0 -1.0 -1.0 -1.0 -1.0 -1.0 -1.0 2.097 2.124 5.259 1734.85 1.86 2647.749 2.220725641624093 1.0 40 01e1977b-4518-43c2-8b6e-8f78b079
23.0 8.0 Car -1.0 -1.0 -1.0 -1.0 -1.0 -1.0 -1.0 1.851 1.614 4.465 1786.171 1.179 2627.064 -2.4083100214051236 1.0 42 c0982d15-695a-4508-82dc-ff42d23c
23.0 7.0 Car -1.0 -1.0 -1.0 -1.0 -1.0 -1.0 -1.0 1.983 1.56 4.579 1777.475 0.866 2605.517 2.264065926073471 0.0 35 013161d3-d4e7-4854-8b94-d180717f
23.0 2.0 Car -1.0 -1.0 -1.0 -1.0 -1.0 -1.0 -1.0 1.983 1.626 4.579 1739.659 1.754 2646.931 2.2331255087443176 1.0 45 29cccbe7-d13c-4d88-9448-69f1146b
23.0 1.0 Car -1.0 -1.0 -1.0 -1.0 -1.0 -1.0 -1.0 2.06 1.754 4.398 1799.859 1.199 2568.821 2.264355264960741 1.0 6 018c8603-69f4-404a-9dfc-6b10fb49
23.0 0.0 Car -1.0 -1.0 -1.0 -1.0 -1.0 -1.0 -1.0 1.859 1.53 4.402 1800.786 1.081 2582.974 -0.9088453012281792 0.0 18 c04a24a9-9c74-4c56-8896-f49f30c6
23.0 5.0 Car -1.0 -1.0 -1.0 -1.0 -1.0 -1.0 -1.0 1.883 1.627 4.398 1800.58 0.992 2572.68 2.2933792458530036 1.0 25 e180ee75-5367-44d9-b999-557180ea
24.0 99.0 Car -1.0 -1.0 -1.0 -1.0 -1.0 -1.0 -1.0 1.73 1.562 4.084 1776.072 0.0 2597.238 2.2782935261577637 1.0 27 8649a094-f395-4759-907b-5202cfb7
24.0 3.0 Car -1.0 -1.0 -1.0 -1.0 -1.0 -1.0 -1.0 1.834 1.578 4.455 1785.537 0.909 2590.56 2.2381895155658382 1.0 18 c04a24a9-9c74-4c56-8896-f49f30c6
24.0 4.0 Car -1.0 -1.0 -1.0 -1.0 -1.0 -1.0 -1.0 2.097 2.124 5.259 1731.815 1.893 2651.611 2.2192764331058026 1.0 40 01e1977b-4518-43c2-8b6e-8f78b079
24.0 8.0 Car -1.0 -1.0 -1.0 -1.0 -1.0 -1.0 -1.0 1.851 1.614 4.465 1784.707 1.019 2625.892 -2.389658671178475 1.0 46 2b0c5724-ce56-4fc5-94af-314cfa1e
24.0 7.0 Car -1.0 -1.0 -1.0 -1.0 -1.0 -1.0 -1.0 1.983 1.56 4.579 1776.479 0.874 2606.778 2.2466903293346805 0.0 35 013161d3-d4e7-4854-8b94-d180717f
24.0 2.0 Car -1.0 -1.0 -1.0 -1.0 -1.0 -1.0 -1.0 1.983 1.626 4.579 1734.93 1.754 2652.971 2.250511126680961 1.0 45 29cccbe7-d13c-4d88-9448-69f1146b
24.0 1.0 Car -1.0 -1.0 -1.0 -1.0 -1.0 -1.0 -1.0 2.06 1.754 4.398 1795.715 1.114 2573.636 2.264355264960741 1.0 18 c04a24a9-9c74-4c56-8896-f49f30c6
24.0 0.0 Car -1.0 -1.0 -1.0 -1.0 -1.0 -1.0 -1.0 1.859 1.53 4.402 1803.182 1.18 2579.896 -0.9088453012281792 0.0 18 c04a24a9-9c74-4c56-8896-f49f30c6
24.0 5.0 Car -1.0 -1.0 -1.0 -1.0 -1.0 -1.0 -1.0 1.883 1.627 4.398 1795.747 0.901 2578.399 2.2818085574806846 1.0 18 c04a24a9-9c74-4c56-8896-f49f30c6
25.0 99.0 Car -1.0 -1.0 -1.0 -1.0 -1.0 -1.0 -1.0 1.73 1.562 4.084 1772.27 0.0 2601.748 2.2719586751370513 1.0 30 ea2c9bd3-dac3-4332-9c46-4f2bc6da
25.0 3.0 Car -1.0 -1.0 -1.0 -1.0 -1.0 -1.0 -1.0 1.834 1.578 4.455 1780.844 0.872 2596.289 2.2294486799208544 1.0 33 70695589-4c24-4f3f-9238-c32b3aa2
25.0 4.0 Car -1.0 -1.0 -1.0 -1.0 -1.0 -1.0 -1.0 2.097 2.124 5.259 1728.757 1.927 2655.503 2.2178159423215678 1.0 40 01e1977b-4518-43c2-8b6e-8f78b079
25.0 8.0 Car -1.0 -1.0 -1.0 -1.0 -1.0 -1.0 -1.0 1.851 1.614 4.465 1782.941 0.857 2624.337 -2.3007382024278202 0.0 47 fd06194f-93dc-4897-80b4-716328cf
25.0 7.0 Car -1.0 -1.0 -1.0 -1.0 -1.0 -1.0 -1.0 1.983 1.56 4.579 1775.475 0.882 2608.05 2.2291794614455442 0.0 35 013161d3-d4e7-4854-8b94-d180717f
25.0 2.0 Car -1.0 -1.0 -1.0 -1.0 -1.0 -1.0 -1.0 1.983 1.626 4.579 1730.164 1.753 2659.058 2.2680320937842042 1.0 45 29cccbe7-d13c-4d88-9448-69f1146b
25.0 1.0 Car -1.0 -1.0 -1.0 -1.0 -1.0 -1.0 -1.0 2.06 1.754 4.398 1791.539 1.029 2578.489 2.264355264960741 1.0 18 c04a24a9-9c74-4c56-8896-f49f30c6
25.0 0.0 Car -1.0 -1.0 -1.0 -1.0 -1.0 -1.0 -1.0 1.859 1.53 4.402 1804.167 1.18 2578.49 -0.9228356102364029 0.0 18 c04a24a9-9c74-4c56-8896-f49f30c6
25.0 5.0 Car -1.0 -1.0 -1.0 -1.0 -1.0 -1.0 -1.0 1.883 1.627 4.398 1791.007 0.909 2584.174 2.2730721628823214 1.0 18 c04a24a9-9c74-4c56-8896-f49f30c6
26.0 99.0 Car -1.0 -1.0 -1.0 -1.0 -1.0 -1.0 -1.0 1.73 1.562 4.084 1768.543 0.0 2606.221 2.2666185641562517 1.0 30 ea2c9bd3-dac3-4332-9c46-4f2bc6da
26.0 3.0 Car -1.0 -1.0 -1.0 -1.0 -1.0 -1.0 -1.0 1.834 1.578 4.455 1776.114 0.783 2602.037 2.2338130573558477 1.0 33 70695589-4c24-4f3f-9238-c32b3aa2
26.0 4.0 Car -1.0 -1.0 -1.0 -1.0 -1.0 -1.0 -1.0 2.097 2.124 5.259 1725.706 1.96 2659.386 2.2163587108586054 1.0 40 01e1977b-4518-43c2-8b6e-8f78b079
26.0 8.0 Car -1.0 -1.0 -1.0 -1.0 -1.0 -1.0 -1.0 1.851 1.614 4.465 1781.322 0.696 2622.636 -2.2120161740771547 0.0 48 2ab1b208-f71f-44d5-afee-382c31be
26.0 7.0 Car -1.0 -1.0 -1.0 -1.0 -1.0 -1.0 -1.0 1.983 1.56 4.579 1774.289 0.891 2609.829 2.1069927208237567 0.0 35 013161d3-d4e7-4854-8b94-d180717f
26.0 2.0 Car -1.0 -1.0 -1.0 -1.0 -1.0 -1.0 -1.0 1.983 1.626 4.579 1725.552 1.778 2665.045 2.254938961479224 1.0 45 29cccbe7-d13c-4d88-9448-69f1146b
26.0 1.0 Car -1.0 -1.0 -1.0 -1.0 -1.0 -1.0 -1.0 2.06 1.754 4.398 1787.372 0.944 2583.33 2.264355264960741 1.0 18 c04a24a9-9c74-4c56-8896-f49f30c6
26.0 0.0 Car -1.0 -1.0 -1.0 -1.0 -1.0 -1.0 -1.0 1.859 1.53 4.402 1805.151 1.18 2577.086 -0.9367946976085446 0.0 18 c04a24a9-9c74-4c56-8896-f49f30c6
26.0 5.0 Car -1.0 -1.0 -1.0 -1.0 -1.0 -1.0 -1.0 1.883 1.627 4.398 1786.278 0.817 2589.936 2.264355264960741 1.0 18 c04a24a9-9c74-4c56-8896-f49f30c6
27.0 99.0 Car -1.0 -1.0 -1.0 -1.0 -1.0 -1.0 -1.0 1.73 1.562 4.084 1764.85 0.0 2610.707 2.2619855737690306 1.0 30 ea2c9bd3-dac3-4332-9c46-4f2bc6da
27.0 3.0 Car -1.0 -1.0 -1.0 -1.0 -1.0 -1.0 -1.0 1.834 1.578 4.455 1771.449 0.794 2607.758 2.2381776268795384 0.0 36 d644755c-2e8b-4050-b116-5a78a29e
27.0 4.0 Car -1.0 -1.0 -1.0 -1.0 -1.0 -1.0 -1.0 2.097 2.124 5.259 1722.75 1.914 2663.386 2.220724435732905 0.0 40 01e1977b-4518-43c2-8b6e-8f78b079
27.0 8.0 Car -1.0 -1.0 -1.0 -1.0 -1.0 -1.0 -1.0 1.851 1.614 4.465 1780.055 0.719 2620.367 -2.12905734108603 0.0 47 fd06194f-93dc-4897-80b4-716328cf
27.0 7.0 Car -1.0 -1.0 -1.0 -1.0 -1.0 -1.0 -1.0 1.983 1.56 4.579 1773.329 0.899 2611.74 1.9848006024150686 0.0 35 013161d3-d4e7-4854-8b94-d180717f
27.0 2.0 Car -1.0 -1.0 -1.0 -1.0 -1.0 -1.0 -1.0 1.983 1.626 4.579 1720.939 1.803 2671.033 2.2418452529081527 0.0 45 29cccbe7-d13c-4d88-9448-69f1146b
27.0 1.0 Car -1.0 -1.0 -1.0 -1.0 -1.0 -1.0 -1.0 2.06 1.754 4.398 1783.843 0.884 2587.522 2.264355264960741 0.0 27 8649a094-f395-4759-907b-5202cfb7
27.0 0.0 Car -1.0 -1.0 -1.0 -1.0 -1.0 -1.0 -1.0 1.859 1.53 4.402 1806.134 1.181 2575.682 -0.9507543993599299 0.0 18 c04a24a9-9c74-4c56-8896-f49f30c6
27.0 5.0 Car -1.0 -1.0 -1.0 -1.0 -1.0 -1.0 -1.0 1.883 1.627 4.398 1781.387 0.751 2595.819 2.2818085574806846 0.0 33 70695589-4c24-4f3f-9238-c32b3aa2
28.0 99.0 Car -1.0 -1.0 -1.0 -1.0 -1.0 -1.0 -1.0 1.73 1.562 4.084 1761.171 0.0 2615.207 2.2556415748427048 1.0 30 ea2c9bd3-dac3-4332-9c46-4f2bc6da
28.0 3.0 Car -1.0 -1.0 -1.0 -1.0 -1.0 -1.0 -1.0 1.834 1.578 4.455 1766.828 0.755 2613.425 2.2425375862744996 0.0 36 d644755c-2e8b-4050-b116-5a78a29e
28.0 4.0 Car -1.0 -1.0 -1.0 -1.0 -1.0 -1.0 -1.0 2.097 2.124 5.259 1719.796 1.869 2667.381 2.2250855492581225 0.0 40 01e1977b-4518-43c2-8b6e-8f78b079
28.0 8.0 Car -1.0 -1.0 -1.0 -1.0 -1.0 -1.0 -1.0 1.851 1.614 4.465 1779.283 0.708 2617.689 -1.8615266250704228 0.0 47 fd06194f-93dc-4897-80b4-716328cf
28.0 7.0 Car -1.0 -1.0 -1.0 -1.0 -1.0 -1.0 -1.0 1.983 1.56 4.579 1772.61 0.907 2613.752 1.8627375508920072 0.0 35 013161d3-d4e7-4854-8b94-d180717f
28.0 2.0 Car -1.0 -1.0 -1.0 -1.0 -1.0 -1.0 -1.0 1.983 1.626 4.579 1716.332 1.828 2677.014 2.2287653747232676 0.0 45 29cccbe7-d13c-4d88-9448-69f1146b
28.0 1.0 Car -1.0 -1.0 -1.0 -1.0 -1.0 -1.0 -1.0 2.06 1.754 4.398 1780.319 0.824 2591.71 2.264355264960741 0.0 27 8649a094-f395-4759-907b-5202cfb7
28.0 0.0 Car -1.0 -1.0 -1.0 -1.0 -1.0 -1.0 -1.0 1.859 1.53 4.402 1807.117 1.181 2574.28 -0.9646993560094805 0.0 49 72c00640-e8cc-408f-89e9-99db7145
28.0 5.0 Car -1.0 -1.0 -1.0 -1.0 -1.0 -1.0 -1.0 1.883 1.627 4.398 1776.534 0.724 2601.702 2.2826810852755592 0.0 33 70695589-4c24-4f3f-9238-c32b3aa2
29.0 99.0 Car -1.0 -1.0 -1.0 -1.0 -1.0 -1.0 -1.0 1.73 1.562 4.084 1757.509 0.0 2619.753 2.249792950878391 1.0 30 ea2c9bd3-dac3-4332-9c46-4f2bc6da
29.0 3.0 Car -1.0 -1.0 -1.0 -1.0 -1.0 -1.0 -1.0 1.834 1.578 4.455 1762.264 0.783 2619.019 2.2469019724407975 0.0 36 d644755c-2e8b-4050-b116-5a78a29e
29.0 4.0 Car -1.0 -1.0 -1.0 -1.0 -1.0 -1.0 -1.0 2.097 2.124 5.259 1716.84 1.823 2671.38 2.229451090726492 0.0 40 01e1977b-4518-43c2-8b6e-8f78b079
29.0 8.0 Car -1.0 -1.0 -1.0 -1.0 -1.0 -1.0 -1.0 1.851 1.614 4.465 1779.247 0.697 2614.899 -1.593724278702796 0.0 46 2b0c5724-ce56-4fc5-94af-314cfa1e
29.0 7.0 Car -1.0 -1.0 -1.0 -1.0 -1.0 -1.0 -1.0 1.983 1.56 4.579 1772.373 0.816 2616.572 1.6182618459023412 0.0 37 d7cca682-24cc-44f6-97ad-c2566412
29.0 2.0 Car -1.0 -1.0 -1.0 -1.0 -1.0 -1.0 -1.0 1.983 1.626 4.579 1711.72 1.853 2683.002 2.215672216224374 0.0 50 0c514814-f443-4c8b-856b-fddb6b4a
29.0 1.0 Car -1.0 -1.0 -1.0 -1.0 -1.0 -1.0 -1.0 2.06 1.754 4.398 1776.791 0.764 2595.901 2.264355264960741 0.0 27 8649a094-f395-4759-907b-5202cfb7
29.0 0.0 Car -1.0 -1.0 -1.0 -1.0 -1.0 -1.0 -1.0 1.859 1.53 4.402 1808.1 1.181 2572.876 -0.9786584713079515 0.0 49 72c00640-e8cc-408f-89e9-99db7145
29.0 5.0 Car -1.0 -1.0 -1.0 -1.0 -1.0 -1.0 -1.0 1.883 1.627 4.398 1771.675 0.697 2607.592 2.2835544989688294 0.0 36 d644755c-2e8b-4050-b116-5a78a29e
30.0 99.0 Car -1.0 -1.0 -1.0 -1.0 -1.0 -1.0 -1.0 1.73 1.562 4.084 1753.827 0.0 2624.39 2.246087757740627 1.0 34 cad31730-f1df-42ee-86e1-7229fece
30.0 3.0 Car -1.0 -1.0 -1.0 -1.0 -1.0 -1.0 -1.0 1.834 1.578 4.455 1757.783 0.811 2624.694 2.2469019724407975 0.0 38 d5549fea-ac14-46b4-811b-132cc5d2
30.0 4.0 Car -1.0 -1.0 -1.0 -1.0 -1.0 -1.0 -1.0 2.097 2.124 5.259 1713.886 1.777 2675.374 2.233812003378549 0.0 40 01e1977b-4518-43c2-8b6e-8f78b079
30.0 8.0 Car -1.0 -1.0 -1.0 -1.0 -1.0 -1.0 -1.0 1.851 1.614 4.465 1779.949 0.686 2612.203 -1.3262058851686405 0.0 46 2b0c5724-ce56-4fc5-94af-314cfa1e
30.0 7.0 Car -1.0 -1.0 -1.0 -1.0 -1.0 -1.0 -1.0 1.983 1.56 4.579 1772.824 0.724 2619.362 1.3740453603335965 0.0 34 cad31730-f1df-42ee-86e1-7229fece
30.0 2.0 Car -1.0 -1.0 -1.0 -1.0 -1.0 -1.0 -1.0 1.983 1.626 4.579 1707.091 1.858 2688.967 2.221479238390364 0.0 50 0c514814-f443-4c8b-856b-fddb6b4a
30.0 1.0 Car -1.0 -1.0 -1.0 -1.0 -1.0 -1.0 -1.0 2.06 1.754 4.398 1773.267 0.704 2600.089 2.264355264960741 0.0 27 8649a094-f395-4759-907b-5202cfb7
30.0 0.0 Car -1.0 -1.0 -1.0 -1.0 -1.0 -1.0 -1.0 1.859 1.53 4.402 1808.628 1.198 2572.082 -0.9786584713079515 0.0 49 72c00640-e8cc-408f-89e9-99db7145
30.0 5.0 Car -1.0 -1.0 -1.0 -1.0 -1.0 -1.0 -1.0 1.883 1.627 4.398 1766.822 0.671 2613.475 2.2844269865750197 0.0 36 d644755c-2e8b-4050-b116-5a78a29e
31.0 99.0 Car -1.0 -1.0 -1.0 -1.0 -1.0 -1.0 -1.0 1.73 1.562 4.084 1750.089 0.0 2629.094 2.2467658436236992 1.0 40 01e1977b-4518-43c2-8b6e-8f78b079
31.0 3.0 Car -1.0 -1.0 -1.0 -1.0 -1.0 -1.0 -1.0 1.834 1.578 4.455 1753.339 0.838 2630.323 2.2469019724407975 0.0 45 29cccbe7-d13c-4d88-9448-69f1146b
31.0 4.0 Car -1.0 -1.0 -1.0 -1.0 -1.0 -1.0 -1.0 2.097 2.124 5.259 1710.701 1.744 2679.442 2.233812003378549 0.0 50 0c514814-f443-4c8b-856b-fddb6b4a
31.0 8.0 Car -1.0 -1.0 -1.0 -1.0 -1.0 -1.0 -1.0 1.851 1.614 4.465 1781.402 0.725 2609.585 -1.0644064973694922 0.0 37 d7cca682-24cc-44f6-97ad-c2566412
31.0 7.0 Car -1.0 -1.0 -1.0 -1.0 -1.0 -1.0 -1.0 1.983 1.56 4.579 1774.204 0.657 2622.895 1.2081498386237648 0.0 35 013161d3-d4e7-4854-8b94-d180717f
31.0 2.0 Car -1.0 -1.0 -1.0 -1.0 -1.0 -1.0 -1.0 1.983 1.626 4.579 1702.447 1.862 2694.953 2.22730550778348 0.0 50 0c514814-f443-4c8b-856b-fddb6b4a
31.0 1.0 Car -1.0 -1.0 -1.0 -1.0 -1.0 -1.0 -1.0 2.06 1.754 4.398 1769.4 0.694 2604.901 2.264355264960741 0.0 30 ea2c9bd3-dac3-4332-9c46-4f2bc6da
31.0 5.0 Car -1.0 -1.0 -1.0 -1.0 -1.0 -1.0 -1.0 1.883 1.627 4.398 1762.141 0.661 2619.207 2.2853023660191676 0.0 36 d644755c-2e8b-4050-b116-5a78a29e
32.0 99.0 Car -1.0 -1.0 -1.0 -1.0 -1.0 -1.0 -1.0 1.73 1.562 4.084 1746.297 0.0 2633.916 2.243117068424282 1.0 40 01e1977b-4518-43c2-8b6e-8f78b079
32.0 3.0 Car -1.0 -1.0 -1.0 -1.0 -1.0 -1.0 -1.0 1.834 1.578 4.455 1748.899 0.866 2635.947 2.2469019724407975 0.0 45 29cccbe7-d13c-4d88-9448-69f1146b
32.0 4.0 Car -1.0 -1.0 -1.0 -1.0 -1.0 -1.0 -1.0 2.097 2.124 5.259 1707.519 1.71 2683.504 2.233812003378549 0.0 50 0c514814-f443-4c8b-856b-fddb6b4a
32.0 8.0 Car -1.0 -1.0 -1.0 -1.0 -1.0 -1.0 -1.0 1.851 1.614 4.465 1783.371 0.739 2606.365 -0.9858248339122831 0.0 48 2ab1b208-f71f-44d5-afee-382c31be
32.0 7.0 Car -1.0 -1.0 -1.0 -1.0 -1.0 -1.0 -1.0 1.983 1.56 4.579 1776.146 0.59 2626.149 1.0424328024546767 0.0 35 013161d3-d4e7-4854-8b94-d180717f
32.0 2.0 Car -1.0 -1.0 -1.0 -1.0 -1.0 -1.0 -1.0 1.983 1.626 4.579 1697.809 1.866 2700.932 2.2331255087443176 0.0 45 29cccbe7-d13c-4d88-9448-69f1146b
32.0 1.0 Car -1.0 -1.0 -1.0 -1.0 -1.0 -1.0 -1.0 2.06 1.754 4.398 1765.537 0.684 2609.708 2.264355264960741 0.0 30 ea2c9bd3-dac3-4332-9c46-4f2bc6da
32.0 5.0 Car -1.0 -1.0 -1.0 -1.0 -1.0 -1.0 -1.0 1.883 1.627 4.398 1757.547 0.701 2624.935 2.264355264960741 0.0 36 d644755c-2e8b-4050-b116-5a78a29e
33.0 99.0 Car -1.0 -1.0 -1.0 -1.0 -1.0 -1.0 -1.0 1.73 1.562 4.084 1742.559 0.0 2638.673 2.2469966836958912 1.0 40 01e1977b-4518-43c2-8b6e-8f78b079
33.0 3.0 Car -1.0 -1.0 -1.0 -1.0 -1.0 -1.0 -1.0 1.834 1.578 4.455 1744.464 0.894 2641.564 2.2469019724407975 0.0 45 29cccbe7-d13c-4d88-9448-69f1146b
33.0 4.0 Car -1.0 -1.0 -1.0 -1.0 -1.0 -1.0 -1.0 2.097 2.124 5.259 1704.301 1.677 2687.532 2.233812003378549 0.0 50 0c514814-f443-4c8b-856b-fddb6b4a
33.0 8.0 Car -1.0 -1.0 -1.0 -1.0 -1.0 -1.0 -1.0 1.851 1.614 4.465 1785.585 0.753 2603.312 -0.9073268646900043 0.0 41 749ffdf2-9ab3-4acd-943d-c3fbef40
33.0 7.0 Car -1.0 -1.0 -1.0 -1.0 -1.0 -1.0 -1.0 1.983 1.56 4.579 1778.554 0.773 2629.328 0.9552103952767826 0.0 35 013161d3-d4e7-4854-8b94-d180717f
33.0 2.0 Car -1.0 -1.0 -1.0 -1.0 -1.0 -1.0 -1.0 1.983 1.626 4.579 1693.264 1.853 2706.974 2.2331255087443176 0.0 45 29cccbe7-d13c-4d88-9448-69f1146b
33.0 1.0 Car -1.0 -1.0 -1.0 -1.0 -1.0 -1.0 -1.0 2.06 1.754 4.398 1761.678 0.674 2614.511 2.264355264960741 0.0 30 ea2c9bd3-dac3-4332-9c46-4f2bc6da
33.0 5.0 Car -1.0 -1.0 -1.0 -1.0 -1.0 -1.0 -1.0 1.883 1.627 4.398 1753.042 0.691 2630.544 2.264355264960741 0.0 45 29cccbe7-d13c-4d88-9448-69f1146b
34.0 99.0 Car -1.0 -1.0 -1.0 -1.0 -1.0 -1.0 -1.0 1.73 1.562 4.084 1738.778 0.0 2643.437 2.24690827225668 1.0 40 01e1977b-4518-43c2-8b6e-8f78b079
34.0 3.0 Car -1.0 -1.0 -1.0 -1.0 -1.0 -1.0 -1.0 1.834 1.578 4.455 1740.108 0.922 2647.084 2.2469019724407975 0.0 45 29cccbe7-d13c-4d88-9448-69f1146b
34.0 4.0 Car -1.0 -1.0 -1.0 -1.0 -1.0 -1.0 -1.0 2.097 2.124 5.259 1701.181 1.644 2691.643 2.233812003378549 0.0 40 01e1977b-4518-43c2-8b6e-8f78b079
34.0 8.0 Car -1.0 -1.0 -1.0 -1.0 -1.0 -1.0 -1.0 1.851 1.614 4.465 1788.239 0.767 2600.256 -0.881102719619745 0.0 41 749ffdf2-9ab3-4acd-943d-c3fbef40
34.0 2.0 Car -1.0 -1.0 -1.0 -1.0 -1.0 -1.0 -1.0 1.983 1.626 4.579 1688.715 1.841 2713.021 2.2331255087443176 0.0 45 29cccbe7-d13c-4d88-9448-69f1146b
34.0 1.0 Car -1.0 -1.0 -1.0 -1.0 -1.0 -1.0 -1.0 2.06 1.754 4.398 1757.816 0.664 2619.318 2.264355264960741 0.0 30 ea2c9bd3-dac3-4332-9c46-4f2bc6da
34.0 5.0 Car -1.0 -1.0 -1.0 -1.0 -1.0 -1.0 -1.0 1.883 1.627 4.398 1748.61 0.681 2636.065 2.264355264960741 0.0 45 29cccbe7-d13c-4d88-9448-69f1146b
35.0 99.0 Car -1.0 -1.0 -1.0 -1.0 -1.0 -1.0 -1.0 1.73 1.562 4.084 1735.035 0.0 2648.168 2.2462185376321817 1.0 40 01e1977b-4518-43c2-8b6e-8f78b079
35.0 3.0 Car -1.0 -1.0 -1.0 -1.0 -1.0 -1.0 -1.0 1.834 1.578 4.455 1735.637 0.938 2652.706 2.2469019724407975 0.0 45 29cccbe7-d13c-4d88-9448-69f1146b
35.0 4.0 Car -1.0 -1.0 -1.0 -1.0 -1.0 -1.0 -1.0 2.097 2.124 5.259 1698.065 1.61 2695.75 2.233812003378549 0.0 40 01e1977b-4518-43c2-8b6e-8f78b079
35.0 8.0 Car -1.0 -1.0 -1.0 -1.0 -1.0 -1.0 -1.0 1.851 1.614 4.465 1790.872 0.731 2596.95 -0.9073268646900043 0.0 18 c04a24a9-9c74-4c56-8896-f49f30c6
35.0 2.0 Car -1.0 -1.0 -1.0 -1.0 -1.0 -1.0 -1.0 1.983 1.626 4.579 1684.171 1.828 2719.062 2.2331255087443176 0.0 45 29cccbe7-d13c-4d88-9448-69f1146b
35.0 1.0 Car -1.0 -1.0 -1.0 -1.0 -1.0 -1.0 -1.0 2.06 1.754 4.398 1753.976 0.664 2624.135 2.2608639973969713 0.0 34 cad31730-f1df-42ee-86e1-7229fece
35.0 5.0 Car -1.0 -1.0 -1.0 -1.0 -1.0 -1.0 -1.0 1.883 1.627 4.398 1744.208 0.671 2641.62 2.264355264960741 0.0 45 29cccbe7-d13c-4d88-9448-69f1146b
36.0 99.0 Car -1.0 -1.0 -1.0 -1.0 -1.0 -1.0 -1.0 1.73 1.562 4.084 1731.302 0.0 2652.922 2.2406252540266602 1.0 40 01e1977b-4518-43c2-8b6e-8f78b079
36.0 3.0 Car -1.0 -1.0 -1.0 -1.0 -1.0 -1.0 -1.0 1.834 1.578 4.455 1731.17 0.955 2658.322 2.2469019724407975 0.0 45 29cccbe7-d13c-4d88-9448-69f1146b
36.0 4.0 Car -1.0 -1.0 -1.0 -1.0 -1.0 -1.0 -1.0 2.097 2.124 5.259 1695.041 1.577 2699.785 2.233812003378549 0.0 40 01e1977b-4518-43c2-8b6e-8f78b079
36.0 8.0 Car -1.0 -1.0 -1.0 -1.0 -1.0 -1.0 -1.0 1.851 1.614 4.465 1793.7 0.696 2593.532 -0.9073268646900043 0.0 18 c04a24a9-9c74-4c56-8896-f49f30c6
36.0 2.0 Car -1.0 -1.0 -1.0 -1.0 -1.0 -1.0 -1.0 1.983 1.626 4.579 1679.631 1.816 2725.097 2.2331255087443176 0.0 51 ba0c3696-cab3-43f6-92ae-585144a5
36.0 1.0 Car -1.0 -1.0 -1.0 -1.0 -1.0 -1.0 -1.0 2.06 1.754 4.398 1750.14 0.664 2628.947 2.2573763199332872 0.0 40 01e1977b-4518-43c2-8b6e-8f78b079
36.0 5.0 Car -1.0 -1.0 -1.0 -1.0 -1.0 -1.0 -1.0 1.883 1.627 4.398 1739.92 0.694 2646.962 2.264355264960741 0.0 45 29cccbe7-d13c-4d88-9448-69f1146b
37.0 99.0 Car -1.0 -1.0 -1.0 -1.0 -1.0 -1.0 -1.0 1.73 1.562 4.084 1727.596 0.0 2657.632 2.2395375639347743 1.0 40 01e1977b-4518-43c2-8b6e-8f78b079
37.0 3.0 Car -1.0 -1.0 -1.0 -1.0 -1.0 -1.0 -1.0 1.834 1.578 4.455 1726.699 0.972 2663.944 2.2469019724407975 0.0 45 29cccbe7-d13c-4d88-9448-69f1146b
37.0 4.0 Car -1.0 -1.0 -1.0 -1.0 -1.0 -1.0 -1.0 2.097 2.124 5.259 1692.014 1.544 2703.825 2.233812003378549 0.0 40 01e1977b-4518-43c2-8b6e-8f78b079
37.0 2.0 Car -1.0 -1.0 -1.0 -1.0 -1.0 -1.0 -1.0 1.983 1.626 4.579 1676.798 1.773 2729.183 2.2331255087443176 0.0 51 ba0c3696-cab3-43f6-92ae-585144a5
37.0 1.0 Car -1.0 -1.0 -1.0 -1.0 -1.0 -1.0 -1.0 2.06 1.754 4.398 1746.301 0.664 2633.764 2.2538850174463647 0.0 40 01e1977b-4518-43c2-8b6e-8f78b079
37.0 5.0 Car -1.0 -1.0 -1.0 -1.0 -1.0 -1.0 -1.0 1.883 1.627 4.398 1735.666 0.718 2652.263 2.264355264960741 0.0 45 29cccbe7-d13c-4d88-9448-69f1146b
38.0 99.0 Car -1.0 -1.0 -1.0 -1.0 -1.0 -1.0 -1.0 1.73 1.562 4.084 1723.884 0.0 2662.378 2.2348956443256207 1.0 40 01e1977b-4518-43c2-8b6e-8f78b079
38.0 3.0 Car -1.0 -1.0 -1.0 -1.0 -1.0 -1.0 -1.0 1.834 1.578 4.455 1722.338 0.947 2669.645 2.2469019724407975 0.0 45 29cccbe7-d13c-4d88-9448-69f1146b
38.0 4.0 Car -1.0 -1.0 -1.0 -1.0 -1.0 -1.0 -1.0 2.097 2.124 5.259 1688.983 1.51 2707.869 2.233812003378549 0.0 40 01e1977b-4518-43c2-8b6e-8f78b079
38.0 2.0 Car -1.0 -1.0 -1.0 -1.0 -1.0 -1.0 -1.0 1.983 1.626 4.579 1673.962 1.731 2733.274 2.2331255087443176 0.0 51 ba0c3696-cab3-43f6-92ae-585144a5
38.0 1.0 Car -1.0 -1.0 -1.0 -1.0 -1.0 -1.0 -1.0 2.06 1.754 4.398 1742.457 0.664 2638.587 2.2503895870428074 0.0 40 01e1977b-4518-43c2-8b6e-8f78b079
38.0 5.0 Car -1.0 -1.0 -1.0 -1.0 -1.0 -1.0 -1.0 1.883 1.627 4.398 1731.445 0.741 2657.524 2.264355264960741 0.0 45 29cccbe7-d13c-4d88-9448-69f1146b
