0.0 99.0 Car -1.0 -1.0 -1.0 -1.0 -1.0 -1.0 -1.0 1.73 1.562 4.084 334.54 0.0 658.703 2.879719488212238 1.0 0 fe355783-d15a-4b4b-94db-fd7f9f02
0.0 4.0 Truck -1.0 -1.0 -1.0 -1.0 -1.0 -1.0 -1.0 2.749 3.078 8.702 361.904 1.964 648.695 2.8332976945138966 0.0 1 dd4343f6-0d8d-4810-a2da-b896a512
0.0 0.0 Car -1.0 -1.0 -1.0 -1.0 -1.0 -1.0 -1.0 2.09 2.0 4.795 345.848 1.196 655.799 2.8801282925295397 0.0 2 8b22ba25-82f6-4e36-a627-9d8876d3
0.0 1.0 Bus -1.0 -1.0 -1.0 -1.0 -1.0 -1.0 -1.0 3.132 3.606 13.818 301.073 1.008 691.921 -2.235819131707651 0.0 3 41326665-f537-4f75-b99a-60527479
1.0 99.0 Car -1.0 -1.0 -1.0 -1.0 -1.0 -1.0 -1.0 1.73 1.562 4.084 332.08 0.0 659.419 2.8514245357712316 1.0 0 fe355783-d15a-4b4b-94db-fd7f9f02
1.0 4.0 Truck -1.0 -1.0 -1.0 -1.0 -1.0 -1.0 -1.0 2.749 3.078 8.702 358.31 1.978 649.885 2.824571126814874 1.0 1 dd4343f6-0d8d-4810-a2da-b896a512
1.0 0.0 Car -1.0 -1.0 -1.0 -1.0 -1.0 -1.0 -1.0 2.09 2.0 4.795 343.13 1.18 656.562 2.873927215302227 1.0 4 0444e8ef-15a2-412a-ace6-51dddf7a
1.0 1.0 Bus -1.0 -1.0 -1.0 -1.0 -1.0 -1.0 -1.0 3.132 3.606 13.818 300.166 1.008 690.701 -2.235819131707651 1.0 3 41326665-f537-4f75-b99a-60527479
2.0 99.0 Car -1.0 -1.0 -1.0 -1.0 -1.0 -1.0 -1.0 1.73 1.562 4.084 329.647 0.0 660.197 2.828928371055273 1.0 0 fe355783-d15a-4b4b-94db-fd7f9f02
2.0 4.0 Truck -1.0 -1.0 -1.0 -1.0 -1.0 -1.0 -1.0 2.749 3.078 8.702 354.716 1.992 651.075 2.815844401993953 1.0 2 8b22ba25-82f6-4e36-a627-9d8876d3
2.0 0.0 Car -1.0 -1.0 -1.0 -1.0 -1.0 -1.0 -1.0 2.09 2.0 4.795 340.412 1.165 657.325 2.8677260264244855 1.0 0 fe355783-d15a-4b4b-94db-fd7f9f02
2.0 1.0 Bus -1.0 -1.0 -1.0 -1.0 -1.0 -1.0 -1.0 3.132 3.606 13.818 299.259 1.008 689.481 -2.235819131707651 1.0 3 41326665-f537-4f75-b99a-60527479
3.0 99.0 Car -1.0 -1.0 -1.0 -1.0 -1.0 -1.0 -1.0 1.73 1.562 4.084 327.234 0.0 661.026 2.8178735843857634 1.0 0 fe355783-d15a-4b4b-94db-fd7f9f02
3.0 4.0 Truck -1.0 -1.0 -1.0 -1.0 -1.0 -1.0 -1.0 2.749 3.078 8.702 352.208 1.992 651.929 2.815728251386258 1.0 2 8b22ba25-82f6-4e36-a627-9d8876d3
3.0 0.0 Car -1.0 -1.0 -1.0 -1.0 -1.0 -1.0 -1.0 2.09 2.0 4.795 337.693 1.149 658.088 2.8615240683993446 1.0 0 fe355783-d15a-4b4b-94db-fd7f9f02
3.0 1.0 Bus -1.0 -1.0 -1.0 -1.0 -1.0 -1.0 -1.0 3.132 3.606 13.818 298.351 1.008 688.262 -2.235819131707651 1.0 5 35d3bf77-ccbd-4727-bfc1-39d613fc
4.0 99.0 Car -1.0 -1.0 -1.0 -1.0 -1.0 -1.0 -1.0 1.73 1.562 4.084 325.362 0.0 661.687 2.815609900526219 1.0 0 fe355783-d15a-4b4b-94db-fd7f9f02
4.0 4.0 Truck -1.0 -1.0 -1.0 -1.0 -1.0 -1.0 -1.0 2.749 3.078 8.702 350.206 1.991 652.612 2.8156355048244457 1.0 2 8b22ba25-82f6-4e36-a627-9d8876d3
4.0 0.0 Car -1.0 -1.0 -1.0 -1.0 -1.0 -1.0 -1.0 2.09 2.0 4.795 335.683 1.133 658.729 2.851966939380839 1.0 0 fe355783-d15a-4b4b-94db-fd7f9f02
4.0 1.0 Bus -1.0 -1.0 -1.0 -1.0 -1.0 -1.0 -1.0 3.132 3.606 13.818 297.627 1.008 687.288 -2.235819131707651 1.0 6 0daa5bf0-442b-4411-99ce-3bda80c0
5.0 99.0 Car -1.0 -1.0 -1.0 -1.0 -1.0 -1.0 -1.0 1.73 1.562 4.084 323.363 0.0 662.405 2.8078595963655886 1.0 0 fe355783-d15a-4b4b-94db-fd7f9f02
5.0 4.0 Truck -1.0 -1.0 -1.0 -1.0 -1.0 -1.0 -1.0 2.749 3.078 8.702 347.944 1.991 653.383 2.8155306871790184 1.0 2 8b22ba25-82f6-4e36-a627-9d8876d3
5.0 0.0 Car -1.0 -1.0 -1.0 -1.0 -1.0 -1.0 -1.0 2.09 2.0 4.795 333.411 1.114 659.453 2.84116593779995 1.0 0 fe355783-d15a-4b4b-94db-fd7f9f02
5.0 1.0 Bus -1.0 -1.0 -1.0 -1.0 -1.0 -1.0 -1.0 3.132 3.606 13.818 296.552 1.008 685.959 -2.235819131707651 1.0 7 3435c1e5-a9e5-4041-a7a2-08984881
6.0 99.0 Car -1.0 -1.0 -1.0 -1.0 -1.0 -1.0 -1.0 1.73 1.562 4.084 321.358 0.0 663.165 2.7812543479318164 1.0 0 fe355783-d15a-4b4b-94db-fd7f9f02
6.0 4.0 Truck -1.0 -1.0 -1.0 -1.0 -1.0 -1.0 -1.0 2.749 3.078 8.702 345.445 1.99 654.234 2.8154149254964516 1.0 2 8b22ba25-82f6-4e36-a627-9d8876d3
6.0 0.0 Car -1.0 -1.0 -1.0 -1.0 -1.0 -1.0 -1.0 2.09 2.0 4.795 331.176 1.093 660.169 2.829237200884335 1.0 0 fe355783-d15a-4b4b-94db-fd7f9f02
6.0 1.0 Bus -1.0 -1.0 -1.0 -1.0 -1.0 -1.0 -1.0 3.132 3.606 13.818 295.365 1.008 684.492 -2.235819131707651 1.0 7 3435c1e5-a9e5-4041-a7a2-08984881
7.0 99.0 Car -1.0 -1.0 -1.0 -1.0 -1.0 -1.0 -1.0 1.73 1.562 4.084 319.518 0.0 663.938 2.751400346686606 1.0 0 fe355783-d15a-4b4b-94db-fd7f9f02
7.0 4.0 Truck -1.0 -1.0 -1.0 -1.0 -1.0 -1.0 -1.0 2.749 3.078 8.702 342.941 1.99 655.088 2.8152989131267803 1.0 2 8b22ba25-82f6-4e36-a627-9d8876d3
7.0 0.0 Car -1.0 -1.0 -1.0 -1.0 -1.0 -1.0 -1.0 2.09 2.0 4.795 328.936 1.072 660.886 2.8172826317550235 1.0 0 fe355783-d15a-4b4b-94db-fd7f9f02
7.0 1.0 Bus -1.0 -1.0 -1.0 -1.0 -1.0 -1.0 -1.0 3.132 3.606 13.818 293.995 1.133 682.934 -2.2794336609983525 1.0 8 2987ab63-c252-460e-8ceb-5336807b
8.0 99.0 Car -1.0 -1.0 -1.0 -1.0 -1.0 -1.0 -1.0 1.73 1.562 4.084 317.899 0.0 664.661 2.738358265305027 1.0 0 fe355783-d15a-4b4b-94db-fd7f9f02
8.0 4.0 Truck -1.0 -1.0 -1.0 -1.0 -1.0 -1.0 -1.0 2.749 3.078 8.702 340.436 1.969 655.941 2.815407888942005 1.0 0 fe355783-d15a-4b4b-94db-fd7f9f02
8.0 0.0 Car -1.0 -1.0 -1.0 -1.0 -1.0 -1.0 -1.0 2.09 2.0 4.795 326.899 1.058 661.585 2.8113850560812725 1.0 0 fe355783-d15a-4b4b-94db-fd7f9f02
8.0 1.0 Bus -1.0 -1.0 -1.0 -1.0 -1.0 -1.0 -1.0 3.132 3.606 13.818 292.559 1.258 681.437 -2.323046356046618 1.0 7 3435c1e5-a9e5-4041-a7a2-08984881
9.0 99.0 Car -1.0 -1.0 -1.0 -1.0 -1.0 -1.0 -1.0 1.73 1.562 4.084 316.337 0.0 665.358 2.735004475567448 1.0 0 fe355783-d15a-4b4b-94db-fd7f9f02
9.0 4.0 Truck -1.0 -1.0 -1.0 -1.0 -1.0 -1.0 -1.0 2.749 3.078 8.702 337.929 1.948 656.796 2.8155169895963423 1.0 0 fe355783-d15a-4b4b-94db-fd7f9f02
9.0 0.0 Car -1.0 -1.0 -1.0 -1.0 -1.0 -1.0 -1.0 2.09 2.0 4.795 324.861 1.044 662.284 2.8054807243386484 1.0 0 fe355783-d15a-4b4b-94db-fd7f9f02
9.0 1.0 Bus -1.0 -1.0 -1.0 -1.0 -1.0 -1.0 -1.0 3.132 3.606 13.818 290.768 1.258 680.291 -2.3928987643871387 1.0 8 2987ab63-c252-460e-8ceb-5336807b
10.0 99.0 Car -1.0 -1.0 -1.0 -1.0 -1.0 -1.0 -1.0 1.73 1.562 4.084 314.959 0.0 665.966 2.7315043114791884 1.0 0 fe355783-d15a-4b4b-94db-fd7f9f02
10.0 4.0 Truck -1.0 -1.0 -1.0 -1.0 -1.0 -1.0 -1.0 2.749 3.078 8.702 335.42 1.926 657.651 2.815626206141534 1.0 0 fe355783-d15a-4b4b-94db-fd7f9f02
10.0 0.0 Car -1.0 -1.0 -1.0 -1.0 -1.0 -1.0 -1.0 2.09 2.0 4.795 323.292 1.03 662.874 2.78210418188483 1.0 0 fe355783-d15a-4b4b-94db-fd7f9f02
10.0 1.0 Bus -1.0 -1.0 -1.0 -1.0 -1.0 -1.0 -1.0 3.132 3.606 13.818 289.094 1.313 679.294 -2.5238671591226476 1.0 8 2987ab63-c252-460e-8ceb-5336807b
11.0 99.0 Car -1.0 -1.0 -1.0 -1.0 -1.0 -1.0 -1.0 1.73 1.562 4.084 313.728 0.0 666.517 2.729522974390793 1.0 0 fe355783-d15a-4b4b-94db-fd7f9f02
11.0 4.0 Truck -1.0 -1.0 -1.0 -1.0 -1.0 -1.0 -1.0 2.749 3.078 8.702 332.913 1.905 658.505 2.8157353081053724 1.0 0 fe355783-d15a-4b4b-94db-fd7f9f02
11.0 0.0 Car -1.0 -1.0 -1.0 -1.0 -1.0 -1.0 -1.0 2.09 2.0 4.795 321.747 1.016 663.518 2.7587521642487913 1.0 0 fe355783-d15a-4b4b-94db-fd7f9f02
11.0 1.0 Bus -1.0 -1.0 -1.0 -1.0 -1.0 -1.0 -1.0 3.132 3.606 13.818 287.306 1.369 678.525 -2.6546981521862847 1.0 8 2987ab63-c252-460e-8ceb-5336807b
12.0 99.0 Car -1.0 -1.0 -1.0 -1.0 -1.0 -1.0 -1.0 1.73 1.562 4.084 312.624 0.0 667.023 2.7289488651500315 1.0 0 fe355783-d15a-4b4b-94db-fd7f9f02
12.0 4.0 Truck -1.0 -1.0 -1.0 -1.0 -1.0 -1.0 -1.0 2.749 3.078 8.702 330.406 1.884 659.36 2.815844401993953 1.0 0 fe355783-d15a-4b4b-94db-fd7f9f02
12.0 0.0 Car -1.0 -1.0 -1.0 -1.0 -1.0 -1.0 -1.0 2.09 2.0 4.795 320.201 1.002 664.162 2.7354018750284816 1.0 0 fe355783-d15a-4b4b-94db-fd7f9f02
12.0 1.0 Bus -1.0 -1.0 -1.0 -1.0 -1.0 -1.0 -1.0 3.132 3.606 13.818 285.125 1.449 678.218 -2.8117744853191087 0.0 9 c81ba440-135e-46ab-b8f6-0dd5371d
12.0 3.0 Truck -1.0 -1.0 -1.0 -1.0 -1.0 -1.0 -1.0 2.645 2.455 7.127 307.356 0.014 700.0 -2.286520946463459 0.0 10 3cade398-ab36-4f10-9c42-b270ecdd
13.0 99.0 Car -1.0 -1.0 -1.0 -1.0 -1.0 -1.0 -1.0 1.73 1.562 4.084 311.64 0.0 667.473 2.7259314377849124 1.0 4 0444e8ef-15a2-412a-ace6-51dddf7a
13.0 4.0 Truck -1.0 -1.0 -1.0 -1.0 -1.0 -1.0 -1.0 2.749 3.078 8.702 329.08 1.894 659.77 2.82996732002887 1.0 0 fe355783-d15a-4b4b-94db-fd7f9f02
13.0 0.0 Car -1.0 -1.0 -1.0 -1.0 -1.0 -1.0 -1.0 2.09 2.0 4.795 319.022 0.989 664.712 2.718588091952451 1.0 0 fe355783-d15a-4b4b-94db-fd7f9f02
13.0 1.0 Bus -1.0 -1.0 -1.0 -1.0 -1.0 -1.0 -1.0 3.132 3.606 13.818 283.027 1.529 678.195 -2.951404125025321 0.0 9 c81ba440-135e-46ab-b8f6-0dd5371d
13.0 3.0 Truck -1.0 -1.0 -1.0 -1.0 -1.0 -1.0 -1.0 2.645 2.455 7.127 305.86 0.135 698.209 -2.269067514281981 1.0 10 3cade398-ab36-4f10-9c42-b270ecdd
14.0 99.0 Car -1.0 -1.0 -1.0 -1.0 -1.0 -1.0 -1.0 1.73 1.562 4.084 310.767 0.0 667.88 2.713705648285717 1.0 4 0444e8ef-15a2-412a-ace6-51dddf7a
14.0 4.0 Truck -1.0 -1.0 -1.0 -1.0 -1.0 -1.0 -1.0 2.749 3.078 8.702 327.754 1.904 660.18 2.8440900120419492 1.0 0 fe355783-d15a-4b4b-94db-fd7f9f02
14.0 0.0 Car -1.0 -1.0 -1.0 -1.0 -1.0 -1.0 -1.0 2.09 2.0 4.795 317.843 0.975 665.262 2.701774577962607 1.0 0 fe355783-d15a-4b4b-94db-fd7f9f02
14.0 1.0 Bus -1.0 -1.0 -1.0 -1.0 -1.0 -1.0 -1.0 3.132 3.606 13.818 280.721 1.568 678.432 -3.0865661421671127 0.0 9 c81ba440-135e-46ab-b8f6-0dd5371d
14.0 3.0 Truck -1.0 -1.0 -1.0 -1.0 -1.0 -1.0 -1.0 2.645 2.455 7.127 304.363 0.256 696.419 -2.251614361423573 1.0 10 3cade398-ab36-4f10-9c42-b270ecdd
15.0 99.0 Car -1.0 -1.0 -1.0 -1.0 -1.0 -1.0 -1.0 1.73 1.562 4.084 310.06 0.0 668.224 2.698422207493646 1.0 4 0444e8ef-15a2-412a-ace6-51dddf7a
15.0 4.0 Truck -1.0 -1.0 -1.0 -1.0 -1.0 -1.0 -1.0 2.749 3.078 8.702 326.426 1.914 660.591 2.858230531527491 1.0 0 fe355783-d15a-4b4b-94db-fd7f9f02
15.0 0.0 Car -1.0 -1.0 -1.0 -1.0 -1.0 -1.0 -1.0 2.09 2.0 4.795 316.783 0.961 665.759 2.7024100366912274 0.0 0 fe355783-d15a-4b4b-94db-fd7f9f02
15.0 1.0 Bus -1.0 -1.0 -1.0 -1.0 -1.0 -1.0 -1.0 3.132 3.606 13.818 278.466 1.607 678.978 3.061286529044155 0.0 6 0daa5bf0-442b-4411-99ce-3bda80c0
15.0 3.0 Truck -1.0 -1.0 -1.0 -1.0 -1.0 -1.0 -1.0 2.645 2.455 7.127 302.67 0.377 694.34 -2.251614361423573 0.0 10 3cade398-ab36-4f10-9c42-b270ecdd
16.0 99.0 Car -1.0 -1.0 -1.0 -1.0 -1.0 -1.0 -1.0 1.73 1.562 4.084 309.592 0.0 668.454 2.6878805102314103 1.0 4 0444e8ef-15a2-412a-ace6-51dddf7a
16.0 4.0 Truck -1.0 -1.0 -1.0 -1.0 -1.0 -1.0 -1.0 2.749 3.078 8.702 324.979 1.898 660.953 2.8842595394088586 1.0 0 fe355783-d15a-4b4b-94db-fd7f9f02
16.0 2.0 Car -1.0 -1.0 -1.0 -1.0 -1.0 -1.0 -1.0 1.97 2.0 4.588 310.056 -0.534 702.514 -2.269067653943516 0.0 10 3cade398-ab36-4f10-9c42-b270ecdd
16.0 0.0 Car -1.0 -1.0 -1.0 -1.0 -1.0 -1.0 -1.0 2.09 2.0 4.795 315.724 0.947 666.255 2.7030446282521265 0.0 4 0444e8ef-15a2-412a-ace6-51dddf7a
16.0 1.0 Bus -1.0 -1.0 -1.0 -1.0 -1.0 -1.0 -1.0 3.132 3.606 13.818 276.307 1.646 679.822 2.9261385724078774 0.0 6 0daa5bf0-442b-4411-99ce-3bda80c0
16.0 3.0 Truck -1.0 -1.0 -1.0 -1.0 -1.0 -1.0 -1.0 2.645 2.455 7.127 300.979 0.497 692.264 -2.251614361423573 0.0 3 41326665-f537-4f75-b99a-60527479
17.0 99.0 Car -1.0 -1.0 -1.0 -1.0 -1.0 -1.0 -1.0 1.73 1.562 4.084 309.316 0.0 668.592 2.680394737469145 1.0 4 0444e8ef-15a2-412a-ace6-51dddf7a
17.0 4.0 Truck -1.0 -1.0 -1.0 -1.0 -1.0 -1.0 -1.0 2.749 3.078 8.702 323.52 1.881 661.279 2.9103486961926324 1.0 0 fe355783-d15a-4b4b-94db-fd7f9f02
17.0 2.0 Car -1.0 -1.0 -1.0 -1.0 -1.0 -1.0 -1.0 1.97 2.0 4.588 308.348 -0.379 700.438 -2.269067653943516 1.0 10 3cade398-ab36-4f10-9c42-b270ecdd
17.0 0.0 Car -1.0 -1.0 -1.0 -1.0 -1.0 -1.0 -1.0 2.09 2.0 4.795 315.059 0.953 666.567 2.7036855478015127 0.0 4 0444e8ef-15a2-412a-ace6-51dddf7a
17.0 1.0 Bus -1.0 -1.0 -1.0 -1.0 -1.0 -1.0 -1.0 3.132 3.606 13.818 273.593 1.671 680.77 2.8540274245894217 0.0 11 ae8c1bbb-5264-4a4f-a1ac-55247ba6
17.0 3.0 Truck -1.0 -1.0 -1.0 -1.0 -1.0 -1.0 -1.0 2.645 2.455 7.127 299.338 0.612 690.183 -2.2472450945493634 0.0 3 41326665-f537-4f75-b99a-60527479
18.0 99.0 Car -1.0 -1.0 -1.0 -1.0 -1.0 -1.0 -1.0 1.73 1.562 4.084 309.203 0.0 668.651 2.6773313103973275 1.0 4 0444e8ef-15a2-412a-ace6-51dddf7a
18.0 4.0 Truck -1.0 -1.0 -1.0 -1.0 -1.0 -1.0 -1.0 2.749 3.078 8.702 321.647 1.865 661.656 2.936380984923222 1.0 0 fe355783-d15a-4b4b-94db-fd7f9f02
18.0 2.0 Car -1.0 -1.0 -1.0 -1.0 -1.0 -1.0 -1.0 1.97 2.0 4.588 306.644 -0.226 698.366 -2.269067653943516 0.0 10 3cade398-ab36-4f10-9c42-b270ecdd
18.0 0.0 Car -1.0 -1.0 -1.0 -1.0 -1.0 -1.0 -1.0 2.09 2.0 4.795 314.395 0.959 666.879 2.704325070301261 0.0 4 0444e8ef-15a2-412a-ace6-51dddf7a
18.0 1.0 Bus -1.0 -1.0 -1.0 -1.0 -1.0 -1.0 -1.0 3.132 3.606 13.818 270.96 1.697 681.909 2.7820734616360534 0.0 11 ae8c1bbb-5264-4a4f-a1ac-55247ba6
18.0 3.0 Truck -1.0 -1.0 -1.0 -1.0 -1.0 -1.0 -1.0 2.645 2.455 7.127 297.701 0.727 688.107 -2.242885351620411 0.0 5 35d3bf77-ccbd-4727-bfc1-39d613fc
19.0 99.0 Car -1.0 -1.0 -1.0 -1.0 -1.0 -1.0 -1.0 1.73 1.562 4.084 309.174 0.0 668.668 2.677865244486471 1.0 4 0444e8ef-15a2-412a-ace6-51dddf7a
19.0 4.0 Truck -1.0 -1.0 -1.0 -1.0 -1.0 -1.0 -1.0 2.749 3.078 8.702 319.764 1.848 661.984 2.9624124404222627 1.0 0 fe355783-d15a-4b4b-94db-fd7f9f02
19.0 2.0 Car -1.0 -1.0 -1.0 -1.0 -1.0 -1.0 -1.0 1.97 2.0 4.588 304.941 -0.072 696.295 -2.269067653943516 0.0 10 3cade398-ab36-4f10-9c42-b270ecdd
19.0 0.0 Car -1.0 -1.0 -1.0 -1.0 -1.0 -1.0 -1.0 2.09 2.0 4.795 314.093 0.925 667.066 2.6875167114025986 0.0 4 0444e8ef-15a2-412a-ace6-51dddf7a
19.0 1.0 Bus -1.0 -1.0 -1.0 -1.0 -1.0 -1.0 -1.0 3.132 3.606 13.818 268.048 1.797 683.088 2.775514569744419 0.0 11 ae8c1bbb-5264-4a4f-a1ac-55247ba6
19.0 3.0 Truck -1.0 -1.0 -1.0 -1.0 -1.0 -1.0 -1.0 2.645 2.455 7.127 295.637 0.8 685.493 -2.238525748236443 0.0 7 3435c1e5-a9e5-4041-a7a2-08984881
20.0 99.0 Car -1.0 -1.0 -1.0 -1.0 -1.0 -1.0 -1.0 1.73 1.562 4.084 309.184 0.0 668.664 2.677665065911786 1.0 4 0444e8ef-15a2-412a-ace6-51dddf7a
20.0 4.0 Truck -1.0 -1.0 -1.0 -1.0 -1.0 -1.0 -1.0 2.749 3.078 8.702 317.328 1.746 662.531 2.9309910015534806 1.0 0 fe355783-d15a-4b4b-94db-fd7f9f02
20.0 2.0 Car -1.0 -1.0 -1.0 -1.0 -1.0 -1.0 -1.0 1.97 2.0 4.588 303.235 0.082 694.221 -2.269067653943516 0.0 10 3cade398-ab36-4f10-9c42-b270ecdd
20.0 0.0 Car -1.0 -1.0 -1.0 -1.0 -1.0 -1.0 -1.0 2.09 2.0 4.795 313.791 0.891 667.253 2.67068878229022 0.0 4 0444e8ef-15a2-412a-ace6-51dddf7a
20.0 1.0 Bus -1.0 -1.0 -1.0 -1.0 -1.0 -1.0 -1.0 3.132 3.606 13.818 264.743 1.781 684.316 2.774768034418707 0.0 11 ae8c1bbb-5264-4a4f-a1ac-55247ba6
20.0 3.0 Truck -1.0 -1.0 -1.0 -1.0 -1.0 -1.0 -1.0 2.645 2.455 7.127 293.57 0.874 682.877 -2.2341610689036298 0.0 7 3435c1e5-a9e5-4041-a7a2-08984881
21.0 99.0 Car -1.0 -1.0 -1.0 -1.0 -1.0 -1.0 -1.0 1.73 1.562 4.084 309.186 0.0 668.664 2.6775010225735008 1.0 4 0444e8ef-15a2-412a-ace6-51dddf7a
21.0 4.0 Truck -1.0 -1.0 -1.0 -1.0 -1.0 -1.0 -1.0 2.749 3.078 8.702 314.93 1.644 663.213 2.8734517167431113 1.0 0 fe355783-d15a-4b4b-94db-fd7f9f02
21.0 2.0 Car -1.0 -1.0 -1.0 -1.0 -1.0 -1.0 -1.0 1.97 2.0 4.588 301.531 0.236 692.149 -2.269067653943516 0.0 3 41326665-f537-4f75-b99a-60527479
21.0 0.0 Car -1.0 -1.0 -1.0 -1.0 -1.0 -1.0 -1.0 2.09 2.0 4.795 313.787 0.896 667.253 2.678444606466085 0.0 4 0444e8ef-15a2-412a-ace6-51dddf7a
21.0 1.0 Bus -1.0 -1.0 -1.0 -1.0 -1.0 -1.0 -1.0 3.132 3.606 13.818 261.442 1.764 685.543 2.774022368775688 0.0 12 6962741c-24d9-43e4-9f7a-6d9ec8f2
21.0 3.0 Truck -1.0 -1.0 -1.0 -1.0 -1.0 -1.0 -1.0 2.645 2.455 7.127 291.56 0.901 680.263 -2.251614361423573 0.0 7 3435c1e5-a9e5-4041-a7a2-08984881
22.0 99.0 Car -1.0 -1.0 -1.0 -1.0 -1.0 -1.0 -1.0 1.73 1.562 4.084 309.186 0.0 668.665 2.6774145486740633 1.0 4 0444e8ef-15a2-412a-ace6-51dddf7a
22.0 4.0 Truck -1.0 -1.0 -1.0 -1.0 -1.0 -1.0 -1.0 2.749 3.078 8.702 312.572 1.543 664.034 2.815844401993953 1.0 0 fe355783-d15a-4b4b-94db-fd7f9f02
22.0 2.0 Car -1.0 -1.0 -1.0 -1.0 -1.0 -1.0 -1.0 1.97 2.0 4.588 299.451 0.29 689.618 -2.262079841385685 0.0 3 41326665-f537-4f75-b99a-60527479
22.0 0.0 Car -1.0 -1.0 -1.0 -1.0 -1.0 -1.0 -1.0 2.09 2.0 4.795 313.782 0.901 667.252 2.686209600520333 0.0 4 0444e8ef-15a2-412a-ace6-51dddf7a
22.0 1.0 Bus -1.0 -1.0 -1.0 -1.0 -1.0 -1.0 -1.0 3.132 3.606 13.818 258.137 1.748 686.771 2.7732758215160795 0.0 12 6962741c-24d9-43e4-9f7a-6d9ec8f2
22.0 3.0 Truck -1.0 -1.0 -1.0 -1.0 -1.0 -1.0 -1.0 2.645 2.455 7.127 289.332 1.054 677.379 -2.242882742665883 0.0 7 3435c1e5-a9e5-4041-a7a2-08984881
23.0 99.0 Car -1.0 -1.0 -1.0 -1.0 -1.0 -1.0 -1.0 1.73 1.562 4.084 309.186 0.0 668.665 2.6773353561218745 1.0 4 0444e8ef-15a2-412a-ace6-51dddf7a
23.0 4.0 Truck -1.0 -1.0 -1.0 -1.0 -1.0 -1.0 -1.0 2.749 3.078 8.702 310.978 1.605 664.661 2.8042084468974853 1.0 0 fe355783-d15a-4b4b-94db-fd7f9f02
23.0 2.0 Car -1.0 -1.0 -1.0 -1.0 -1.0 -1.0 -1.0 1.97 2.0 4.588 297.374 0.344 687.089 -2.2550999876916045 0.0 6 0daa5bf0-442b-4411-99ce-3bda80c0
23.0 0.0 Car -1.0 -1.0 -1.0 -1.0 -1.0 -1.0 -1.0 2.09 2.0 4.795 313.778 0.906 667.251 2.69396575052944 0.0 4 0444e8ef-15a2-412a-ace6-51dddf7a
23.0 1.0 Bus -1.0 -1.0 -1.0 -1.0 -1.0 -1.0 -1.0 3.132 3.606 13.818 254.251 1.776 688.207 2.782002633623626 0.0 12 6962741c-24d9-43e4-9f7a-6d9ec8f2
23.0 3.0 Truck -1.0 -1.0 -1.0 -1.0 -1.0 -1.0 -1.0 2.645 2.455 7.127 287.105 1.208 674.498 -2.2341610689036298 0.0 7 3435c1e5-a9e5-4041-a7a2-08984881
24.0 99.0 Car -1.0 -1.0 -1.0 -1.0 -1.0 -1.0 -1.0 1.73 1.562 4.084 309.187 0.0 668.666 2.6773943308784522 1.0 4 0444e8ef-15a2-412a-ace6-51dddf7a
24.0 4.0 Truck -1.0 -1.0 -1.0 -1.0 -1.0 -1.0 -1.0 2.749 3.078 8.702 309.385 1.668 665.288 2.7925729340690326 0.0 0 fe355783-d15a-4b4b-94db-fd7f9f02
24.0 2.0 Car -1.0 -1.0 -1.0 -1.0 -1.0 -1.0 -1.0 1.97 2.0 4.588 294.963 0.448 684.153 -2.2481203992929824 0.0 7 3435c1e5-a9e5-4041-a7a2-08984881
24.0 0.0 Car -1.0 -1.0 -1.0 -1.0 -1.0 -1.0 -1.0 2.09 2.0 4.795 313.773 0.911 667.25 2.701721605737043 0.0 4 0444e8ef-15a2-412a-ace6-51dddf7a
24.0 3.0 Truck -1.0 -1.0 -1.0 -1.0 -1.0 -1.0 -1.0 2.645 2.455 7.127 284.747 1.312 671.668 -2.2472510186533996 0.0 7 3435c1e5-a9e5-4041-a7a2-08984881
25.0 99.0 Car -1.0 -1.0 -1.0 -1.0 -1.0 -1.0 -1.0 1.73 1.562 4.084 309.187 0.0 668.666 2.6772587205470444 1.0 4 0444e8ef-15a2-412a-ace6-51dddf7a
25.0 4.0 Truck -1.0 -1.0 -1.0 -1.0 -1.0 -1.0 -1.0 2.749 3.078 8.702 308.139 1.73 665.821 2.780937816954067 0.0 0 fe355783-d15a-4b4b-94db-fd7f9f02
25.0 2.0 Car -1.0 -1.0 -1.0 -1.0 -1.0 -1.0 -1.0 1.97 2.0 4.588 292.553 0.552 681.218 -2.24114104826398 0.0 7 3435c1e5-a9e5-4041-a7a2-08984881
25.0 0.0 Car -1.0 -1.0 -1.0 -1.0 -1.0 -1.0 -1.0 2.09 2.0 4.795 313.769 0.917 667.25 2.709477197174878 0.0 4 0444e8ef-15a2-412a-ace6-51dddf7a
25.0 3.0 Truck -1.0 -1.0 -1.0 -1.0 -1.0 -1.0 -1.0 2.645 2.455 7.127 282.39 1.415 668.839 -2.2603405232255693 0.0 13 b7a797f8-d132-4813-a8b6-9cc328fc
26.0 99.0 Car -1.0 -1.0 -1.0 -1.0 -1.0 -1.0 -1.0 1.73 1.562 4.084 309.187 0.0 668.666 2.6772294644516195 1.0 4 0444e8ef-15a2-412a-ace6-51dddf7a
26.0 4.0 Truck -1.0 -1.0 -1.0 -1.0 -1.0 -1.0 -1.0 2.749 3.078 8.702 307.267 1.577 666.148 2.7867557363047952 0.0 0 fe355783-d15a-4b4b-94db-fd7f9f02
26.0 2.0 Car -1.0 -1.0 -1.0 -1.0 -1.0 -1.0 -1.0 1.97 2.0 4.588 290.143 0.656 678.281 -2.2341610689036298 0.0 7 3435c1e5-a9e5-4041-a7a2-08984881
26.0 0.0 Car -1.0 -1.0 -1.0 -1.0 -1.0 -1.0 -1.0 2.09 2.0 4.795 313.764 0.922 667.249 2.717233486826803 0.0 4 0444e8ef-15a2-412a-ace6-51dddf7a
26.0 3.0 Truck -1.0 -1.0 -1.0 -1.0 -1.0 -1.0 -1.0 2.645 2.455 7.127 279.9 1.369 665.927 -2.273431206209031 0.0 13 b7a797f8-d132-4813-a8b6-9cc328fc
27.0 99.0 Car -1.0 -1.0 -1.0 -1.0 -1.0 -1.0 -1.0 1.73 1.562 4.084 309.187 0.0 668.666 2.6772768701606156 1.0 4 0444e8ef-15a2-412a-ace6-51dddf7a
27.0 4.0 Truck -1.0 -1.0 -1.0 -1.0 -1.0 -1.0 -1.0 2.749 3.078 8.702 306.824 1.475 666.308 2.7838468697396044 0.0 0 fe355783-d15a-4b4b-94db-fd7f9f02
27.0 2.0 Car -1.0 -1.0 -1.0 -1.0 -1.0 -1.0 -1.0 1.97 2.0 4.588 287.868 0.738 675.507 -2.2167077763836867 0.0 7 3435c1e5-a9e5-4041-a7a2-08984881
28.0 99.0 Car -1.0 -1.0 -1.0 -1.0 -1.0 -1.0 -1.0 1.73 1.562 4.084 309.187 0.0 668.667 2.677281191247339 1.0 4 0444e8ef-15a2-412a-ace6-51dddf7a
28.0 4.0 Truck -1.0 -1.0 -1.0 -1.0 -1.0 -1.0 -1.0 2.749 3.078 8.702 306.382 1.373 666.467 2.780937816954067 0.0 0 fe355783-d15a-4b4b-94db-fd7f9f02
28.0 2.0 Car -1.0 -1.0 -1.0 -1.0 -1.0 -1.0 -1.0 1.97 2.0 4.588 285.592 0.869 672.732 -2.2167077763836867 0.0 7 3435c1e5-a9e5-4041-a7a2-08984881
29.0 99.0 Car -1.0 -1.0 -1.0 -1.0 -1.0 -1.0 -1.0 1.73 1.562 4.084 309.187 0.0 668.667 2.67734224313373 1.0 4 0444e8ef-15a2-412a-ace6-51dddf7a
29.0 4.0 Truck -1.0 -1.0 -1.0 -1.0 -1.0 -1.0 -1.0 2.749 3.078 8.702 306.333 1.381 666.475 2.780937816954067 0.0 0 fe355783-d15a-4b4b-94db-fd7f9f02
29.0 2.0 Car -1.0 -1.0 -1.0 -1.0 -1.0 -1.0 -1.0 1.97 2.0 4.588 283.342 0.951 669.781 -2.2167077763836867 0.0 13 b7a797f8-d132-4813-a8b6-9cc328fc
30.0 99.0 Car -1.0 -1.0 -1.0 -1.0 -1.0 -1.0 -1.0 1.73 1.562 4.084 309.187 0.0 668.667 2.6772278819995154 1.0 4 0444e8ef-15a2-412a-ace6-51dddf7a
30.0 4.0 Truck -1.0 -1.0 -1.0 -1.0 -1.0 -1.0 -1.0 2.749 3.078 8.702 306.284 1.39 666.483 2.780937816954067 0.0 0 fe355783-d15a-4b4b-94db-fd7f9f02
31.0 99.0 Car -1.0 -1.0 -1.0 -1.0 -1.0 -1.0 -1.0 1.73 1.562 4.084 309.188 0.0 668.667 2.6772785733994358 1.0 4 0444e8ef-15a2-412a-ace6-51dddf7a
31.0 4.0 Truck -1.0 -1.0 -1.0 -1.0 -1.0 -1.0 -1.0 2.749 3.078 8.702 306.235 1.398 666.491 2.780937816954067 0.0 0 fe355783-d15a-4b4b-94db-fd7f9f02
32.0 99.0 Car -1.0 -1.0 -1.0 -1.0 -1.0 -1.0 -1.0 1.73 1.562 4.084 309.187 0.0 668.667 2.677389514752486 1.0 4 0444e8ef-15a2-412a-ace6-51dddf7a
32.0 4.0 Truck -1.0 -1.0 -1.0 -1.0 -1.0 -1.0 -1.0 2.749 3.078 8.702 306.187 1.407 666.498 2.780937816954067 0.0 0 fe355783-d15a-4b4b-94db-fd7f9f02
33.0 99.0 Car -1.0 -1.0 -1.0 -1.0 -1.0 -1.0 -1.0 1.73 1.562 4.084 309.188 0.0 668.667 2.6772828346603004 1.0 4 0444e8ef-15a2-412a-ace6-51dddf7a
33.0 4.0 Truck -1.0 -1.0 -1.0 -1.0 -1.0 -1.0 -1.0 2.749 3.078 8.702 306.18 1.416 666.49 2.780937816954067 0.0 0 fe355783-d15a-4b4b-94db-fd7f9f02
34.0 99.0 Car -1.0 -1.0 -1.0 -1.0 -1.0 -1.0 -1.0 1.73 1.562 4.084 309.188 0.0 668.667 2.677274523098904 1.0 4 0444e8ef-15a2-412a-ace6-51dddf7a
34.0 4.0 Truck -1.0 -1.0 -1.0 -1.0 -1.0 -1.0 -1.0 2.749 3.078 8.702 306.173 1.424 666.482 2.780937816954067 0.0 0 fe355783-d15a-4b4b-94db-fd7f9f02
35.0 99.0 Car -1.0 -1.0 -1.0 -1.0 -1.0 -1.0 -1.0 1.73 1.562 4.084 309.188 0.0 668.668 2.677270932834135 1.0 4 0444e8ef-15a2-412a-ace6-51dddf7a
35.0 4.0 Truck -1.0 -1.0 -1.0 -1.0 -1.0 -1.0 -1.0 2.749 3.078 8.702 306.166 1.433 666.474 2.780937816954067 0.0 0 fe355783-d15a-4b4b-94db-fd7f9f02
