0.0 99.0 Car -1.0 -1.0 -1.0 -1.0 -1.0 -1.0 -1.0 1.73 1.562 4.084 1780.7472301825842 0.0 866.4572395051699 0.02423093852184843 1.0
0.0 0.0 Car -1.0 -1.0 -1.0 -1.0 -1.0 -1.0 -1.0 2.026 1.743 4.617 1748.91 1.102 865.361 0.05724798760459304 0.0
1.0 99.0 Car -1.0 -1.0 -1.0 -1.0 -1.0 -1.0 -1.0 1.73 1.562 4.084 1784.5635518454678 0.0 866.5298070596876 0.025796948886061724 1.0
1.0 0.0 Car -1.0 -1.0 -1.0 -1.0 -1.0 -1.0 -1.0 2.026 1.743 4.617 1752.336 1.096 865.549 0.050915464197260674 0.0
2.0 99.0 Car -1.0 -1.0 -1.0 -1.0 -1.0 -1.0 -1.0 1.73 1.562 4.084 1788.8689105802796 0.0 866.6066845692669 0.028504481496932337 1.0
2.0 0.0 Car -1.0 -1.0 -1.0 -1.0 -1.0 -1.0 -1.0 2.026 1.743 4.617 1756.141 1.089 865.758 0.04388298951016557 0.0
3.0 99.0 Car -1.0 -1.0 -1.0 -1.0 -1.0 -1.0 -1.0 1.73 1.562 4.084 1792.2954929032635 0.0 866.6791119495808 0.03164172827711395 1.0
3.0 0.0 Car -1.0 -1.0 -1.0 -1.0 -1.0 -1.0 -1.0 2.026 1.743 4.617 1759.184 1.084 865.926 0.038258380007196065 1.0
4.0 99.0 Car -1.0 -1.0 -1.0 -1.0 -1.0 -1.0 -1.0 1.73 1.562 4.084 1795.704828912833 0.0 866.7648180512533 0.033696869111327354 1.0
4.0 0.0 Car -1.0 -1.0 -1.0 -1.0 -1.0 -1.0 -1.0 2.026 1.743 4.617 1762.18 1.077 866.031 0.04070604377588528 1.0
5.0 99.0 Car -1.0 -1.0 -1.0 -1.0 -1.0 -1.0 -1.0 1.73 1.562 4.084 1800.0407293277067 0.0 866.8646544736707 0.03657481335062443 1.0
5.0 0.0 Car -1.0 -1.0 -1.0 -1.0 -1.0 -1.0 -1.0 2.026 1.743 4.617 1765.926 1.068 866.162 0.04376665360445963 1.0
6.0 99.0 Car -1.0 -1.0 -1.0 -1.0 -1.0 -1.0 -1.0 1.73 1.562 4.084 1804.249911570257 0.0 866.9787420253247 0.040652440703953324 1.0
6.0 0.0 Car -1.0 -1.0 -1.0 -1.0 -1.0 -1.0 -1.0 2.026 1.743 4.617 1769.672 1.059 866.294 0.0468271838399863 1.0
7.0 99.0 Car -1.0 -1.0 -1.0 -1.0 -1.0 -1.0 -1.0 1.73 1.562 4.084 1807.9908434635045 0.0 867.0978947948428 0.04289687951098629 1.0
7.0 0.0 Car -1.0 -1.0 -1.0 -1.0 -1.0 -1.0 -1.0 2.026 1.743 4.617 1773.183 1.061 866.437 0.04411142390840573 1.0
8.0 99.0 Car -1.0 -1.0 -1.0 -1.0 -1.0 -1.0 -1.0 1.73 1.562 4.084 1812.2423806055554 0.0 867.254283037146 0.047662194153731206 1.0
8.0 0.0 Car -1.0 -1.0 -1.0 -1.0 -1.0 -1.0 -1.0 2.026 1.743 4.617 1777.087 1.064 866.597 0.041091994273505746 1.0
9.0 99.0 Car -1.0 -1.0 -1.0 -1.0 -1.0 -1.0 -1.0 1.73 1.562 4.084 1816.5725820362168 0.0 867.4421391542119 0.049759219412492846 1.0
9.0 0.0 Car -1.0 -1.0 -1.0 -1.0 -1.0 -1.0 -1.0 2.026 1.743 4.617 1780.99 1.067 866.756 0.03807279390524987 1.0
10.0 99.0 Car -1.0 -1.0 -1.0 -1.0 -1.0 -1.0 -1.0 1.73 1.562 4.084 1820.8160438120092 0.0 867.6059870963394 0.042912654226297337 1.0
10.0 0.0 Car -1.0 -1.0 -1.0 -1.0 -1.0 -1.0 -1.0 2.026 1.743 4.617 1784.894 1.07 866.916 0.03505334617035172 1.0
11.0 99.0 Car -1.0 -1.0 -1.0 -1.0 -1.0 -1.0 -1.0 1.73 1.562 4.084 1825.0719423430685 0.0 867.7198389085164 0.03372990996391765 1.0
11.0 0.0 Car -1.0 -1.0 -1.0 -1.0 -1.0 -1.0 -1.0 2.026 1.743 4.617 1788.793 1.072 867.075 0.03203747620176678 1.0
12.0 99.0 Car -1.0 -1.0 -1.0 -1.0 -1.0 -1.0 -1.0 1.73 1.562 4.084 1829.2335217416226 0.0 867.7960511826345 0.024673363421948497 1.0
12.0 0.0 Car -1.0 -1.0 -1.0 -1.0 -1.0 -1.0 -1.0 2.026 1.743 4.617 1792.692 1.122 867.224 0.02902131059987756 1.0
13.0 99.0 Car -1.0 -1.0 -1.0 -1.0 -1.0 -1.0 -1.0 1.73 1.562 4.084 1833.2167486089202 0.0 867.8457338455515 0.016153591634148607 1.0
13.0 0.0 Car -1.0 -1.0 -1.0 -1.0 -1.0 -1.0 -1.0 2.026 1.743 4.617 1796.587 1.172 867.372 0.026008909797616386 1.0
14.0 99.0 Car -1.0 -1.0 -1.0 -1.0 -1.0 -1.0 -1.0 1.73 1.562 4.084 1837.1944271283 0.0 867.8579971366883 0.010733948888289728 1.0
14.0 0.0 Car -1.0 -1.0 -1.0 -1.0 -1.0 -1.0 -1.0 2.026 1.743 4.617 1800.482 1.222 867.521 0.0229962314620491 1.0
15.0 99.0 Car -1.0 -1.0 -1.0 -1.0 -1.0 -1.0 -1.0 1.73 1.562 4.084 1841.2909784876638 0.0 867.8931947721958 0.012249053323436926 1.0
15.0 0.0 Car -1.0 -1.0 -1.0 -1.0 -1.0 -1.0 -1.0 2.026 1.743 4.617 1804.348 1.193 867.596 0.01998351692648548 1.0
16.0 99.0 Car -1.0 -1.0 -1.0 -1.0 -1.0 -1.0 -1.0 1.73 1.562 4.084 1845.5209073592832 0.0 867.9179640766125 0.011203872218712236 1.0
16.0 0.0 Car -1.0 -1.0 -1.0 -1.0 -1.0 -1.0 -1.0 2.026 1.743 4.617 1808.276 1.214 867.672 0.016970941157574918 1.0
17.0 99.0 Car -1.0 -1.0 -1.0 -1.0 -1.0 -1.0 -1.0 1.73 1.562 4.084 1849.937175243823 0.0 867.9356417963514 0.014250060857613428 1.0
17.0 0.0 Car -1.0 -1.0 -1.0 -1.0 -1.0 -1.0 -1.0 2.026 1.743 4.617 1812.297 1.194 867.768 0.01790991456830637 1.0
18.0 99.0 Car -1.0 -1.0 -1.0 -1.0 -1.0 -1.0 -1.0 1.73 1.562 4.084 1854.5194429028056 0.0 867.9924953013535 0.028449952372279323 1.0
18.0 0.0 Car -1.0 -1.0 -1.0 -1.0 -1.0 -1.0 -1.0 2.026 1.743 4.617 1816.717 1.173 867.874 0.018942293956846216 1.0
19.0 99.0 Car -1.0 -1.0 -1.0 -1.0 -1.0 -1.0 -1.0 1.73 1.562 4.084 1858.145862437229 0.0 868.0969094740414 0.03981892687725588 1.0
19.0 0.0 Car -1.0 -1.0 -1.0 -1.0 -1.0 -1.0 -1.0 2.026 1.743 4.617 1820.738 1.154 867.919 0.01988128802887701 1.0
20.0 99.0 Car -1.0 -1.0 -1.0 -1.0 -1.0 -1.0 -1.0 1.73 1.562 4.084 1861.3694548951328 0.0 868.210032166727 0.05018152550745042 1.0
20.0 0.0 Car -1.0 -1.0 -1.0 -1.0 -1.0 -1.0 -1.0 2.026 1.743 4.617 1824.763 1.134 867.964 0.020821226885778588 1.0
21.0 99.0 Car -1.0 -1.0 -1.0 -1.0 -1.0 -1.0 -1.0 1.73 1.562 4.084 1864.4729052510552 0.0 868.3551712607241 0.05781129696565633 1.0
21.0 0.0 Car -1.0 -1.0 -1.0 -1.0 -1.0 -1.0 -1.0 2.026 1.743 4.617 1828.784 1.115 868.009 0.021760198418210083 1.0
22.0 99.0 Car -1.0 -1.0 -1.0 -1.0 -1.0 -1.0 -1.0 1.73 1.562 4.084 1867.6725232591834 0.0 868.5380187380114 0.0617361456474733 1.0
22.0 0.0 Car -1.0 -1.0 -1.0 -1.0 -1.0 -1.0 -1.0 2.026 1.743 4.617 1832.844 1.119 868.066 0.016840408440181864 1.0
23.0 99.0 Car -1.0 -1.0 -1.0 -1.0 -1.0 -1.0 -1.0 1.73 1.562 4.084 1871.090655373585 0.0 868.7138685944242 0.053378852010099224 1.0
23.0 0.0 Car -1.0 -1.0 -1.0 -1.0 -1.0 -1.0 -1.0 2.026 1.743 4.617 1836.905 1.124 868.123 0.01192059880009966 1.0
24.0 99.0 Car -1.0 -1.0 -1.0 -1.0 -1.0 -1.0 -1.0 1.73 1.562 4.084 1874.9056328259087 0.0 868.8800735570405 0.04152078902907926 1.0
24.0 0.0 Car -1.0 -1.0 -1.0 -1.0 -1.0 -1.0 -1.0 2.026 1.743 4.617 1841.197 1.129 868.214 0.017742786698599078 1.0
25.0 99.0 Car -1.0 -1.0 -1.0 -1.0 -1.0 -1.0 -1.0 1.73 1.562 4.084 1878.9759425969382 0.0 869.0120191895268 0.027334700370318193 1.0
25.0 0.0 Car -1.0 -1.0 -1.0 -1.0 -1.0 -1.0 -1.0 2.026 1.743 4.617 1845.485 1.135 868.304 0.023558118210428303 1.0
26.0 99.0 Car -1.0 -1.0 -1.0 -1.0 -1.0 -1.0 -1.0 1.73 1.562 4.084 1883.2112886605798 0.0 869.0956735916802 0.020105684281062682 1.0
26.0 0.0 Car -1.0 -1.0 -1.0 -1.0 -1.0 -1.0 -1.0 2.026 1.743 4.617 1849.773 1.14 868.394 0.029373891320042977 0.0
27.0 99.0 Car -1.0 -1.0 -1.0 -1.0 -1.0 -1.0 -1.0 1.73 1.562 4.084 1887.5142567626572 0.0 869.1726905442102 0.02084989005724793 1.0
27.0 0.0 Car -1.0 -1.0 -1.0 -1.0 -1.0 -1.0 -1.0 2.026 1.743 4.617 1853.875 1.152 868.474 0.02587785258794151 0.0
28.0 99.0 Car -1.0 -1.0 -1.0 -1.0 -1.0 -1.0 -1.0 1.73 1.562 4.084 1891.7640783519962 0.0 869.2293208161336 0.020033460166293354 1.0
28.0 0.0 Car -1.0 -1.0 -1.0 -1.0 -1.0 -1.0 -1.0 2.026 1.743 4.617 1857.972 1.164 868.553 0.022385610021979252 0.0
29.0 99.0 Car -1.0 -1.0 -1.0 -1.0 -1.0 -1.0 -1.0 1.73 1.562 4.084 1895.9374116302272 0.0 869.2849437273817 0.0199003251423857 1.0
29.0 0.0 Car -1.0 -1.0 -1.0 -1.0 -1.0 -1.0 -1.0 2.026 1.743 4.617 1862.069 1.176 868.633 0.018893409325496657 0.0
30.0 99.0 Car -1.0 -1.0 -1.0 -1.0 -1.0 -1.0 -1.0 1.73 1.562 4.084 1900.1124797426455 0.0 869.327928104564 0.018466820243323766 1.0
30.0 0.0 Car -1.0 -1.0 -1.0 -1.0 -1.0 -1.0 -1.0 2.026 1.743 4.617 1866.168 1.189 868.712 0.015399854849177386 0.0
31.0 99.0 Car -1.0 -1.0 -1.0 -1.0 -1.0 -1.0 -1.0 1.73 1.562 4.084 1904.4052373811014 0.0 869.3742498508567 0.018439266722449523 1.0
31.0 0.0 Car -1.0 -1.0 -1.0 -1.0 -1.0 -1.0 -1.0 2.026 1.743 4.617 1870.25 1.201 868.792 0.01192059880009966 0.0
32.0 99.0 Car -1.0 -1.0 -1.0 -1.0 -1.0 -1.0 -1.0 1.73 1.562 4.084 1908.8573384566855 0.0 869.4451552315238 0.022044447025252597 1.0
32.0 0.0 Car -1.0 -1.0 -1.0 -1.0 -1.0 -1.0 -1.0 2.026 1.743 4.617 1874.647 1.209 868.857 0.01648507695533863 0.0
33.0 99.0 Car -1.0 -1.0 -1.0 -1.0 -1.0 -1.0 -1.0 1.73 1.562 4.084 1912.8205707412353 0.0 869.5240587858315 0.024378057604742362 1.0
33.0 0.0 Car -1.0 -1.0 -1.0 -1.0 -1.0 -1.0 -1.0 2.026 1.743 4.617 1878.358 1.216 868.941 0.020594768295341574 0.0
34.0 99.0 Car -1.0 -1.0 -1.0 -1.0 -1.0 -1.0 -1.0 1.73 1.562 4.084 1917.233571291751 0.0 869.600789435801 0.028535028504859877 1.0
34.0 0.0 Car -1.0 -1.0 -1.0 -1.0 -1.0 -1.0 -1.0 2.026 1.743 4.617 1882.481 1.224 869.034 0.02515944756233801 0.0
35.0 99.0 Car -1.0 -1.0 -1.0 -1.0 -1.0 -1.0 -1.0 1.73 1.562 4.084 1922.0083909978352 0.0 869.7058228691328 0.03289641938151068 1.0
35.0 0.0 Car -1.0 -1.0 -1.0 -1.0 -1.0 -1.0 -1.0 2.026 1.743 4.617 1886.77 1.232 869.143 0.023561435722539548 0.0
36.0 99.0 Car -1.0 -1.0 -1.0 -1.0 -1.0 -1.0 -1.0 1.73 1.562 4.084 1926.4025569447613 0.0 869.8758476098222 0.040331360794100914 1.0
36.0 0.0 Car -1.0 -1.0 -1.0 -1.0 -1.0 -1.0 -1.0 2.026 1.743 4.617 1890.674 1.24 869.242 0.022106759838105502 0.0
37.0 99.0 Car -1.0 -1.0 -1.0 -1.0 -1.0 -1.0 -1.0 1.73 1.562 4.084 1930.8481795309813 0.0 870.0420091806884 0.04413386726109899 1.0
37.0 0.0 Car -1.0 -1.0 -1.0 -1.0 -1.0 -1.0 -1.0 2.026 1.743 4.617 1894.879 1.238 869.363 0.025747979350348338 0.0
